location,sex,age,cause,year,prevalence_rate
6,1,22,350,1990,0
6,1,22,350,1991,0
6,1,22,350,1992,0
6,1,22,350,1993,0
6,1,22,350,1994,0
6,1,22,350,1995,0
6,1,22,350,1996,0
6,1,22,350,1997,0
6,1,22,350,1998,0
6,1,22,350,1999,0
6,1,22,350,2000,0
6,1,22,350,2001,0
6,1,22,350,2002,0
6,1,22,350,2003,0
6,1,22,350,2004,0
6,1,22,350,2005,0
6,1,22,350,2006,0
6,1,22,350,2007,0
6,1,22,350,2008,0
6,1,22,350,2009,0
6,1,22,350,2010,0
6,1,22,350,2011,0
6,1,22,350,2012,0
6,1,22,350,2013,0
6,1,22,350,2014,0
6,1,22,350,2015,0
6,1,22,350,2016,0
6,1,27,350,1990,0
6,1,27,350,1991,0
6,1,27,350,1992,0
6,1,27,350,1993,0
6,1,27,350,1994,0
6,1,27,350,1995,0
6,1,27,350,1996,0
6,1,27,350,1997,0
6,1,27,350,1998,0
6,1,27,350,1999,0
6,1,27,350,2000,0
6,1,27,350,2001,0
6,1,27,350,2002,0
6,1,27,350,2003,0
6,1,27,350,2004,0
6,1,27,350,2005,0
6,1,27,350,2006,0
6,1,27,350,2007,0
6,1,27,350,2008,0
6,1,27,350,2009,0
6,1,27,350,2010,0
6,1,27,350,2011,0
6,1,27,350,2012,0
6,1,27,350,2013,0
6,1,27,350,2014,0
6,1,27,350,2015,0
6,1,27,350,2016,0
6,2,22,350,1990,0
6,2,22,350,1991,0
6,2,22,350,1992,0
6,2,22,350,1993,0
6,2,22,350,1994,0
6,2,22,350,1995,0
6,2,22,350,1996,0
6,2,22,350,1997,0
6,2,22,350,1998,0
6,2,22,350,1999,0
6,2,22,350,2000,0
6,2,22,350,2001,0
6,2,22,350,2002,0
6,2,22,350,2003,0
6,2,22,350,2004,0
6,2,22,350,2005,0
6,2,22,350,2006,0
6,2,22,350,2007,0
6,2,22,350,2008,0
6,2,22,350,2009,0
6,2,22,350,2010,0
6,2,22,350,2011,0
6,2,22,350,2012,0
6,2,22,350,2013,0
6,2,22,350,2014,0
6,2,22,350,2015,0
6,2,22,350,2016,0
6,2,27,350,1990,0
6,2,27,350,1991,0
6,2,27,350,1992,0
6,2,27,350,1993,0
6,2,27,350,1994,0
6,2,27,350,1995,0
6,2,27,350,1996,0
6,2,27,350,1997,0
6,2,27,350,1998,0
6,2,27,350,1999,0
6,2,27,350,2000,0
6,2,27,350,2001,0
6,2,27,350,2002,0
6,2,27,350,2003,0
6,2,27,350,2004,0
6,2,27,350,2005,0
6,2,27,350,2006,0
6,2,27,350,2007,0
6,2,27,350,2008,0
6,2,27,350,2009,0
6,2,27,350,2010,0
6,2,27,350,2011,0
6,2,27,350,2012,0
6,2,27,350,2013,0
6,2,27,350,2014,0
6,2,27,350,2015,0
6,2,27,350,2016,0
6,3,22,350,1990,0
6,3,22,350,1991,0
6,3,22,350,1992,0
6,3,22,350,1993,0
6,3,22,350,1994,0
6,3,22,350,1995,0
6,3,22,350,1996,0
6,3,22,350,1997,0
6,3,22,350,1998,0
6,3,22,350,1999,0
6,3,22,350,2000,0
6,3,22,350,2001,0
6,3,22,350,2002,0
6,3,22,350,2003,0
6,3,22,350,2004,0
6,3,22,350,2005,0
6,3,22,350,2006,0
6,3,22,350,2007,0
6,3,22,350,2008,0
6,3,22,350,2009,0
6,3,22,350,2010,0
6,3,22,350,2011,0
6,3,22,350,2012,0
6,3,22,350,2013,0
6,3,22,350,2014,0
6,3,22,350,2015,0
6,3,22,350,2016,0
6,3,27,350,1990,0
6,3,27,350,1991,0
6,3,27,350,1992,0
6,3,27,350,1993,0
6,3,27,350,1994,0
6,3,27,350,1995,0
6,3,27,350,1996,0
6,3,27,350,1997,0
6,3,27,350,1998,0
6,3,27,350,1999,0
6,3,27,350,2000,0
6,3,27,350,2001,0
6,3,27,350,2002,0
6,3,27,350,2003,0
6,3,27,350,2004,0
6,3,27,350,2005,0
6,3,27,350,2006,0
6,3,27,350,2007,0
6,3,27,350,2008,0
6,3,27,350,2009,0
6,3,27,350,2010,0
6,3,27,350,2011,0
6,3,27,350,2012,0
6,3,27,350,2013,0
6,3,27,350,2014,0
6,3,27,350,2015,0
6,3,27,350,2016,0
7,1,22,350,1990,0
7,1,22,350,1991,0
7,1,22,350,1992,0
7,1,22,350,1993,0
7,1,22,350,1994,0
7,1,22,350,1995,0
7,1,22,350,1996,0
7,1,22,350,1997,0
7,1,22,350,1998,0
7,1,22,350,1999,0
7,1,22,350,2000,0
7,1,22,350,2001,0
7,1,22,350,2002,0
7,1,22,350,2003,0
7,1,22,350,2004,0
7,1,22,350,2005,0
7,1,22,350,2006,0
7,1,22,350,2007,0
7,1,22,350,2008,0
7,1,22,350,2009,0
7,1,22,350,2010,0
7,1,22,350,2011,0
7,1,22,350,2012,0
7,1,22,350,2013,0
7,1,22,350,2014,0
7,1,22,350,2015,0
7,1,22,350,2016,0
7,1,27,350,1990,0
7,1,27,350,1991,0
7,1,27,350,1992,0
7,1,27,350,1993,0
7,1,27,350,1994,0
7,1,27,350,1995,0
7,1,27,350,1996,0
7,1,27,350,1997,0
7,1,27,350,1998,0
7,1,27,350,1999,0
7,1,27,350,2000,0
7,1,27,350,2001,0
7,1,27,350,2002,0
7,1,27,350,2003,0
7,1,27,350,2004,0
7,1,27,350,2005,0
7,1,27,350,2006,0
7,1,27,350,2007,0
7,1,27,350,2008,0
7,1,27,350,2009,0
7,1,27,350,2010,0
7,1,27,350,2011,0
7,1,27,350,2012,0
7,1,27,350,2013,0
7,1,27,350,2014,0
7,1,27,350,2015,0
7,1,27,350,2016,0
7,2,22,350,1990,0
7,2,22,350,1991,0
7,2,22,350,1992,0
7,2,22,350,1993,0
7,2,22,350,1994,0
7,2,22,350,1995,0
7,2,22,350,1996,0
7,2,22,350,1997,0
7,2,22,350,1998,0
7,2,22,350,1999,0
7,2,22,350,2000,0
7,2,22,350,2001,0
7,2,22,350,2002,0
7,2,22,350,2003,0
7,2,22,350,2004,0
7,2,22,350,2005,0
7,2,22,350,2006,0
7,2,22,350,2007,0
7,2,22,350,2008,0
7,2,22,350,2009,0
7,2,22,350,2010,0
7,2,22,350,2011,0
7,2,22,350,2012,0
7,2,22,350,2013,0
7,2,22,350,2014,0
7,2,22,350,2015,0
7,2,22,350,2016,0
7,2,27,350,1990,0
7,2,27,350,1991,0
7,2,27,350,1992,0
7,2,27,350,1993,0
7,2,27,350,1994,0
7,2,27,350,1995,0
7,2,27,350,1996,0
7,2,27,350,1997,0
7,2,27,350,1998,0
7,2,27,350,1999,0
7,2,27,350,2000,0
7,2,27,350,2001,0
7,2,27,350,2002,0
7,2,27,350,2003,0
7,2,27,350,2004,0
7,2,27,350,2005,0
7,2,27,350,2006,0
7,2,27,350,2007,0
7,2,27,350,2008,0
7,2,27,350,2009,0
7,2,27,350,2010,0
7,2,27,350,2011,0
7,2,27,350,2012,0
7,2,27,350,2013,0
7,2,27,350,2014,0
7,2,27,350,2015,0
7,2,27,350,2016,0
7,3,22,350,1990,0
7,3,22,350,1991,0
7,3,22,350,1992,0
7,3,22,350,1993,0
7,3,22,350,1994,0
7,3,22,350,1995,0
7,3,22,350,1996,0
7,3,22,350,1997,0
7,3,22,350,1998,0
7,3,22,350,1999,0
7,3,22,350,2000,0
7,3,22,350,2001,0
7,3,22,350,2002,0
7,3,22,350,2003,0
7,3,22,350,2004,0
7,3,22,350,2005,0
7,3,22,350,2006,0
7,3,22,350,2007,0
7,3,22,350,2008,0
7,3,22,350,2009,0
7,3,22,350,2010,0
7,3,22,350,2011,0
7,3,22,350,2012,0
7,3,22,350,2013,0
7,3,22,350,2014,0
7,3,22,350,2015,0
7,3,22,350,2016,0
7,3,27,350,1990,0
7,3,27,350,1991,0
7,3,27,350,1992,0
7,3,27,350,1993,0
7,3,27,350,1994,0
7,3,27,350,1995,0
7,3,27,350,1996,0
7,3,27,350,1997,0
7,3,27,350,1998,0
7,3,27,350,1999,0
7,3,27,350,2000,0
7,3,27,350,2001,0
7,3,27,350,2002,0
7,3,27,350,2003,0
7,3,27,350,2004,0
7,3,27,350,2005,0
7,3,27,350,2006,0
7,3,27,350,2007,0
7,3,27,350,2008,0
7,3,27,350,2009,0
7,3,27,350,2010,0
7,3,27,350,2011,0
7,3,27,350,2012,0
7,3,27,350,2013,0
7,3,27,350,2014,0
7,3,27,350,2015,0
7,3,27,350,2016,0
8,1,22,350,1990,0
8,1,22,350,1991,0
8,1,22,350,1992,0
8,1,22,350,1993,0
8,1,22,350,1994,0
8,1,22,350,1995,0
8,1,22,350,1996,0
8,1,22,350,1997,0
8,1,22,350,1998,0
8,1,22,350,1999,0
8,1,22,350,2000,0
8,1,22,350,2001,0
8,1,22,350,2002,0
8,1,22,350,2003,0
8,1,22,350,2004,0
8,1,22,350,2005,0
8,1,22,350,2006,0
8,1,22,350,2007,0
8,1,22,350,2008,0
8,1,22,350,2009,0
8,1,22,350,2010,0
8,1,22,350,2011,0
8,1,22,350,2012,0
8,1,22,350,2013,0
8,1,22,350,2014,0
8,1,22,350,2015,0
8,1,22,350,2016,0
8,1,27,350,1990,0
8,1,27,350,1991,0
8,1,27,350,1992,0
8,1,27,350,1993,0
8,1,27,350,1994,0
8,1,27,350,1995,0
8,1,27,350,1996,0
8,1,27,350,1997,0
8,1,27,350,1998,0
8,1,27,350,1999,0
8,1,27,350,2000,0
8,1,27,350,2001,0
8,1,27,350,2002,0
8,1,27,350,2003,0
8,1,27,350,2004,0
8,1,27,350,2005,0
8,1,27,350,2006,0
8,1,27,350,2007,0
8,1,27,350,2008,0
8,1,27,350,2009,0
8,1,27,350,2010,0
8,1,27,350,2011,0
8,1,27,350,2012,0
8,1,27,350,2013,0
8,1,27,350,2014,0
8,1,27,350,2015,0
8,1,27,350,2016,0
8,2,22,350,1990,0
8,2,22,350,1991,0
8,2,22,350,1992,0
8,2,22,350,1993,0
8,2,22,350,1994,0
8,2,22,350,1995,0
8,2,22,350,1996,0
8,2,22,350,1997,0
8,2,22,350,1998,0
8,2,22,350,1999,0
8,2,22,350,2000,0
8,2,22,350,2001,0
8,2,22,350,2002,0
8,2,22,350,2003,0
8,2,22,350,2004,0
8,2,22,350,2005,0
8,2,22,350,2006,0
8,2,22,350,2007,0
8,2,22,350,2008,0
8,2,22,350,2009,0
8,2,22,350,2010,0
8,2,22,350,2011,0
8,2,22,350,2012,0
8,2,22,350,2013,0
8,2,22,350,2014,0
8,2,22,350,2015,0
8,2,22,350,2016,0
8,2,27,350,1990,0
8,2,27,350,1991,0
8,2,27,350,1992,0
8,2,27,350,1993,0
8,2,27,350,1994,0
8,2,27,350,1995,0
8,2,27,350,1996,0
8,2,27,350,1997,0
8,2,27,350,1998,0
8,2,27,350,1999,0
8,2,27,350,2000,0
8,2,27,350,2001,0
8,2,27,350,2002,0
8,2,27,350,2003,0
8,2,27,350,2004,0
8,2,27,350,2005,0
8,2,27,350,2006,0
8,2,27,350,2007,0
8,2,27,350,2008,0
8,2,27,350,2009,0
8,2,27,350,2010,0
8,2,27,350,2011,0
8,2,27,350,2012,0
8,2,27,350,2013,0
8,2,27,350,2014,0
8,2,27,350,2015,0
8,2,27,350,2016,0
8,3,22,350,1990,0
8,3,22,350,1991,0
8,3,22,350,1992,0
8,3,22,350,1993,0
8,3,22,350,1994,0
8,3,22,350,1995,0
8,3,22,350,1996,0
8,3,22,350,1997,0
8,3,22,350,1998,0
8,3,22,350,1999,0
8,3,22,350,2000,0
8,3,22,350,2001,0
8,3,22,350,2002,0
8,3,22,350,2003,0
8,3,22,350,2004,0
8,3,22,350,2005,0
8,3,22,350,2006,0
8,3,22,350,2007,0
8,3,22,350,2008,0
8,3,22,350,2009,0
8,3,22,350,2010,0
8,3,22,350,2011,0
8,3,22,350,2012,0
8,3,22,350,2013,0
8,3,22,350,2014,0
8,3,22,350,2015,0
8,3,22,350,2016,0
8,3,27,350,1990,0
8,3,27,350,1991,0
8,3,27,350,1992,0
8,3,27,350,1993,0
8,3,27,350,1994,0
8,3,27,350,1995,0
8,3,27,350,1996,0
8,3,27,350,1997,0
8,3,27,350,1998,0
8,3,27,350,1999,0
8,3,27,350,2000,0
8,3,27,350,2001,0
8,3,27,350,2002,0
8,3,27,350,2003,0
8,3,27,350,2004,0
8,3,27,350,2005,0
8,3,27,350,2006,0
8,3,27,350,2007,0
8,3,27,350,2008,0
8,3,27,350,2009,0
8,3,27,350,2010,0
8,3,27,350,2011,0
8,3,27,350,2012,0
8,3,27,350,2013,0
8,3,27,350,2014,0
8,3,27,350,2015,0
8,3,27,350,2016,0
10,1,22,350,1990,0
10,1,22,350,1991,0
10,1,22,350,1992,0
10,1,22,350,1993,0
10,1,22,350,1994,0
10,1,22,350,1995,0
10,1,22,350,1996,0
10,1,22,350,1997,0
10,1,22,350,1998,0
10,1,22,350,1999,0
10,1,22,350,2000,0
10,1,22,350,2001,0
10,1,22,350,2002,0
10,1,22,350,2003,0
10,1,22,350,2004,0
10,1,22,350,2005,0
10,1,22,350,2006,0
10,1,22,350,2007,0
10,1,22,350,2008,0
10,1,22,350,2009,0
10,1,22,350,2010,0
10,1,22,350,2011,0
10,1,22,350,2012,0
10,1,22,350,2013,0
10,1,22,350,2014,0
10,1,22,350,2015,0
10,1,22,350,2016,0
10,1,27,350,1990,0
10,1,27,350,1991,0
10,1,27,350,1992,0
10,1,27,350,1993,0
10,1,27,350,1994,0
10,1,27,350,1995,0
10,1,27,350,1996,0
10,1,27,350,1997,0
10,1,27,350,1998,0
10,1,27,350,1999,0
10,1,27,350,2000,0
10,1,27,350,2001,0
10,1,27,350,2002,0
10,1,27,350,2003,0
10,1,27,350,2004,0
10,1,27,350,2005,0
10,1,27,350,2006,0
10,1,27,350,2007,0
10,1,27,350,2008,0
10,1,27,350,2009,0
10,1,27,350,2010,0
10,1,27,350,2011,0
10,1,27,350,2012,0
10,1,27,350,2013,0
10,1,27,350,2014,0
10,1,27,350,2015,0
10,1,27,350,2016,0
10,2,22,350,1990,0
10,2,22,350,1991,0
10,2,22,350,1992,0
10,2,22,350,1993,0
10,2,22,350,1994,0
10,2,22,350,1995,0
10,2,22,350,1996,0
10,2,22,350,1997,0
10,2,22,350,1998,0
10,2,22,350,1999,0
10,2,22,350,2000,0
10,2,22,350,2001,0
10,2,22,350,2002,0
10,2,22,350,2003,0
10,2,22,350,2004,0
10,2,22,350,2005,0
10,2,22,350,2006,0
10,2,22,350,2007,0
10,2,22,350,2008,0
10,2,22,350,2009,0
10,2,22,350,2010,0
10,2,22,350,2011,0
10,2,22,350,2012,0
10,2,22,350,2013,0
10,2,22,350,2014,0
10,2,22,350,2015,0
10,2,22,350,2016,0
10,2,27,350,1990,0
10,2,27,350,1991,0
10,2,27,350,1992,0
10,2,27,350,1993,0
10,2,27,350,1994,0
10,2,27,350,1995,0
10,2,27,350,1996,0
10,2,27,350,1997,0
10,2,27,350,1998,0
10,2,27,350,1999,0
10,2,27,350,2000,0
10,2,27,350,2001,0
10,2,27,350,2002,0
10,2,27,350,2003,0
10,2,27,350,2004,0
10,2,27,350,2005,0
10,2,27,350,2006,0
10,2,27,350,2007,0
10,2,27,350,2008,0
10,2,27,350,2009,0
10,2,27,350,2010,0
10,2,27,350,2011,0
10,2,27,350,2012,0
10,2,27,350,2013,0
10,2,27,350,2014,0
10,2,27,350,2015,0
10,2,27,350,2016,0
10,3,22,350,1990,0
10,3,22,350,1991,0
10,3,22,350,1992,0
10,3,22,350,1993,0
10,3,22,350,1994,0
10,3,22,350,1995,0
10,3,22,350,1996,0
10,3,22,350,1997,0
10,3,22,350,1998,0
10,3,22,350,1999,0
10,3,22,350,2000,0
10,3,22,350,2001,0
10,3,22,350,2002,0
10,3,22,350,2003,0
10,3,22,350,2004,0
10,3,22,350,2005,0
10,3,22,350,2006,0
10,3,22,350,2007,0
10,3,22,350,2008,0
10,3,22,350,2009,0
10,3,22,350,2010,0
10,3,22,350,2011,0
10,3,22,350,2012,0
10,3,22,350,2013,0
10,3,22,350,2014,0
10,3,22,350,2015,0
10,3,22,350,2016,0
10,3,27,350,1990,0
10,3,27,350,1991,0
10,3,27,350,1992,0
10,3,27,350,1993,0
10,3,27,350,1994,0
10,3,27,350,1995,0
10,3,27,350,1996,0
10,3,27,350,1997,0
10,3,27,350,1998,0
10,3,27,350,1999,0
10,3,27,350,2000,0
10,3,27,350,2001,0
10,3,27,350,2002,0
10,3,27,350,2003,0
10,3,27,350,2004,0
10,3,27,350,2005,0
10,3,27,350,2006,0
10,3,27,350,2007,0
10,3,27,350,2008,0
10,3,27,350,2009,0
10,3,27,350,2010,0
10,3,27,350,2011,0
10,3,27,350,2012,0
10,3,27,350,2013,0
10,3,27,350,2014,0
10,3,27,350,2015,0
10,3,27,350,2016,0
11,1,22,350,1990,0
11,1,22,350,1991,0
11,1,22,350,1992,0
11,1,22,350,1993,0
11,1,22,350,1994,0
11,1,22,350,1995,0
11,1,22,350,1996,0
11,1,22,350,1997,0
11,1,22,350,1998,0
11,1,22,350,1999,0
11,1,22,350,2000,0
11,1,22,350,2001,0
11,1,22,350,2002,0
11,1,22,350,2003,0
11,1,22,350,2004,0
11,1,22,350,2005,0
11,1,22,350,2006,0
11,1,22,350,2007,0
11,1,22,350,2008,0
11,1,22,350,2009,0
11,1,22,350,2010,0
11,1,22,350,2011,0
11,1,22,350,2012,0
11,1,22,350,2013,0
11,1,22,350,2014,0
11,1,22,350,2015,0
11,1,22,350,2016,0
11,1,27,350,1990,0
11,1,27,350,1991,0
11,1,27,350,1992,0
11,1,27,350,1993,0
11,1,27,350,1994,0
11,1,27,350,1995,0
11,1,27,350,1996,0
11,1,27,350,1997,0
11,1,27,350,1998,0
11,1,27,350,1999,0
11,1,27,350,2000,0
11,1,27,350,2001,0
11,1,27,350,2002,0
11,1,27,350,2003,0
11,1,27,350,2004,0
11,1,27,350,2005,0
11,1,27,350,2006,0
11,1,27,350,2007,0
11,1,27,350,2008,0
11,1,27,350,2009,0
11,1,27,350,2010,0
11,1,27,350,2011,0
11,1,27,350,2012,0
11,1,27,350,2013,0
11,1,27,350,2014,0
11,1,27,350,2015,0
11,1,27,350,2016,0
11,2,22,350,1990,0
11,2,22,350,1991,0
11,2,22,350,1992,0
11,2,22,350,1993,0
11,2,22,350,1994,0
11,2,22,350,1995,0
11,2,22,350,1996,0
11,2,22,350,1997,0
11,2,22,350,1998,0
11,2,22,350,1999,0
11,2,22,350,2000,0
11,2,22,350,2001,0
11,2,22,350,2002,0
11,2,22,350,2003,0
11,2,22,350,2004,0
11,2,22,350,2005,0
11,2,22,350,2006,0
11,2,22,350,2007,0
11,2,22,350,2008,0
11,2,22,350,2009,0
11,2,22,350,2010,0
11,2,22,350,2011,0
11,2,22,350,2012,0
11,2,22,350,2013,0
11,2,22,350,2014,0
11,2,22,350,2015,0
11,2,22,350,2016,0
11,2,27,350,1990,0
11,2,27,350,1991,0
11,2,27,350,1992,0
11,2,27,350,1993,0
11,2,27,350,1994,0
11,2,27,350,1995,0
11,2,27,350,1996,0
11,2,27,350,1997,0
11,2,27,350,1998,0
11,2,27,350,1999,0
11,2,27,350,2000,0
11,2,27,350,2001,0
11,2,27,350,2002,0
11,2,27,350,2003,0
11,2,27,350,2004,0
11,2,27,350,2005,0
11,2,27,350,2006,0
11,2,27,350,2007,0
11,2,27,350,2008,0
11,2,27,350,2009,0
11,2,27,350,2010,0
11,2,27,350,2011,0
11,2,27,350,2012,0
11,2,27,350,2013,0
11,2,27,350,2014,0
11,2,27,350,2015,0
11,2,27,350,2016,0
11,3,22,350,1990,0
11,3,22,350,1991,0
11,3,22,350,1992,0
11,3,22,350,1993,0
11,3,22,350,1994,0
11,3,22,350,1995,0
11,3,22,350,1996,0
11,3,22,350,1997,0
11,3,22,350,1998,0
11,3,22,350,1999,0
11,3,22,350,2000,0
11,3,22,350,2001,0
11,3,22,350,2002,0
11,3,22,350,2003,0
11,3,22,350,2004,0
11,3,22,350,2005,0
11,3,22,350,2006,0
11,3,22,350,2007,0
11,3,22,350,2008,0
11,3,22,350,2009,0
11,3,22,350,2010,0
11,3,22,350,2011,0
11,3,22,350,2012,0
11,3,22,350,2013,0
11,3,22,350,2014,0
11,3,22,350,2015,0
11,3,22,350,2016,0
11,3,27,350,1990,0
11,3,27,350,1991,0
11,3,27,350,1992,0
11,3,27,350,1993,0
11,3,27,350,1994,0
11,3,27,350,1995,0
11,3,27,350,1996,0
11,3,27,350,1997,0
11,3,27,350,1998,0
11,3,27,350,1999,0
11,3,27,350,2000,0
11,3,27,350,2001,0
11,3,27,350,2002,0
11,3,27,350,2003,0
11,3,27,350,2004,0
11,3,27,350,2005,0
11,3,27,350,2006,0
11,3,27,350,2007,0
11,3,27,350,2008,0
11,3,27,350,2009,0
11,3,27,350,2010,0
11,3,27,350,2011,0
11,3,27,350,2012,0
11,3,27,350,2013,0
11,3,27,350,2014,0
11,3,27,350,2015,0
11,3,27,350,2016,0
12,1,22,350,1990,0
12,1,22,350,1991,0
12,1,22,350,1992,0
12,1,22,350,1993,0
12,1,22,350,1994,0
12,1,22,350,1995,0
12,1,22,350,1996,0
12,1,22,350,1997,0
12,1,22,350,1998,0
12,1,22,350,1999,0
12,1,22,350,2000,0
12,1,22,350,2001,0
12,1,22,350,2002,0
12,1,22,350,2003,0
12,1,22,350,2004,0
12,1,22,350,2005,0
12,1,22,350,2006,0
12,1,22,350,2007,0
12,1,22,350,2008,0
12,1,22,350,2009,0
12,1,22,350,2010,0
12,1,22,350,2011,0
12,1,22,350,2012,0
12,1,22,350,2013,0
12,1,22,350,2014,0
12,1,22,350,2015,0
12,1,22,350,2016,0
12,1,27,350,1990,0
12,1,27,350,1991,0
12,1,27,350,1992,0
12,1,27,350,1993,0
12,1,27,350,1994,0
12,1,27,350,1995,0
12,1,27,350,1996,0
12,1,27,350,1997,0
12,1,27,350,1998,0
12,1,27,350,1999,0
12,1,27,350,2000,0
12,1,27,350,2001,0
12,1,27,350,2002,0
12,1,27,350,2003,0
12,1,27,350,2004,0
12,1,27,350,2005,0
12,1,27,350,2006,0
12,1,27,350,2007,0
12,1,27,350,2008,0
12,1,27,350,2009,0
12,1,27,350,2010,0
12,1,27,350,2011,0
12,1,27,350,2012,0
12,1,27,350,2013,0
12,1,27,350,2014,0
12,1,27,350,2015,0
12,1,27,350,2016,0
12,2,22,350,1990,0
12,2,22,350,1991,0
12,2,22,350,1992,0
12,2,22,350,1993,0
12,2,22,350,1994,0
12,2,22,350,1995,0
12,2,22,350,1996,0
12,2,22,350,1997,0
12,2,22,350,1998,0
12,2,22,350,1999,0
12,2,22,350,2000,0
12,2,22,350,2001,0
12,2,22,350,2002,0
12,2,22,350,2003,0
12,2,22,350,2004,0
12,2,22,350,2005,0
12,2,22,350,2006,0
12,2,22,350,2007,0
12,2,22,350,2008,0
12,2,22,350,2009,0
12,2,22,350,2010,0
12,2,22,350,2011,0
12,2,22,350,2012,0
12,2,22,350,2013,0
12,2,22,350,2014,0
12,2,22,350,2015,0
12,2,22,350,2016,0
12,2,27,350,1990,0
12,2,27,350,1991,0
12,2,27,350,1992,0
12,2,27,350,1993,0
12,2,27,350,1994,0
12,2,27,350,1995,0
12,2,27,350,1996,0
12,2,27,350,1997,0
12,2,27,350,1998,0
12,2,27,350,1999,0
12,2,27,350,2000,0
12,2,27,350,2001,0
12,2,27,350,2002,0
12,2,27,350,2003,0
12,2,27,350,2004,0
12,2,27,350,2005,0
12,2,27,350,2006,0
12,2,27,350,2007,0
12,2,27,350,2008,0
12,2,27,350,2009,0
12,2,27,350,2010,0
12,2,27,350,2011,0
12,2,27,350,2012,0
12,2,27,350,2013,0
12,2,27,350,2014,0
12,2,27,350,2015,0
12,2,27,350,2016,0
12,3,22,350,1990,0
12,3,22,350,1991,0
12,3,22,350,1992,0
12,3,22,350,1993,0
12,3,22,350,1994,0
12,3,22,350,1995,0
12,3,22,350,1996,0
12,3,22,350,1997,0
12,3,22,350,1998,0
12,3,22,350,1999,0
12,3,22,350,2000,0
12,3,22,350,2001,0
12,3,22,350,2002,0
12,3,22,350,2003,0
12,3,22,350,2004,0
12,3,22,350,2005,0
12,3,22,350,2006,0
12,3,22,350,2007,0
12,3,22,350,2008,0
12,3,22,350,2009,0
12,3,22,350,2010,0
12,3,22,350,2011,0
12,3,22,350,2012,0
12,3,22,350,2013,0
12,3,22,350,2014,0
12,3,22,350,2015,0
12,3,22,350,2016,0
12,3,27,350,1990,0
12,3,27,350,1991,0
12,3,27,350,1992,0
12,3,27,350,1993,0
12,3,27,350,1994,0
12,3,27,350,1995,0
12,3,27,350,1996,0
12,3,27,350,1997,0
12,3,27,350,1998,0
12,3,27,350,1999,0
12,3,27,350,2000,0
12,3,27,350,2001,0
12,3,27,350,2002,0
12,3,27,350,2003,0
12,3,27,350,2004,0
12,3,27,350,2005,0
12,3,27,350,2006,0
12,3,27,350,2007,0
12,3,27,350,2008,0
12,3,27,350,2009,0
12,3,27,350,2010,0
12,3,27,350,2011,0
12,3,27,350,2012,0
12,3,27,350,2013,0
12,3,27,350,2014,0
12,3,27,350,2015,0
12,3,27,350,2016,0
13,1,22,350,1990,0
13,1,22,350,1991,0
13,1,22,350,1992,0
13,1,22,350,1993,0
13,1,22,350,1994,0
13,1,22,350,1995,0
13,1,22,350,1996,0
13,1,22,350,1997,0
13,1,22,350,1998,0
13,1,22,350,1999,0
13,1,22,350,2000,0
13,1,22,350,2001,0
13,1,22,350,2002,0
13,1,22,350,2003,0
13,1,22,350,2004,0
13,1,22,350,2005,0
13,1,22,350,2006,0
13,1,22,350,2007,0
13,1,22,350,2008,0
13,1,22,350,2009,0
13,1,22,350,2010,0
13,1,22,350,2011,0
13,1,22,350,2012,0
13,1,22,350,2013,0
13,1,22,350,2014,0
13,1,22,350,2015,0
13,1,22,350,2016,0
13,1,27,350,1990,0
13,1,27,350,1991,0
13,1,27,350,1992,0
13,1,27,350,1993,0
13,1,27,350,1994,0
13,1,27,350,1995,0
13,1,27,350,1996,0
13,1,27,350,1997,0
13,1,27,350,1998,0
13,1,27,350,1999,0
13,1,27,350,2000,0
13,1,27,350,2001,0
13,1,27,350,2002,0
13,1,27,350,2003,0
13,1,27,350,2004,0
13,1,27,350,2005,0
13,1,27,350,2006,0
13,1,27,350,2007,0
13,1,27,350,2008,0
13,1,27,350,2009,0
13,1,27,350,2010,0
13,1,27,350,2011,0
13,1,27,350,2012,0
13,1,27,350,2013,0
13,1,27,350,2014,0
13,1,27,350,2015,0
13,1,27,350,2016,0
13,2,22,350,1990,0
13,2,22,350,1991,0
13,2,22,350,1992,0
13,2,22,350,1993,0
13,2,22,350,1994,0
13,2,22,350,1995,0
13,2,22,350,1996,0
13,2,22,350,1997,0
13,2,22,350,1998,0
13,2,22,350,1999,0
13,2,22,350,2000,0
13,2,22,350,2001,0
13,2,22,350,2002,0
13,2,22,350,2003,0
13,2,22,350,2004,0
13,2,22,350,2005,0
13,2,22,350,2006,0
13,2,22,350,2007,0
13,2,22,350,2008,0
13,2,22,350,2009,0
13,2,22,350,2010,0
13,2,22,350,2011,0
13,2,22,350,2012,0
13,2,22,350,2013,0
13,2,22,350,2014,0
13,2,22,350,2015,0
13,2,22,350,2016,0
13,2,27,350,1990,0
13,2,27,350,1991,0
13,2,27,350,1992,0
13,2,27,350,1993,0
13,2,27,350,1994,0
13,2,27,350,1995,0
13,2,27,350,1996,0
13,2,27,350,1997,0
13,2,27,350,1998,0
13,2,27,350,1999,0
13,2,27,350,2000,0
13,2,27,350,2001,0
13,2,27,350,2002,0
13,2,27,350,2003,0
13,2,27,350,2004,0
13,2,27,350,2005,0
13,2,27,350,2006,0
13,2,27,350,2007,0
13,2,27,350,2008,0
13,2,27,350,2009,0
13,2,27,350,2010,0
13,2,27,350,2011,0
13,2,27,350,2012,0
13,2,27,350,2013,0
13,2,27,350,2014,0
13,2,27,350,2015,0
13,2,27,350,2016,0
13,3,22,350,1990,0
13,3,22,350,1991,0
13,3,22,350,1992,0
13,3,22,350,1993,0
13,3,22,350,1994,0
13,3,22,350,1995,0
13,3,22,350,1996,0
13,3,22,350,1997,0
13,3,22,350,1998,0
13,3,22,350,1999,0
13,3,22,350,2000,0
13,3,22,350,2001,0
13,3,22,350,2002,0
13,3,22,350,2003,0
13,3,22,350,2004,0
13,3,22,350,2005,0
13,3,22,350,2006,0
13,3,22,350,2007,0
13,3,22,350,2008,0
13,3,22,350,2009,0
13,3,22,350,2010,0
13,3,22,350,2011,0
13,3,22,350,2012,0
13,3,22,350,2013,0
13,3,22,350,2014,0
13,3,22,350,2015,0
13,3,22,350,2016,0
13,3,27,350,1990,0
13,3,27,350,1991,0
13,3,27,350,1992,0
13,3,27,350,1993,0
13,3,27,350,1994,0
13,3,27,350,1995,0
13,3,27,350,1996,0
13,3,27,350,1997,0
13,3,27,350,1998,0
13,3,27,350,1999,0
13,3,27,350,2000,0
13,3,27,350,2001,0
13,3,27,350,2002,0
13,3,27,350,2003,0
13,3,27,350,2004,0
13,3,27,350,2005,0
13,3,27,350,2006,0
13,3,27,350,2007,0
13,3,27,350,2008,0
13,3,27,350,2009,0
13,3,27,350,2010,0
13,3,27,350,2011,0
13,3,27,350,2012,0
13,3,27,350,2013,0
13,3,27,350,2014,0
13,3,27,350,2015,0
13,3,27,350,2016,0
14,1,22,350,1990,0
14,1,22,350,1991,0
14,1,22,350,1992,0
14,1,22,350,1993,0
14,1,22,350,1994,0
14,1,22,350,1995,0
14,1,22,350,1996,0
14,1,22,350,1997,0
14,1,22,350,1998,0
14,1,22,350,1999,0
14,1,22,350,2000,0
14,1,22,350,2001,0
14,1,22,350,2002,0
14,1,22,350,2003,0
14,1,22,350,2004,0
14,1,22,350,2005,0
14,1,22,350,2006,0
14,1,22,350,2007,0
14,1,22,350,2008,0
14,1,22,350,2009,0
14,1,22,350,2010,0
14,1,22,350,2011,0
14,1,22,350,2012,0
14,1,22,350,2013,0
14,1,22,350,2014,0
14,1,22,350,2015,0
14,1,22,350,2016,0
14,1,27,350,1990,0
14,1,27,350,1991,0
14,1,27,350,1992,0
14,1,27,350,1993,0
14,1,27,350,1994,0
14,1,27,350,1995,0
14,1,27,350,1996,0
14,1,27,350,1997,0
14,1,27,350,1998,0
14,1,27,350,1999,0
14,1,27,350,2000,0
14,1,27,350,2001,0
14,1,27,350,2002,0
14,1,27,350,2003,0
14,1,27,350,2004,0
14,1,27,350,2005,0
14,1,27,350,2006,0
14,1,27,350,2007,0
14,1,27,350,2008,0
14,1,27,350,2009,0
14,1,27,350,2010,0
14,1,27,350,2011,0
14,1,27,350,2012,0
14,1,27,350,2013,0
14,1,27,350,2014,0
14,1,27,350,2015,0
14,1,27,350,2016,0
14,2,22,350,1990,0
14,2,22,350,1991,0
14,2,22,350,1992,0
14,2,22,350,1993,0
14,2,22,350,1994,0
14,2,22,350,1995,0
14,2,22,350,1996,0
14,2,22,350,1997,0
14,2,22,350,1998,0
14,2,22,350,1999,0
14,2,22,350,2000,0
14,2,22,350,2001,0
14,2,22,350,2002,0
14,2,22,350,2003,0
14,2,22,350,2004,0
14,2,22,350,2005,0
14,2,22,350,2006,0
14,2,22,350,2007,0
14,2,22,350,2008,0
14,2,22,350,2009,0
14,2,22,350,2010,0
14,2,22,350,2011,0
14,2,22,350,2012,0
14,2,22,350,2013,0
14,2,22,350,2014,0
14,2,22,350,2015,0
14,2,22,350,2016,0
14,2,27,350,1990,0
14,2,27,350,1991,0
14,2,27,350,1992,0
14,2,27,350,1993,0
14,2,27,350,1994,0
14,2,27,350,1995,0
14,2,27,350,1996,0
14,2,27,350,1997,0
14,2,27,350,1998,0
14,2,27,350,1999,0
14,2,27,350,2000,0
14,2,27,350,2001,0
14,2,27,350,2002,0
14,2,27,350,2003,0
14,2,27,350,2004,0
14,2,27,350,2005,0
14,2,27,350,2006,0
14,2,27,350,2007,0
14,2,27,350,2008,0
14,2,27,350,2009,0
14,2,27,350,2010,0
14,2,27,350,2011,0
14,2,27,350,2012,0
14,2,27,350,2013,0
14,2,27,350,2014,0
14,2,27,350,2015,0
14,2,27,350,2016,0
14,3,22,350,1990,0
14,3,22,350,1991,0
14,3,22,350,1992,0
14,3,22,350,1993,0
14,3,22,350,1994,0
14,3,22,350,1995,0
14,3,22,350,1996,0
14,3,22,350,1997,0
14,3,22,350,1998,0
14,3,22,350,1999,0
14,3,22,350,2000,0
14,3,22,350,2001,0
14,3,22,350,2002,0
14,3,22,350,2003,0
14,3,22,350,2004,0
14,3,22,350,2005,0
14,3,22,350,2006,0
14,3,22,350,2007,0
14,3,22,350,2008,0
14,3,22,350,2009,0
14,3,22,350,2010,0
14,3,22,350,2011,0
14,3,22,350,2012,0
14,3,22,350,2013,0
14,3,22,350,2014,0
14,3,22,350,2015,0
14,3,22,350,2016,0
14,3,27,350,1990,0
14,3,27,350,1991,0
14,3,27,350,1992,0
14,3,27,350,1993,0
14,3,27,350,1994,0
14,3,27,350,1995,0
14,3,27,350,1996,0
14,3,27,350,1997,0
14,3,27,350,1998,0
14,3,27,350,1999,0
14,3,27,350,2000,0
14,3,27,350,2001,0
14,3,27,350,2002,0
14,3,27,350,2003,0
14,3,27,350,2004,0
14,3,27,350,2005,0
14,3,27,350,2006,0
14,3,27,350,2007,0
14,3,27,350,2008,0
14,3,27,350,2009,0
14,3,27,350,2010,0
14,3,27,350,2011,0
14,3,27,350,2012,0
14,3,27,350,2013,0
14,3,27,350,2014,0
14,3,27,350,2015,0
14,3,27,350,2016,0
15,1,22,350,1990,0
15,1,22,350,1991,0
15,1,22,350,1992,0
15,1,22,350,1993,0
15,1,22,350,1994,0
15,1,22,350,1995,0
15,1,22,350,1996,0
15,1,22,350,1997,0
15,1,22,350,1998,0
15,1,22,350,1999,0
15,1,22,350,2000,0
15,1,22,350,2001,0
15,1,22,350,2002,0
15,1,22,350,2003,0
15,1,22,350,2004,0
15,1,22,350,2005,0
15,1,22,350,2006,0
15,1,22,350,2007,0
15,1,22,350,2008,0
15,1,22,350,2009,0
15,1,22,350,2010,0
15,1,22,350,2011,0
15,1,22,350,2012,0
15,1,22,350,2013,0
15,1,22,350,2014,0
15,1,22,350,2015,0
15,1,22,350,2016,0
15,1,27,350,1990,0
15,1,27,350,1991,0
15,1,27,350,1992,0
15,1,27,350,1993,0
15,1,27,350,1994,0
15,1,27,350,1995,0
15,1,27,350,1996,0
15,1,27,350,1997,0
15,1,27,350,1998,0
15,1,27,350,1999,0
15,1,27,350,2000,0
15,1,27,350,2001,0
15,1,27,350,2002,0
15,1,27,350,2003,0
15,1,27,350,2004,0
15,1,27,350,2005,0
15,1,27,350,2006,0
15,1,27,350,2007,0
15,1,27,350,2008,0
15,1,27,350,2009,0
15,1,27,350,2010,0
15,1,27,350,2011,0
15,1,27,350,2012,0
15,1,27,350,2013,0
15,1,27,350,2014,0
15,1,27,350,2015,0
15,1,27,350,2016,0
15,2,22,350,1990,0
15,2,22,350,1991,0
15,2,22,350,1992,0
15,2,22,350,1993,0
15,2,22,350,1994,0
15,2,22,350,1995,0
15,2,22,350,1996,0
15,2,22,350,1997,0
15,2,22,350,1998,0
15,2,22,350,1999,0
15,2,22,350,2000,0
15,2,22,350,2001,0
15,2,22,350,2002,0
15,2,22,350,2003,0
15,2,22,350,2004,0
15,2,22,350,2005,0
15,2,22,350,2006,0
15,2,22,350,2007,0
15,2,22,350,2008,0
15,2,22,350,2009,0
15,2,22,350,2010,0
15,2,22,350,2011,0
15,2,22,350,2012,0
15,2,22,350,2013,0
15,2,22,350,2014,0
15,2,22,350,2015,0
15,2,22,350,2016,0
15,2,27,350,1990,0
15,2,27,350,1991,0
15,2,27,350,1992,0
15,2,27,350,1993,0
15,2,27,350,1994,0
15,2,27,350,1995,0
15,2,27,350,1996,0
15,2,27,350,1997,0
15,2,27,350,1998,0
15,2,27,350,1999,0
15,2,27,350,2000,0
15,2,27,350,2001,0
15,2,27,350,2002,0
15,2,27,350,2003,0
15,2,27,350,2004,0
15,2,27,350,2005,0
15,2,27,350,2006,0
15,2,27,350,2007,0
15,2,27,350,2008,0
15,2,27,350,2009,0
15,2,27,350,2010,0
15,2,27,350,2011,0
15,2,27,350,2012,0
15,2,27,350,2013,0
15,2,27,350,2014,0
15,2,27,350,2015,0
15,2,27,350,2016,0
15,3,22,350,1990,0
15,3,22,350,1991,0
15,3,22,350,1992,0
15,3,22,350,1993,0
15,3,22,350,1994,0
15,3,22,350,1995,0
15,3,22,350,1996,0
15,3,22,350,1997,0
15,3,22,350,1998,0
15,3,22,350,1999,0
15,3,22,350,2000,0
15,3,22,350,2001,0
15,3,22,350,2002,0
15,3,22,350,2003,0
15,3,22,350,2004,0
15,3,22,350,2005,0
15,3,22,350,2006,0
15,3,22,350,2007,0
15,3,22,350,2008,0
15,3,22,350,2009,0
15,3,22,350,2010,0
15,3,22,350,2011,0
15,3,22,350,2012,0
15,3,22,350,2013,0
15,3,22,350,2014,0
15,3,22,350,2015,0
15,3,22,350,2016,0
15,3,27,350,1990,0
15,3,27,350,1991,0
15,3,27,350,1992,0
15,3,27,350,1993,0
15,3,27,350,1994,0
15,3,27,350,1995,0
15,3,27,350,1996,0
15,3,27,350,1997,0
15,3,27,350,1998,0
15,3,27,350,1999,0
15,3,27,350,2000,0
15,3,27,350,2001,0
15,3,27,350,2002,0
15,3,27,350,2003,0
15,3,27,350,2004,0
15,3,27,350,2005,0
15,3,27,350,2006,0
15,3,27,350,2007,0
15,3,27,350,2008,0
15,3,27,350,2009,0
15,3,27,350,2010,0
15,3,27,350,2011,0
15,3,27,350,2012,0
15,3,27,350,2013,0
15,3,27,350,2014,0
15,3,27,350,2015,0
15,3,27,350,2016,0
16,1,22,350,1990,0
16,1,22,350,1991,0
16,1,22,350,1992,0
16,1,22,350,1993,0
16,1,22,350,1994,0
16,1,22,350,1995,0
16,1,22,350,1996,0
16,1,22,350,1997,0
16,1,22,350,1998,0
16,1,22,350,1999,0
16,1,22,350,2000,0
16,1,22,350,2001,0
16,1,22,350,2002,0
16,1,22,350,2003,0
16,1,22,350,2004,0
16,1,22,350,2005,0
16,1,22,350,2006,0
16,1,22,350,2007,0
16,1,22,350,2008,0
16,1,22,350,2009,0
16,1,22,350,2010,0
16,1,22,350,2011,0
16,1,22,350,2012,0
16,1,22,350,2013,0
16,1,22,350,2014,0
16,1,22,350,2015,0
16,1,22,350,2016,0
16,1,27,350,1990,0
16,1,27,350,1991,0
16,1,27,350,1992,0
16,1,27,350,1993,0
16,1,27,350,1994,0
16,1,27,350,1995,0
16,1,27,350,1996,0
16,1,27,350,1997,0
16,1,27,350,1998,0
16,1,27,350,1999,0
16,1,27,350,2000,0
16,1,27,350,2001,0
16,1,27,350,2002,0
16,1,27,350,2003,0
16,1,27,350,2004,0
16,1,27,350,2005,0
16,1,27,350,2006,0
16,1,27,350,2007,0
16,1,27,350,2008,0
16,1,27,350,2009,0
16,1,27,350,2010,0
16,1,27,350,2011,0
16,1,27,350,2012,0
16,1,27,350,2013,0
16,1,27,350,2014,0
16,1,27,350,2015,0
16,1,27,350,2016,0
16,2,22,350,1990,0
16,2,22,350,1991,0
16,2,22,350,1992,0
16,2,22,350,1993,0
16,2,22,350,1994,0
16,2,22,350,1995,0
16,2,22,350,1996,0
16,2,22,350,1997,0
16,2,22,350,1998,0
16,2,22,350,1999,0
16,2,22,350,2000,0
16,2,22,350,2001,0
16,2,22,350,2002,0
16,2,22,350,2003,0
16,2,22,350,2004,0
16,2,22,350,2005,0
16,2,22,350,2006,0
16,2,22,350,2007,0
16,2,22,350,2008,0
16,2,22,350,2009,0
16,2,22,350,2010,0
16,2,22,350,2011,0
16,2,22,350,2012,0
16,2,22,350,2013,0
16,2,22,350,2014,0
16,2,22,350,2015,0
16,2,22,350,2016,0
16,2,27,350,1990,0
16,2,27,350,1991,0
16,2,27,350,1992,0
16,2,27,350,1993,0
16,2,27,350,1994,0
16,2,27,350,1995,0
16,2,27,350,1996,0
16,2,27,350,1997,0
16,2,27,350,1998,0
16,2,27,350,1999,0
16,2,27,350,2000,0
16,2,27,350,2001,0
16,2,27,350,2002,0
16,2,27,350,2003,0
16,2,27,350,2004,0
16,2,27,350,2005,0
16,2,27,350,2006,0
16,2,27,350,2007,0
16,2,27,350,2008,0
16,2,27,350,2009,0
16,2,27,350,2010,0
16,2,27,350,2011,0
16,2,27,350,2012,0
16,2,27,350,2013,0
16,2,27,350,2014,0
16,2,27,350,2015,0
16,2,27,350,2016,0
16,3,22,350,1990,0
16,3,22,350,1991,0
16,3,22,350,1992,0
16,3,22,350,1993,0
16,3,22,350,1994,0
16,3,22,350,1995,0
16,3,22,350,1996,0
16,3,22,350,1997,0
16,3,22,350,1998,0
16,3,22,350,1999,0
16,3,22,350,2000,0
16,3,22,350,2001,0
16,3,22,350,2002,0
16,3,22,350,2003,0
16,3,22,350,2004,0
16,3,22,350,2005,0
16,3,22,350,2006,0
16,3,22,350,2007,0
16,3,22,350,2008,0
16,3,22,350,2009,0
16,3,22,350,2010,0
16,3,22,350,2011,0
16,3,22,350,2012,0
16,3,22,350,2013,0
16,3,22,350,2014,0
16,3,22,350,2015,0
16,3,22,350,2016,0
16,3,27,350,1990,0
16,3,27,350,1991,0
16,3,27,350,1992,0
16,3,27,350,1993,0
16,3,27,350,1994,0
16,3,27,350,1995,0
16,3,27,350,1996,0
16,3,27,350,1997,0
16,3,27,350,1998,0
16,3,27,350,1999,0
16,3,27,350,2000,0
16,3,27,350,2001,0
16,3,27,350,2002,0
16,3,27,350,2003,0
16,3,27,350,2004,0
16,3,27,350,2005,0
16,3,27,350,2006,0
16,3,27,350,2007,0
16,3,27,350,2008,0
16,3,27,350,2009,0
16,3,27,350,2010,0
16,3,27,350,2011,0
16,3,27,350,2012,0
16,3,27,350,2013,0
16,3,27,350,2014,0
16,3,27,350,2015,0
16,3,27,350,2016,0
17,1,22,350,1990,0
17,1,22,350,1991,0
17,1,22,350,1992,0
17,1,22,350,1993,0
17,1,22,350,1994,0
17,1,22,350,1995,0
17,1,22,350,1996,0
17,1,22,350,1997,0
17,1,22,350,1998,0
17,1,22,350,1999,0
17,1,22,350,2000,0
17,1,22,350,2001,0
17,1,22,350,2002,0
17,1,22,350,2003,0
17,1,22,350,2004,0
17,1,22,350,2005,0
17,1,22,350,2006,0
17,1,22,350,2007,0
17,1,22,350,2008,0
17,1,22,350,2009,0
17,1,22,350,2010,0
17,1,22,350,2011,0
17,1,22,350,2012,0
17,1,22,350,2013,0
17,1,22,350,2014,0
17,1,22,350,2015,0
17,1,22,350,2016,0
17,1,27,350,1990,0
17,1,27,350,1991,0
17,1,27,350,1992,0
17,1,27,350,1993,0
17,1,27,350,1994,0
17,1,27,350,1995,0
17,1,27,350,1996,0
17,1,27,350,1997,0
17,1,27,350,1998,0
17,1,27,350,1999,0
17,1,27,350,2000,0
17,1,27,350,2001,0
17,1,27,350,2002,0
17,1,27,350,2003,0
17,1,27,350,2004,0
17,1,27,350,2005,0
17,1,27,350,2006,0
17,1,27,350,2007,0
17,1,27,350,2008,0
17,1,27,350,2009,0
17,1,27,350,2010,0
17,1,27,350,2011,0
17,1,27,350,2012,0
17,1,27,350,2013,0
17,1,27,350,2014,0
17,1,27,350,2015,0
17,1,27,350,2016,0
17,2,22,350,1990,0
17,2,22,350,1991,0
17,2,22,350,1992,0
17,2,22,350,1993,0
17,2,22,350,1994,0
17,2,22,350,1995,0
17,2,22,350,1996,0
17,2,22,350,1997,0
17,2,22,350,1998,0
17,2,22,350,1999,0
17,2,22,350,2000,0
17,2,22,350,2001,0
17,2,22,350,2002,0
17,2,22,350,2003,0
17,2,22,350,2004,0
17,2,22,350,2005,0
17,2,22,350,2006,0
17,2,22,350,2007,0
17,2,22,350,2008,0
17,2,22,350,2009,0
17,2,22,350,2010,0
17,2,22,350,2011,0
17,2,22,350,2012,0
17,2,22,350,2013,0
17,2,22,350,2014,0
17,2,22,350,2015,0
17,2,22,350,2016,0
17,2,27,350,1990,0
17,2,27,350,1991,0
17,2,27,350,1992,0
17,2,27,350,1993,0
17,2,27,350,1994,0
17,2,27,350,1995,0
17,2,27,350,1996,0
17,2,27,350,1997,0
17,2,27,350,1998,0
17,2,27,350,1999,0
17,2,27,350,2000,0
17,2,27,350,2001,0
17,2,27,350,2002,0
17,2,27,350,2003,0
17,2,27,350,2004,0
17,2,27,350,2005,0
17,2,27,350,2006,0
17,2,27,350,2007,0
17,2,27,350,2008,0
17,2,27,350,2009,0
17,2,27,350,2010,0
17,2,27,350,2011,0
17,2,27,350,2012,0
17,2,27,350,2013,0
17,2,27,350,2014,0
17,2,27,350,2015,0
17,2,27,350,2016,0
17,3,22,350,1990,0
17,3,22,350,1991,0
17,3,22,350,1992,0
17,3,22,350,1993,0
17,3,22,350,1994,0
17,3,22,350,1995,0
17,3,22,350,1996,0
17,3,22,350,1997,0
17,3,22,350,1998,0
17,3,22,350,1999,0
17,3,22,350,2000,0
17,3,22,350,2001,0
17,3,22,350,2002,0
17,3,22,350,2003,0
17,3,22,350,2004,0
17,3,22,350,2005,0
17,3,22,350,2006,0
17,3,22,350,2007,0
17,3,22,350,2008,0
17,3,22,350,2009,0
17,3,22,350,2010,0
17,3,22,350,2011,0
17,3,22,350,2012,0
17,3,22,350,2013,0
17,3,22,350,2014,0
17,3,22,350,2015,0
17,3,22,350,2016,0
17,3,27,350,1990,0
17,3,27,350,1991,0
17,3,27,350,1992,0
17,3,27,350,1993,0
17,3,27,350,1994,0
17,3,27,350,1995,0
17,3,27,350,1996,0
17,3,27,350,1997,0
17,3,27,350,1998,0
17,3,27,350,1999,0
17,3,27,350,2000,0
17,3,27,350,2001,0
17,3,27,350,2002,0
17,3,27,350,2003,0
17,3,27,350,2004,0
17,3,27,350,2005,0
17,3,27,350,2006,0
17,3,27,350,2007,0
17,3,27,350,2008,0
17,3,27,350,2009,0
17,3,27,350,2010,0
17,3,27,350,2011,0
17,3,27,350,2012,0
17,3,27,350,2013,0
17,3,27,350,2014,0
17,3,27,350,2015,0
17,3,27,350,2016,0
18,1,22,350,1990,0
18,1,22,350,1991,0
18,1,22,350,1992,0
18,1,22,350,1993,0
18,1,22,350,1994,0
18,1,22,350,1995,0
18,1,22,350,1996,0
18,1,22,350,1997,0
18,1,22,350,1998,0
18,1,22,350,1999,0
18,1,22,350,2000,0
18,1,22,350,2001,0
18,1,22,350,2002,0
18,1,22,350,2003,0
18,1,22,350,2004,0
18,1,22,350,2005,0
18,1,22,350,2006,0
18,1,22,350,2007,0
18,1,22,350,2008,0
18,1,22,350,2009,0
18,1,22,350,2010,0
18,1,22,350,2011,0
18,1,22,350,2012,0
18,1,22,350,2013,0
18,1,22,350,2014,0
18,1,22,350,2015,0
18,1,22,350,2016,0
18,1,27,350,1990,0
18,1,27,350,1991,0
18,1,27,350,1992,0
18,1,27,350,1993,0
18,1,27,350,1994,0
18,1,27,350,1995,0
18,1,27,350,1996,0
18,1,27,350,1997,0
18,1,27,350,1998,0
18,1,27,350,1999,0
18,1,27,350,2000,0
18,1,27,350,2001,0
18,1,27,350,2002,0
18,1,27,350,2003,0
18,1,27,350,2004,0
18,1,27,350,2005,0
18,1,27,350,2006,0
18,1,27,350,2007,0
18,1,27,350,2008,0
18,1,27,350,2009,0
18,1,27,350,2010,0
18,1,27,350,2011,0
18,1,27,350,2012,0
18,1,27,350,2013,0
18,1,27,350,2014,0
18,1,27,350,2015,0
18,1,27,350,2016,0
18,2,22,350,1990,0
18,2,22,350,1991,0
18,2,22,350,1992,0
18,2,22,350,1993,0
18,2,22,350,1994,0
18,2,22,350,1995,0
18,2,22,350,1996,0
18,2,22,350,1997,0
18,2,22,350,1998,0
18,2,22,350,1999,0
18,2,22,350,2000,0
18,2,22,350,2001,0
18,2,22,350,2002,0
18,2,22,350,2003,0
18,2,22,350,2004,0
18,2,22,350,2005,0
18,2,22,350,2006,0
18,2,22,350,2007,0
18,2,22,350,2008,0
18,2,22,350,2009,0
18,2,22,350,2010,0
18,2,22,350,2011,0
18,2,22,350,2012,0
18,2,22,350,2013,0
18,2,22,350,2014,0
18,2,22,350,2015,0
18,2,22,350,2016,0
18,2,27,350,1990,0
18,2,27,350,1991,0
18,2,27,350,1992,0
18,2,27,350,1993,0
18,2,27,350,1994,0
18,2,27,350,1995,0
18,2,27,350,1996,0
18,2,27,350,1997,0
18,2,27,350,1998,0
18,2,27,350,1999,0
18,2,27,350,2000,0
18,2,27,350,2001,0
18,2,27,350,2002,0
18,2,27,350,2003,0
18,2,27,350,2004,0
18,2,27,350,2005,0
18,2,27,350,2006,0
18,2,27,350,2007,0
18,2,27,350,2008,0
18,2,27,350,2009,0
18,2,27,350,2010,0
18,2,27,350,2011,0
18,2,27,350,2012,0
18,2,27,350,2013,0
18,2,27,350,2014,0
18,2,27,350,2015,0
18,2,27,350,2016,0
18,3,22,350,1990,0
18,3,22,350,1991,0
18,3,22,350,1992,0
18,3,22,350,1993,0
18,3,22,350,1994,0
18,3,22,350,1995,0
18,3,22,350,1996,0
18,3,22,350,1997,0
18,3,22,350,1998,0
18,3,22,350,1999,0
18,3,22,350,2000,0
18,3,22,350,2001,0
18,3,22,350,2002,0
18,3,22,350,2003,0
18,3,22,350,2004,0
18,3,22,350,2005,0
18,3,22,350,2006,0
18,3,22,350,2007,0
18,3,22,350,2008,0
18,3,22,350,2009,0
18,3,22,350,2010,0
18,3,22,350,2011,0
18,3,22,350,2012,0
18,3,22,350,2013,0
18,3,22,350,2014,0
18,3,22,350,2015,0
18,3,22,350,2016,0
18,3,27,350,1990,0
18,3,27,350,1991,0
18,3,27,350,1992,0
18,3,27,350,1993,0
18,3,27,350,1994,0
18,3,27,350,1995,0
18,3,27,350,1996,0
18,3,27,350,1997,0
18,3,27,350,1998,0
18,3,27,350,1999,0
18,3,27,350,2000,0
18,3,27,350,2001,0
18,3,27,350,2002,0
18,3,27,350,2003,0
18,3,27,350,2004,0
18,3,27,350,2005,0
18,3,27,350,2006,0
18,3,27,350,2007,0
18,3,27,350,2008,0
18,3,27,350,2009,0
18,3,27,350,2010,0
18,3,27,350,2011,0
18,3,27,350,2012,0
18,3,27,350,2013,0
18,3,27,350,2014,0
18,3,27,350,2015,0
18,3,27,350,2016,0
19,1,22,350,1990,0
19,1,22,350,1991,0
19,1,22,350,1992,0
19,1,22,350,1993,0
19,1,22,350,1994,0
19,1,22,350,1995,0
19,1,22,350,1996,0
19,1,22,350,1997,0
19,1,22,350,1998,0
19,1,22,350,1999,0
19,1,22,350,2000,0
19,1,22,350,2001,0
19,1,22,350,2002,0
19,1,22,350,2003,0
19,1,22,350,2004,0
19,1,22,350,2005,0
19,1,22,350,2006,0
19,1,22,350,2007,0
19,1,22,350,2008,0
19,1,22,350,2009,0
19,1,22,350,2010,0
19,1,22,350,2011,0
19,1,22,350,2012,0
19,1,22,350,2013,0
19,1,22,350,2014,0
19,1,22,350,2015,0
19,1,22,350,2016,0
19,1,27,350,1990,0
19,1,27,350,1991,0
19,1,27,350,1992,0
19,1,27,350,1993,0
19,1,27,350,1994,0
19,1,27,350,1995,0
19,1,27,350,1996,0
19,1,27,350,1997,0
19,1,27,350,1998,0
19,1,27,350,1999,0
19,1,27,350,2000,0
19,1,27,350,2001,0
19,1,27,350,2002,0
19,1,27,350,2003,0
19,1,27,350,2004,0
19,1,27,350,2005,0
19,1,27,350,2006,0
19,1,27,350,2007,0
19,1,27,350,2008,0
19,1,27,350,2009,0
19,1,27,350,2010,0
19,1,27,350,2011,0
19,1,27,350,2012,0
19,1,27,350,2013,0
19,1,27,350,2014,0
19,1,27,350,2015,0
19,1,27,350,2016,0
19,2,22,350,1990,0
19,2,22,350,1991,0
19,2,22,350,1992,0
19,2,22,350,1993,0
19,2,22,350,1994,0
19,2,22,350,1995,0
19,2,22,350,1996,0
19,2,22,350,1997,0
19,2,22,350,1998,0
19,2,22,350,1999,0
19,2,22,350,2000,0
19,2,22,350,2001,0
19,2,22,350,2002,0
19,2,22,350,2003,0
19,2,22,350,2004,0
19,2,22,350,2005,0
19,2,22,350,2006,0
19,2,22,350,2007,0
19,2,22,350,2008,0
19,2,22,350,2009,0
19,2,22,350,2010,0
19,2,22,350,2011,0
19,2,22,350,2012,0
19,2,22,350,2013,0
19,2,22,350,2014,0
19,2,22,350,2015,0
19,2,22,350,2016,0
19,2,27,350,1990,0
19,2,27,350,1991,0
19,2,27,350,1992,0
19,2,27,350,1993,0
19,2,27,350,1994,0
19,2,27,350,1995,0
19,2,27,350,1996,0
19,2,27,350,1997,0
19,2,27,350,1998,0
19,2,27,350,1999,0
19,2,27,350,2000,0
19,2,27,350,2001,0
19,2,27,350,2002,0
19,2,27,350,2003,0
19,2,27,350,2004,0
19,2,27,350,2005,0
19,2,27,350,2006,0
19,2,27,350,2007,0
19,2,27,350,2008,0
19,2,27,350,2009,0
19,2,27,350,2010,0
19,2,27,350,2011,0
19,2,27,350,2012,0
19,2,27,350,2013,0
19,2,27,350,2014,0
19,2,27,350,2015,0
19,2,27,350,2016,0
19,3,22,350,1990,0
19,3,22,350,1991,0
19,3,22,350,1992,0
19,3,22,350,1993,0
19,3,22,350,1994,0
19,3,22,350,1995,0
19,3,22,350,1996,0
19,3,22,350,1997,0
19,3,22,350,1998,0
19,3,22,350,1999,0
19,3,22,350,2000,0
19,3,22,350,2001,0
19,3,22,350,2002,0
19,3,22,350,2003,0
19,3,22,350,2004,0
19,3,22,350,2005,0
19,3,22,350,2006,0
19,3,22,350,2007,0
19,3,22,350,2008,0
19,3,22,350,2009,0
19,3,22,350,2010,0
19,3,22,350,2011,0
19,3,22,350,2012,0
19,3,22,350,2013,0
19,3,22,350,2014,0
19,3,22,350,2015,0
19,3,22,350,2016,0
19,3,27,350,1990,0
19,3,27,350,1991,0
19,3,27,350,1992,0
19,3,27,350,1993,0
19,3,27,350,1994,0
19,3,27,350,1995,0
19,3,27,350,1996,0
19,3,27,350,1997,0
19,3,27,350,1998,0
19,3,27,350,1999,0
19,3,27,350,2000,0
19,3,27,350,2001,0
19,3,27,350,2002,0
19,3,27,350,2003,0
19,3,27,350,2004,0
19,3,27,350,2005,0
19,3,27,350,2006,0
19,3,27,350,2007,0
19,3,27,350,2008,0
19,3,27,350,2009,0
19,3,27,350,2010,0
19,3,27,350,2011,0
19,3,27,350,2012,0
19,3,27,350,2013,0
19,3,27,350,2014,0
19,3,27,350,2015,0
19,3,27,350,2016,0
20,1,22,350,1990,0
20,1,22,350,1991,0
20,1,22,350,1992,0
20,1,22,350,1993,0
20,1,22,350,1994,0
20,1,22,350,1995,0
20,1,22,350,1996,0
20,1,22,350,1997,0
20,1,22,350,1998,0
20,1,22,350,1999,0
20,1,22,350,2000,0
20,1,22,350,2001,0
20,1,22,350,2002,0
20,1,22,350,2003,0
20,1,22,350,2004,0
20,1,22,350,2005,0
20,1,22,350,2006,0
20,1,22,350,2007,0
20,1,22,350,2008,0
20,1,22,350,2009,0
20,1,22,350,2010,0
20,1,22,350,2011,0
20,1,22,350,2012,0
20,1,22,350,2013,0
20,1,22,350,2014,0
20,1,22,350,2015,0
20,1,22,350,2016,0
20,1,27,350,1990,0
20,1,27,350,1991,0
20,1,27,350,1992,0
20,1,27,350,1993,0
20,1,27,350,1994,0
20,1,27,350,1995,0
20,1,27,350,1996,0
20,1,27,350,1997,0
20,1,27,350,1998,0
20,1,27,350,1999,0
20,1,27,350,2000,0
20,1,27,350,2001,0
20,1,27,350,2002,0
20,1,27,350,2003,0
20,1,27,350,2004,0
20,1,27,350,2005,0
20,1,27,350,2006,0
20,1,27,350,2007,0
20,1,27,350,2008,0
20,1,27,350,2009,0
20,1,27,350,2010,0
20,1,27,350,2011,0
20,1,27,350,2012,0
20,1,27,350,2013,0
20,1,27,350,2014,0
20,1,27,350,2015,0
20,1,27,350,2016,0
20,2,22,350,1990,0
20,2,22,350,1991,0
20,2,22,350,1992,0
20,2,22,350,1993,0
20,2,22,350,1994,0
20,2,22,350,1995,0
20,2,22,350,1996,0
20,2,22,350,1997,0
20,2,22,350,1998,0
20,2,22,350,1999,0
20,2,22,350,2000,0
20,2,22,350,2001,0
20,2,22,350,2002,0
20,2,22,350,2003,0
20,2,22,350,2004,0
20,2,22,350,2005,0
20,2,22,350,2006,0
20,2,22,350,2007,0
20,2,22,350,2008,0
20,2,22,350,2009,0
20,2,22,350,2010,0
20,2,22,350,2011,0
20,2,22,350,2012,0
20,2,22,350,2013,0
20,2,22,350,2014,0
20,2,22,350,2015,0
20,2,22,350,2016,0
20,2,27,350,1990,0
20,2,27,350,1991,0
20,2,27,350,1992,0
20,2,27,350,1993,0
20,2,27,350,1994,0
20,2,27,350,1995,0
20,2,27,350,1996,0
20,2,27,350,1997,0
20,2,27,350,1998,0
20,2,27,350,1999,0
20,2,27,350,2000,0
20,2,27,350,2001,0
20,2,27,350,2002,0
20,2,27,350,2003,0
20,2,27,350,2004,0
20,2,27,350,2005,0
20,2,27,350,2006,0
20,2,27,350,2007,0
20,2,27,350,2008,0
20,2,27,350,2009,0
20,2,27,350,2010,0
20,2,27,350,2011,0
20,2,27,350,2012,0
20,2,27,350,2013,0
20,2,27,350,2014,0
20,2,27,350,2015,0
20,2,27,350,2016,0
20,3,22,350,1990,0
20,3,22,350,1991,0
20,3,22,350,1992,0
20,3,22,350,1993,0
20,3,22,350,1994,0
20,3,22,350,1995,0
20,3,22,350,1996,0
20,3,22,350,1997,0
20,3,22,350,1998,0
20,3,22,350,1999,0
20,3,22,350,2000,0
20,3,22,350,2001,0
20,3,22,350,2002,0
20,3,22,350,2003,0
20,3,22,350,2004,0
20,3,22,350,2005,0
20,3,22,350,2006,0
20,3,22,350,2007,0
20,3,22,350,2008,0
20,3,22,350,2009,0
20,3,22,350,2010,0
20,3,22,350,2011,0
20,3,22,350,2012,0
20,3,22,350,2013,0
20,3,22,350,2014,0
20,3,22,350,2015,0
20,3,22,350,2016,0
20,3,27,350,1990,0
20,3,27,350,1991,0
20,3,27,350,1992,0
20,3,27,350,1993,0
20,3,27,350,1994,0
20,3,27,350,1995,0
20,3,27,350,1996,0
20,3,27,350,1997,0
20,3,27,350,1998,0
20,3,27,350,1999,0
20,3,27,350,2000,0
20,3,27,350,2001,0
20,3,27,350,2002,0
20,3,27,350,2003,0
20,3,27,350,2004,0
20,3,27,350,2005,0
20,3,27,350,2006,0
20,3,27,350,2007,0
20,3,27,350,2008,0
20,3,27,350,2009,0
20,3,27,350,2010,0
20,3,27,350,2011,0
20,3,27,350,2012,0
20,3,27,350,2013,0
20,3,27,350,2014,0
20,3,27,350,2015,0
20,3,27,350,2016,0
22,1,22,350,1990,0
22,1,22,350,1991,0
22,1,22,350,1992,0
22,1,22,350,1993,0
22,1,22,350,1994,0
22,1,22,350,1995,0
22,1,22,350,1996,0
22,1,22,350,1997,0
22,1,22,350,1998,0
22,1,22,350,1999,0
22,1,22,350,2000,0
22,1,22,350,2001,0
22,1,22,350,2002,0
22,1,22,350,2003,0
22,1,22,350,2004,0
22,1,22,350,2005,0
22,1,22,350,2006,0
22,1,22,350,2007,0
22,1,22,350,2008,0
22,1,22,350,2009,0
22,1,22,350,2010,0
22,1,22,350,2011,0
22,1,22,350,2012,0
22,1,22,350,2013,0
22,1,22,350,2014,0
22,1,22,350,2015,0
22,1,22,350,2016,0
22,1,27,350,1990,0
22,1,27,350,1991,0
22,1,27,350,1992,0
22,1,27,350,1993,0
22,1,27,350,1994,0
22,1,27,350,1995,0
22,1,27,350,1996,0
22,1,27,350,1997,0
22,1,27,350,1998,0
22,1,27,350,1999,0
22,1,27,350,2000,0
22,1,27,350,2001,0
22,1,27,350,2002,0
22,1,27,350,2003,0
22,1,27,350,2004,0
22,1,27,350,2005,0
22,1,27,350,2006,0
22,1,27,350,2007,0
22,1,27,350,2008,0
22,1,27,350,2009,0
22,1,27,350,2010,0
22,1,27,350,2011,0
22,1,27,350,2012,0
22,1,27,350,2013,0
22,1,27,350,2014,0
22,1,27,350,2015,0
22,1,27,350,2016,0
22,2,22,350,1990,0
22,2,22,350,1991,0
22,2,22,350,1992,0
22,2,22,350,1993,0
22,2,22,350,1994,0
22,2,22,350,1995,0
22,2,22,350,1996,0
22,2,22,350,1997,0
22,2,22,350,1998,0
22,2,22,350,1999,0
22,2,22,350,2000,0
22,2,22,350,2001,0
22,2,22,350,2002,0
22,2,22,350,2003,0
22,2,22,350,2004,0
22,2,22,350,2005,0
22,2,22,350,2006,0
22,2,22,350,2007,0
22,2,22,350,2008,0
22,2,22,350,2009,0
22,2,22,350,2010,0
22,2,22,350,2011,0
22,2,22,350,2012,0
22,2,22,350,2013,0
22,2,22,350,2014,0
22,2,22,350,2015,0
22,2,22,350,2016,0
22,2,27,350,1990,0
22,2,27,350,1991,0
22,2,27,350,1992,0
22,2,27,350,1993,0
22,2,27,350,1994,0
22,2,27,350,1995,0
22,2,27,350,1996,0
22,2,27,350,1997,0
22,2,27,350,1998,0
22,2,27,350,1999,0
22,2,27,350,2000,0
22,2,27,350,2001,0
22,2,27,350,2002,0
22,2,27,350,2003,0
22,2,27,350,2004,0
22,2,27,350,2005,0
22,2,27,350,2006,0
22,2,27,350,2007,0
22,2,27,350,2008,0
22,2,27,350,2009,0
22,2,27,350,2010,0
22,2,27,350,2011,0
22,2,27,350,2012,0
22,2,27,350,2013,0
22,2,27,350,2014,0
22,2,27,350,2015,0
22,2,27,350,2016,0
22,3,22,350,1990,0
22,3,22,350,1991,0
22,3,22,350,1992,0
22,3,22,350,1993,0
22,3,22,350,1994,0
22,3,22,350,1995,0
22,3,22,350,1996,0
22,3,22,350,1997,0
22,3,22,350,1998,0
22,3,22,350,1999,0
22,3,22,350,2000,0
22,3,22,350,2001,0
22,3,22,350,2002,0
22,3,22,350,2003,0
22,3,22,350,2004,0
22,3,22,350,2005,0
22,3,22,350,2006,0
22,3,22,350,2007,0
22,3,22,350,2008,0
22,3,22,350,2009,0
22,3,22,350,2010,0
22,3,22,350,2011,0
22,3,22,350,2012,0
22,3,22,350,2013,0
22,3,22,350,2014,0
22,3,22,350,2015,0
22,3,22,350,2016,0
22,3,27,350,1990,0
22,3,27,350,1991,0
22,3,27,350,1992,0
22,3,27,350,1993,0
22,3,27,350,1994,0
22,3,27,350,1995,0
22,3,27,350,1996,0
22,3,27,350,1997,0
22,3,27,350,1998,0
22,3,27,350,1999,0
22,3,27,350,2000,0
22,3,27,350,2001,0
22,3,27,350,2002,0
22,3,27,350,2003,0
22,3,27,350,2004,0
22,3,27,350,2005,0
22,3,27,350,2006,0
22,3,27,350,2007,0
22,3,27,350,2008,0
22,3,27,350,2009,0
22,3,27,350,2010,0
22,3,27,350,2011,0
22,3,27,350,2012,0
22,3,27,350,2013,0
22,3,27,350,2014,0
22,3,27,350,2015,0
22,3,27,350,2016,0
23,1,22,350,1990,0
23,1,22,350,1991,0
23,1,22,350,1992,0
23,1,22,350,1993,0
23,1,22,350,1994,0
23,1,22,350,1995,0
23,1,22,350,1996,0
23,1,22,350,1997,0
23,1,22,350,1998,0
23,1,22,350,1999,0
23,1,22,350,2000,0
23,1,22,350,2001,0
23,1,22,350,2002,0
23,1,22,350,2003,0
23,1,22,350,2004,0
23,1,22,350,2005,0
23,1,22,350,2006,0
23,1,22,350,2007,0
23,1,22,350,2008,0
23,1,22,350,2009,0
23,1,22,350,2010,0
23,1,22,350,2011,0
23,1,22,350,2012,0
23,1,22,350,2013,0
23,1,22,350,2014,0
23,1,22,350,2015,0
23,1,22,350,2016,0
23,1,27,350,1990,0
23,1,27,350,1991,0
23,1,27,350,1992,0
23,1,27,350,1993,0
23,1,27,350,1994,0
23,1,27,350,1995,0
23,1,27,350,1996,0
23,1,27,350,1997,0
23,1,27,350,1998,0
23,1,27,350,1999,0
23,1,27,350,2000,0
23,1,27,350,2001,0
23,1,27,350,2002,0
23,1,27,350,2003,0
23,1,27,350,2004,0
23,1,27,350,2005,0
23,1,27,350,2006,0
23,1,27,350,2007,0
23,1,27,350,2008,0
23,1,27,350,2009,0
23,1,27,350,2010,0
23,1,27,350,2011,0
23,1,27,350,2012,0
23,1,27,350,2013,0
23,1,27,350,2014,0
23,1,27,350,2015,0
23,1,27,350,2016,0
23,2,22,350,1990,0
23,2,22,350,1991,0
23,2,22,350,1992,0
23,2,22,350,1993,0
23,2,22,350,1994,0
23,2,22,350,1995,0
23,2,22,350,1996,0
23,2,22,350,1997,0
23,2,22,350,1998,0
23,2,22,350,1999,0
23,2,22,350,2000,0
23,2,22,350,2001,0
23,2,22,350,2002,0
23,2,22,350,2003,0
23,2,22,350,2004,0
23,2,22,350,2005,0
23,2,22,350,2006,0
23,2,22,350,2007,0
23,2,22,350,2008,0
23,2,22,350,2009,0
23,2,22,350,2010,0
23,2,22,350,2011,0
23,2,22,350,2012,0
23,2,22,350,2013,0
23,2,22,350,2014,0
23,2,22,350,2015,0
23,2,22,350,2016,0
23,2,27,350,1990,0
23,2,27,350,1991,0
23,2,27,350,1992,0
23,2,27,350,1993,0
23,2,27,350,1994,0
23,2,27,350,1995,0
23,2,27,350,1996,0
23,2,27,350,1997,0
23,2,27,350,1998,0
23,2,27,350,1999,0
23,2,27,350,2000,0
23,2,27,350,2001,0
23,2,27,350,2002,0
23,2,27,350,2003,0
23,2,27,350,2004,0
23,2,27,350,2005,0
23,2,27,350,2006,0
23,2,27,350,2007,0
23,2,27,350,2008,0
23,2,27,350,2009,0
23,2,27,350,2010,0
23,2,27,350,2011,0
23,2,27,350,2012,0
23,2,27,350,2013,0
23,2,27,350,2014,0
23,2,27,350,2015,0
23,2,27,350,2016,0
23,3,22,350,1990,0
23,3,22,350,1991,0
23,3,22,350,1992,0
23,3,22,350,1993,0
23,3,22,350,1994,0
23,3,22,350,1995,0
23,3,22,350,1996,0
23,3,22,350,1997,0
23,3,22,350,1998,0
23,3,22,350,1999,0
23,3,22,350,2000,0
23,3,22,350,2001,0
23,3,22,350,2002,0
23,3,22,350,2003,0
23,3,22,350,2004,0
23,3,22,350,2005,0
23,3,22,350,2006,0
23,3,22,350,2007,0
23,3,22,350,2008,0
23,3,22,350,2009,0
23,3,22,350,2010,0
23,3,22,350,2011,0
23,3,22,350,2012,0
23,3,22,350,2013,0
23,3,22,350,2014,0
23,3,22,350,2015,0
23,3,22,350,2016,0
23,3,27,350,1990,0
23,3,27,350,1991,0
23,3,27,350,1992,0
23,3,27,350,1993,0
23,3,27,350,1994,0
23,3,27,350,1995,0
23,3,27,350,1996,0
23,3,27,350,1997,0
23,3,27,350,1998,0
23,3,27,350,1999,0
23,3,27,350,2000,0
23,3,27,350,2001,0
23,3,27,350,2002,0
23,3,27,350,2003,0
23,3,27,350,2004,0
23,3,27,350,2005,0
23,3,27,350,2006,0
23,3,27,350,2007,0
23,3,27,350,2008,0
23,3,27,350,2009,0
23,3,27,350,2010,0
23,3,27,350,2011,0
23,3,27,350,2012,0
23,3,27,350,2013,0
23,3,27,350,2014,0
23,3,27,350,2015,0
23,3,27,350,2016,0
24,1,22,350,1990,0
24,1,22,350,1991,0
24,1,22,350,1992,0
24,1,22,350,1993,0
24,1,22,350,1994,0
24,1,22,350,1995,0
24,1,22,350,1996,0
24,1,22,350,1997,0
24,1,22,350,1998,0
24,1,22,350,1999,0
24,1,22,350,2000,0
24,1,22,350,2001,0
24,1,22,350,2002,0
24,1,22,350,2003,0
24,1,22,350,2004,0
24,1,22,350,2005,0
24,1,22,350,2006,0
24,1,22,350,2007,0
24,1,22,350,2008,0
24,1,22,350,2009,0
24,1,22,350,2010,0
24,1,22,350,2011,0
24,1,22,350,2012,0
24,1,22,350,2013,0
24,1,22,350,2014,0
24,1,22,350,2015,0
24,1,22,350,2016,0
24,1,27,350,1990,0
24,1,27,350,1991,0
24,1,27,350,1992,0
24,1,27,350,1993,0
24,1,27,350,1994,0
24,1,27,350,1995,0
24,1,27,350,1996,0
24,1,27,350,1997,0
24,1,27,350,1998,0
24,1,27,350,1999,0
24,1,27,350,2000,0
24,1,27,350,2001,0
24,1,27,350,2002,0
24,1,27,350,2003,0
24,1,27,350,2004,0
24,1,27,350,2005,0
24,1,27,350,2006,0
24,1,27,350,2007,0
24,1,27,350,2008,0
24,1,27,350,2009,0
24,1,27,350,2010,0
24,1,27,350,2011,0
24,1,27,350,2012,0
24,1,27,350,2013,0
24,1,27,350,2014,0
24,1,27,350,2015,0
24,1,27,350,2016,0
24,2,22,350,1990,0
24,2,22,350,1991,0
24,2,22,350,1992,0
24,2,22,350,1993,0
24,2,22,350,1994,0
24,2,22,350,1995,0
24,2,22,350,1996,0
24,2,22,350,1997,0
24,2,22,350,1998,0
24,2,22,350,1999,0
24,2,22,350,2000,0
24,2,22,350,2001,0
24,2,22,350,2002,0
24,2,22,350,2003,0
24,2,22,350,2004,0
24,2,22,350,2005,0
24,2,22,350,2006,0
24,2,22,350,2007,0
24,2,22,350,2008,0
24,2,22,350,2009,0
24,2,22,350,2010,0
24,2,22,350,2011,0
24,2,22,350,2012,0
24,2,22,350,2013,0
24,2,22,350,2014,0
24,2,22,350,2015,0
24,2,22,350,2016,0
24,2,27,350,1990,0
24,2,27,350,1991,0
24,2,27,350,1992,0
24,2,27,350,1993,0
24,2,27,350,1994,0
24,2,27,350,1995,0
24,2,27,350,1996,0
24,2,27,350,1997,0
24,2,27,350,1998,0
24,2,27,350,1999,0
24,2,27,350,2000,0
24,2,27,350,2001,0
24,2,27,350,2002,0
24,2,27,350,2003,0
24,2,27,350,2004,0
24,2,27,350,2005,0
24,2,27,350,2006,0
24,2,27,350,2007,0
24,2,27,350,2008,0
24,2,27,350,2009,0
24,2,27,350,2010,0
24,2,27,350,2011,0
24,2,27,350,2012,0
24,2,27,350,2013,0
24,2,27,350,2014,0
24,2,27,350,2015,0
24,2,27,350,2016,0
24,3,22,350,1990,0
24,3,22,350,1991,0
24,3,22,350,1992,0
24,3,22,350,1993,0
24,3,22,350,1994,0
24,3,22,350,1995,0
24,3,22,350,1996,0
24,3,22,350,1997,0
24,3,22,350,1998,0
24,3,22,350,1999,0
24,3,22,350,2000,0
24,3,22,350,2001,0
24,3,22,350,2002,0
24,3,22,350,2003,0
24,3,22,350,2004,0
24,3,22,350,2005,0
24,3,22,350,2006,0
24,3,22,350,2007,0
24,3,22,350,2008,0
24,3,22,350,2009,0
24,3,22,350,2010,0
24,3,22,350,2011,0
24,3,22,350,2012,0
24,3,22,350,2013,0
24,3,22,350,2014,0
24,3,22,350,2015,0
24,3,22,350,2016,0
24,3,27,350,1990,0
24,3,27,350,1991,0
24,3,27,350,1992,0
24,3,27,350,1993,0
24,3,27,350,1994,0
24,3,27,350,1995,0
24,3,27,350,1996,0
24,3,27,350,1997,0
24,3,27,350,1998,0
24,3,27,350,1999,0
24,3,27,350,2000,0
24,3,27,350,2001,0
24,3,27,350,2002,0
24,3,27,350,2003,0
24,3,27,350,2004,0
24,3,27,350,2005,0
24,3,27,350,2006,0
24,3,27,350,2007,0
24,3,27,350,2008,0
24,3,27,350,2009,0
24,3,27,350,2010,0
24,3,27,350,2011,0
24,3,27,350,2012,0
24,3,27,350,2013,0
24,3,27,350,2014,0
24,3,27,350,2015,0
24,3,27,350,2016,0
25,1,22,350,1990,0
25,1,22,350,1991,0
25,1,22,350,1992,0
25,1,22,350,1993,0
25,1,22,350,1994,0
25,1,22,350,1995,0
25,1,22,350,1996,0
25,1,22,350,1997,0
25,1,22,350,1998,0
25,1,22,350,1999,0
25,1,22,350,2000,0
25,1,22,350,2001,0
25,1,22,350,2002,0
25,1,22,350,2003,0
25,1,22,350,2004,0
25,1,22,350,2005,0
25,1,22,350,2006,0
25,1,22,350,2007,0
25,1,22,350,2008,0
25,1,22,350,2009,0
25,1,22,350,2010,0
25,1,22,350,2011,0
25,1,22,350,2012,0
25,1,22,350,2013,0
25,1,22,350,2014,0
25,1,22,350,2015,0
25,1,22,350,2016,0
25,1,27,350,1990,0
25,1,27,350,1991,0
25,1,27,350,1992,0
25,1,27,350,1993,0
25,1,27,350,1994,0
25,1,27,350,1995,0
25,1,27,350,1996,0
25,1,27,350,1997,0
25,1,27,350,1998,0
25,1,27,350,1999,0
25,1,27,350,2000,0
25,1,27,350,2001,0
25,1,27,350,2002,0
25,1,27,350,2003,0
25,1,27,350,2004,0
25,1,27,350,2005,0
25,1,27,350,2006,0
25,1,27,350,2007,0
25,1,27,350,2008,0
25,1,27,350,2009,0
25,1,27,350,2010,0
25,1,27,350,2011,0
25,1,27,350,2012,0
25,1,27,350,2013,0
25,1,27,350,2014,0
25,1,27,350,2015,0
25,1,27,350,2016,0
25,2,22,350,1990,0
25,2,22,350,1991,0
25,2,22,350,1992,0
25,2,22,350,1993,0
25,2,22,350,1994,0
25,2,22,350,1995,0
25,2,22,350,1996,0
25,2,22,350,1997,0
25,2,22,350,1998,0
25,2,22,350,1999,0
25,2,22,350,2000,0
25,2,22,350,2001,0
25,2,22,350,2002,0
25,2,22,350,2003,0
25,2,22,350,2004,0
25,2,22,350,2005,0
25,2,22,350,2006,0
25,2,22,350,2007,0
25,2,22,350,2008,0
25,2,22,350,2009,0
25,2,22,350,2010,0
25,2,22,350,2011,0
25,2,22,350,2012,0
25,2,22,350,2013,0
25,2,22,350,2014,0
25,2,22,350,2015,0
25,2,22,350,2016,0
25,2,27,350,1990,0
25,2,27,350,1991,0
25,2,27,350,1992,0
25,2,27,350,1993,0
25,2,27,350,1994,0
25,2,27,350,1995,0
25,2,27,350,1996,0
25,2,27,350,1997,0
25,2,27,350,1998,0
25,2,27,350,1999,0
25,2,27,350,2000,0
25,2,27,350,2001,0
25,2,27,350,2002,0
25,2,27,350,2003,0
25,2,27,350,2004,0
25,2,27,350,2005,0
25,2,27,350,2006,0
25,2,27,350,2007,0
25,2,27,350,2008,0
25,2,27,350,2009,0
25,2,27,350,2010,0
25,2,27,350,2011,0
25,2,27,350,2012,0
25,2,27,350,2013,0
25,2,27,350,2014,0
25,2,27,350,2015,0
25,2,27,350,2016,0
25,3,22,350,1990,0
25,3,22,350,1991,0
25,3,22,350,1992,0
25,3,22,350,1993,0
25,3,22,350,1994,0
25,3,22,350,1995,0
25,3,22,350,1996,0
25,3,22,350,1997,0
25,3,22,350,1998,0
25,3,22,350,1999,0
25,3,22,350,2000,0
25,3,22,350,2001,0
25,3,22,350,2002,0
25,3,22,350,2003,0
25,3,22,350,2004,0
25,3,22,350,2005,0
25,3,22,350,2006,0
25,3,22,350,2007,0
25,3,22,350,2008,0
25,3,22,350,2009,0
25,3,22,350,2010,0
25,3,22,350,2011,0
25,3,22,350,2012,0
25,3,22,350,2013,0
25,3,22,350,2014,0
25,3,22,350,2015,0
25,3,22,350,2016,0
25,3,27,350,1990,0
25,3,27,350,1991,0
25,3,27,350,1992,0
25,3,27,350,1993,0
25,3,27,350,1994,0
25,3,27,350,1995,0
25,3,27,350,1996,0
25,3,27,350,1997,0
25,3,27,350,1998,0
25,3,27,350,1999,0
25,3,27,350,2000,0
25,3,27,350,2001,0
25,3,27,350,2002,0
25,3,27,350,2003,0
25,3,27,350,2004,0
25,3,27,350,2005,0
25,3,27,350,2006,0
25,3,27,350,2007,0
25,3,27,350,2008,0
25,3,27,350,2009,0
25,3,27,350,2010,0
25,3,27,350,2011,0
25,3,27,350,2012,0
25,3,27,350,2013,0
25,3,27,350,2014,0
25,3,27,350,2015,0
25,3,27,350,2016,0
26,1,22,350,1990,0
26,1,22,350,1991,0
26,1,22,350,1992,0
26,1,22,350,1993,0
26,1,22,350,1994,0
26,1,22,350,1995,0
26,1,22,350,1996,0
26,1,22,350,1997,0
26,1,22,350,1998,0
26,1,22,350,1999,0
26,1,22,350,2000,0
26,1,22,350,2001,0
26,1,22,350,2002,0
26,1,22,350,2003,0
26,1,22,350,2004,0
26,1,22,350,2005,0
26,1,22,350,2006,0
26,1,22,350,2007,0
26,1,22,350,2008,0
26,1,22,350,2009,0
26,1,22,350,2010,0
26,1,22,350,2011,0
26,1,22,350,2012,0
26,1,22,350,2013,0
26,1,22,350,2014,0
26,1,22,350,2015,0
26,1,22,350,2016,0
26,1,27,350,1990,0
26,1,27,350,1991,0
26,1,27,350,1992,0
26,1,27,350,1993,0
26,1,27,350,1994,0
26,1,27,350,1995,0
26,1,27,350,1996,0
26,1,27,350,1997,0
26,1,27,350,1998,0
26,1,27,350,1999,0
26,1,27,350,2000,0
26,1,27,350,2001,0
26,1,27,350,2002,0
26,1,27,350,2003,0
26,1,27,350,2004,0
26,1,27,350,2005,0
26,1,27,350,2006,0
26,1,27,350,2007,0
26,1,27,350,2008,0
26,1,27,350,2009,0
26,1,27,350,2010,0
26,1,27,350,2011,0
26,1,27,350,2012,0
26,1,27,350,2013,0
26,1,27,350,2014,0
26,1,27,350,2015,0
26,1,27,350,2016,0
26,2,22,350,1990,0
26,2,22,350,1991,0
26,2,22,350,1992,0
26,2,22,350,1993,0
26,2,22,350,1994,0
26,2,22,350,1995,0
26,2,22,350,1996,0
26,2,22,350,1997,0
26,2,22,350,1998,0
26,2,22,350,1999,0
26,2,22,350,2000,0
26,2,22,350,2001,0
26,2,22,350,2002,0
26,2,22,350,2003,0
26,2,22,350,2004,0
26,2,22,350,2005,0
26,2,22,350,2006,0
26,2,22,350,2007,0
26,2,22,350,2008,0
26,2,22,350,2009,0
26,2,22,350,2010,0
26,2,22,350,2011,0
26,2,22,350,2012,0
26,2,22,350,2013,0
26,2,22,350,2014,0
26,2,22,350,2015,0
26,2,22,350,2016,0
26,2,27,350,1990,0
26,2,27,350,1991,0
26,2,27,350,1992,0
26,2,27,350,1993,0
26,2,27,350,1994,0
26,2,27,350,1995,0
26,2,27,350,1996,0
26,2,27,350,1997,0
26,2,27,350,1998,0
26,2,27,350,1999,0
26,2,27,350,2000,0
26,2,27,350,2001,0
26,2,27,350,2002,0
26,2,27,350,2003,0
26,2,27,350,2004,0
26,2,27,350,2005,0
26,2,27,350,2006,0
26,2,27,350,2007,0
26,2,27,350,2008,0
26,2,27,350,2009,0
26,2,27,350,2010,0
26,2,27,350,2011,0
26,2,27,350,2012,0
26,2,27,350,2013,0
26,2,27,350,2014,0
26,2,27,350,2015,0
26,2,27,350,2016,0
26,3,22,350,1990,0
26,3,22,350,1991,0
26,3,22,350,1992,0
26,3,22,350,1993,0
26,3,22,350,1994,0
26,3,22,350,1995,0
26,3,22,350,1996,0
26,3,22,350,1997,0
26,3,22,350,1998,0
26,3,22,350,1999,0
26,3,22,350,2000,0
26,3,22,350,2001,0
26,3,22,350,2002,0
26,3,22,350,2003,0
26,3,22,350,2004,0
26,3,22,350,2005,0
26,3,22,350,2006,0
26,3,22,350,2007,0
26,3,22,350,2008,0
26,3,22,350,2009,0
26,3,22,350,2010,0
26,3,22,350,2011,0
26,3,22,350,2012,0
26,3,22,350,2013,0
26,3,22,350,2014,0
26,3,22,350,2015,0
26,3,22,350,2016,0
26,3,27,350,1990,0
26,3,27,350,1991,0
26,3,27,350,1992,0
26,3,27,350,1993,0
26,3,27,350,1994,0
26,3,27,350,1995,0
26,3,27,350,1996,0
26,3,27,350,1997,0
26,3,27,350,1998,0
26,3,27,350,1999,0
26,3,27,350,2000,0
26,3,27,350,2001,0
26,3,27,350,2002,0
26,3,27,350,2003,0
26,3,27,350,2004,0
26,3,27,350,2005,0
26,3,27,350,2006,0
26,3,27,350,2007,0
26,3,27,350,2008,0
26,3,27,350,2009,0
26,3,27,350,2010,0
26,3,27,350,2011,0
26,3,27,350,2012,0
26,3,27,350,2013,0
26,3,27,350,2014,0
26,3,27,350,2015,0
26,3,27,350,2016,0
27,1,22,350,1990,0
27,1,22,350,1991,0
27,1,22,350,1992,0
27,1,22,350,1993,0
27,1,22,350,1994,0
27,1,22,350,1995,0
27,1,22,350,1996,0
27,1,22,350,1997,0
27,1,22,350,1998,0
27,1,22,350,1999,0
27,1,22,350,2000,0
27,1,22,350,2001,0
27,1,22,350,2002,0
27,1,22,350,2003,0
27,1,22,350,2004,0
27,1,22,350,2005,0
27,1,22,350,2006,0
27,1,22,350,2007,0
27,1,22,350,2008,0
27,1,22,350,2009,0
27,1,22,350,2010,0
27,1,22,350,2011,0
27,1,22,350,2012,0
27,1,22,350,2013,0
27,1,22,350,2014,0
27,1,22,350,2015,0
27,1,22,350,2016,0
27,1,27,350,1990,0
27,1,27,350,1991,0
27,1,27,350,1992,0
27,1,27,350,1993,0
27,1,27,350,1994,0
27,1,27,350,1995,0
27,1,27,350,1996,0
27,1,27,350,1997,0
27,1,27,350,1998,0
27,1,27,350,1999,0
27,1,27,350,2000,0
27,1,27,350,2001,0
27,1,27,350,2002,0
27,1,27,350,2003,0
27,1,27,350,2004,0
27,1,27,350,2005,0
27,1,27,350,2006,0
27,1,27,350,2007,0
27,1,27,350,2008,0
27,1,27,350,2009,0
27,1,27,350,2010,0
27,1,27,350,2011,0
27,1,27,350,2012,0
27,1,27,350,2013,0
27,1,27,350,2014,0
27,1,27,350,2015,0
27,1,27,350,2016,0
27,2,22,350,1990,0
27,2,22,350,1991,0
27,2,22,350,1992,0
27,2,22,350,1993,0
27,2,22,350,1994,0
27,2,22,350,1995,0
27,2,22,350,1996,0
27,2,22,350,1997,0
27,2,22,350,1998,0
27,2,22,350,1999,0
27,2,22,350,2000,0
27,2,22,350,2001,0
27,2,22,350,2002,0
27,2,22,350,2003,0
27,2,22,350,2004,0
27,2,22,350,2005,0
27,2,22,350,2006,0
27,2,22,350,2007,0
27,2,22,350,2008,0
27,2,22,350,2009,0
27,2,22,350,2010,0
27,2,22,350,2011,0
27,2,22,350,2012,0
27,2,22,350,2013,0
27,2,22,350,2014,0
27,2,22,350,2015,0
27,2,22,350,2016,0
27,2,27,350,1990,0
27,2,27,350,1991,0
27,2,27,350,1992,0
27,2,27,350,1993,0
27,2,27,350,1994,0
27,2,27,350,1995,0
27,2,27,350,1996,0
27,2,27,350,1997,0
27,2,27,350,1998,0
27,2,27,350,1999,0
27,2,27,350,2000,0
27,2,27,350,2001,0
27,2,27,350,2002,0
27,2,27,350,2003,0
27,2,27,350,2004,0
27,2,27,350,2005,0
27,2,27,350,2006,0
27,2,27,350,2007,0
27,2,27,350,2008,0
27,2,27,350,2009,0
27,2,27,350,2010,0
27,2,27,350,2011,0
27,2,27,350,2012,0
27,2,27,350,2013,0
27,2,27,350,2014,0
27,2,27,350,2015,0
27,2,27,350,2016,0
27,3,22,350,1990,0
27,3,22,350,1991,0
27,3,22,350,1992,0
27,3,22,350,1993,0
27,3,22,350,1994,0
27,3,22,350,1995,0
27,3,22,350,1996,0
27,3,22,350,1997,0
27,3,22,350,1998,0
27,3,22,350,1999,0
27,3,22,350,2000,0
27,3,22,350,2001,0
27,3,22,350,2002,0
27,3,22,350,2003,0
27,3,22,350,2004,0
27,3,22,350,2005,0
27,3,22,350,2006,0
27,3,22,350,2007,0
27,3,22,350,2008,0
27,3,22,350,2009,0
27,3,22,350,2010,0
27,3,22,350,2011,0
27,3,22,350,2012,0
27,3,22,350,2013,0
27,3,22,350,2014,0
27,3,22,350,2015,0
27,3,22,350,2016,0
27,3,27,350,1990,0
27,3,27,350,1991,0
27,3,27,350,1992,0
27,3,27,350,1993,0
27,3,27,350,1994,0
27,3,27,350,1995,0
27,3,27,350,1996,0
27,3,27,350,1997,0
27,3,27,350,1998,0
27,3,27,350,1999,0
27,3,27,350,2000,0
27,3,27,350,2001,0
27,3,27,350,2002,0
27,3,27,350,2003,0
27,3,27,350,2004,0
27,3,27,350,2005,0
27,3,27,350,2006,0
27,3,27,350,2007,0
27,3,27,350,2008,0
27,3,27,350,2009,0
27,3,27,350,2010,0
27,3,27,350,2011,0
27,3,27,350,2012,0
27,3,27,350,2013,0
27,3,27,350,2014,0
27,3,27,350,2015,0
27,3,27,350,2016,0
28,1,22,350,1990,0
28,1,22,350,1991,0
28,1,22,350,1992,0
28,1,22,350,1993,0
28,1,22,350,1994,0
28,1,22,350,1995,0
28,1,22,350,1996,0
28,1,22,350,1997,0
28,1,22,350,1998,0
28,1,22,350,1999,0
28,1,22,350,2000,0
28,1,22,350,2001,0
28,1,22,350,2002,0
28,1,22,350,2003,0
28,1,22,350,2004,0
28,1,22,350,2005,0
28,1,22,350,2006,0
28,1,22,350,2007,0
28,1,22,350,2008,0
28,1,22,350,2009,0
28,1,22,350,2010,0
28,1,22,350,2011,0
28,1,22,350,2012,0
28,1,22,350,2013,0
28,1,22,350,2014,0
28,1,22,350,2015,0
28,1,22,350,2016,0
28,1,27,350,1990,0
28,1,27,350,1991,0
28,1,27,350,1992,0
28,1,27,350,1993,0
28,1,27,350,1994,0
28,1,27,350,1995,0
28,1,27,350,1996,0
28,1,27,350,1997,0
28,1,27,350,1998,0
28,1,27,350,1999,0
28,1,27,350,2000,0
28,1,27,350,2001,0
28,1,27,350,2002,0
28,1,27,350,2003,0
28,1,27,350,2004,0
28,1,27,350,2005,0
28,1,27,350,2006,0
28,1,27,350,2007,0
28,1,27,350,2008,0
28,1,27,350,2009,0
28,1,27,350,2010,0
28,1,27,350,2011,0
28,1,27,350,2012,0
28,1,27,350,2013,0
28,1,27,350,2014,0
28,1,27,350,2015,0
28,1,27,350,2016,0
28,2,22,350,1990,0
28,2,22,350,1991,0
28,2,22,350,1992,0
28,2,22,350,1993,0
28,2,22,350,1994,0
28,2,22,350,1995,0
28,2,22,350,1996,0
28,2,22,350,1997,0
28,2,22,350,1998,0
28,2,22,350,1999,0
28,2,22,350,2000,0
28,2,22,350,2001,0
28,2,22,350,2002,0
28,2,22,350,2003,0
28,2,22,350,2004,0
28,2,22,350,2005,0
28,2,22,350,2006,0
28,2,22,350,2007,0
28,2,22,350,2008,0
28,2,22,350,2009,0
28,2,22,350,2010,0
28,2,22,350,2011,0
28,2,22,350,2012,0
28,2,22,350,2013,0
28,2,22,350,2014,0
28,2,22,350,2015,0
28,2,22,350,2016,0
28,2,27,350,1990,0
28,2,27,350,1991,0
28,2,27,350,1992,0
28,2,27,350,1993,0
28,2,27,350,1994,0
28,2,27,350,1995,0
28,2,27,350,1996,0
28,2,27,350,1997,0
28,2,27,350,1998,0
28,2,27,350,1999,0
28,2,27,350,2000,0
28,2,27,350,2001,0
28,2,27,350,2002,0
28,2,27,350,2003,0
28,2,27,350,2004,0
28,2,27,350,2005,0
28,2,27,350,2006,0
28,2,27,350,2007,0
28,2,27,350,2008,0
28,2,27,350,2009,0
28,2,27,350,2010,0
28,2,27,350,2011,0
28,2,27,350,2012,0
28,2,27,350,2013,0
28,2,27,350,2014,0
28,2,27,350,2015,0
28,2,27,350,2016,0
28,3,22,350,1990,0
28,3,22,350,1991,0
28,3,22,350,1992,0
28,3,22,350,1993,0
28,3,22,350,1994,0
28,3,22,350,1995,0
28,3,22,350,1996,0
28,3,22,350,1997,0
28,3,22,350,1998,0
28,3,22,350,1999,0
28,3,22,350,2000,0
28,3,22,350,2001,0
28,3,22,350,2002,0
28,3,22,350,2003,0
28,3,22,350,2004,0
28,3,22,350,2005,0
28,3,22,350,2006,0
28,3,22,350,2007,0
28,3,22,350,2008,0
28,3,22,350,2009,0
28,3,22,350,2010,0
28,3,22,350,2011,0
28,3,22,350,2012,0
28,3,22,350,2013,0
28,3,22,350,2014,0
28,3,22,350,2015,0
28,3,22,350,2016,0
28,3,27,350,1990,0
28,3,27,350,1991,0
28,3,27,350,1992,0
28,3,27,350,1993,0
28,3,27,350,1994,0
28,3,27,350,1995,0
28,3,27,350,1996,0
28,3,27,350,1997,0
28,3,27,350,1998,0
28,3,27,350,1999,0
28,3,27,350,2000,0
28,3,27,350,2001,0
28,3,27,350,2002,0
28,3,27,350,2003,0
28,3,27,350,2004,0
28,3,27,350,2005,0
28,3,27,350,2006,0
28,3,27,350,2007,0
28,3,27,350,2008,0
28,3,27,350,2009,0
28,3,27,350,2010,0
28,3,27,350,2011,0
28,3,27,350,2012,0
28,3,27,350,2013,0
28,3,27,350,2014,0
28,3,27,350,2015,0
28,3,27,350,2016,0
29,1,22,350,1990,0
29,1,22,350,1991,0
29,1,22,350,1992,0
29,1,22,350,1993,0
29,1,22,350,1994,0
29,1,22,350,1995,0
29,1,22,350,1996,0
29,1,22,350,1997,0
29,1,22,350,1998,0
29,1,22,350,1999,0
29,1,22,350,2000,0
29,1,22,350,2001,0
29,1,22,350,2002,0
29,1,22,350,2003,0
29,1,22,350,2004,0
29,1,22,350,2005,0
29,1,22,350,2006,0
29,1,22,350,2007,0
29,1,22,350,2008,0
29,1,22,350,2009,0
29,1,22,350,2010,0
29,1,22,350,2011,0
29,1,22,350,2012,0
29,1,22,350,2013,0
29,1,22,350,2014,0
29,1,22,350,2015,0
29,1,22,350,2016,0
29,1,27,350,1990,0
29,1,27,350,1991,0
29,1,27,350,1992,0
29,1,27,350,1993,0
29,1,27,350,1994,0
29,1,27,350,1995,0
29,1,27,350,1996,0
29,1,27,350,1997,0
29,1,27,350,1998,0
29,1,27,350,1999,0
29,1,27,350,2000,0
29,1,27,350,2001,0
29,1,27,350,2002,0
29,1,27,350,2003,0
29,1,27,350,2004,0
29,1,27,350,2005,0
29,1,27,350,2006,0
29,1,27,350,2007,0
29,1,27,350,2008,0
29,1,27,350,2009,0
29,1,27,350,2010,0
29,1,27,350,2011,0
29,1,27,350,2012,0
29,1,27,350,2013,0
29,1,27,350,2014,0
29,1,27,350,2015,0
29,1,27,350,2016,0
29,2,22,350,1990,0
29,2,22,350,1991,0
29,2,22,350,1992,0
29,2,22,350,1993,0
29,2,22,350,1994,0
29,2,22,350,1995,0
29,2,22,350,1996,0
29,2,22,350,1997,0
29,2,22,350,1998,0
29,2,22,350,1999,0
29,2,22,350,2000,0
29,2,22,350,2001,0
29,2,22,350,2002,0
29,2,22,350,2003,0
29,2,22,350,2004,0
29,2,22,350,2005,0
29,2,22,350,2006,0
29,2,22,350,2007,0
29,2,22,350,2008,0
29,2,22,350,2009,0
29,2,22,350,2010,0
29,2,22,350,2011,0
29,2,22,350,2012,0
29,2,22,350,2013,0
29,2,22,350,2014,0
29,2,22,350,2015,0
29,2,22,350,2016,0
29,2,27,350,1990,0
29,2,27,350,1991,0
29,2,27,350,1992,0
29,2,27,350,1993,0
29,2,27,350,1994,0
29,2,27,350,1995,0
29,2,27,350,1996,0
29,2,27,350,1997,0
29,2,27,350,1998,0
29,2,27,350,1999,0
29,2,27,350,2000,0
29,2,27,350,2001,0
29,2,27,350,2002,0
29,2,27,350,2003,0
29,2,27,350,2004,0
29,2,27,350,2005,0
29,2,27,350,2006,0
29,2,27,350,2007,0
29,2,27,350,2008,0
29,2,27,350,2009,0
29,2,27,350,2010,0
29,2,27,350,2011,0
29,2,27,350,2012,0
29,2,27,350,2013,0
29,2,27,350,2014,0
29,2,27,350,2015,0
29,2,27,350,2016,0
29,3,22,350,1990,0
29,3,22,350,1991,0
29,3,22,350,1992,0
29,3,22,350,1993,0
29,3,22,350,1994,0
29,3,22,350,1995,0
29,3,22,350,1996,0
29,3,22,350,1997,0
29,3,22,350,1998,0
29,3,22,350,1999,0
29,3,22,350,2000,0
29,3,22,350,2001,0
29,3,22,350,2002,0
29,3,22,350,2003,0
29,3,22,350,2004,0
29,3,22,350,2005,0
29,3,22,350,2006,0
29,3,22,350,2007,0
29,3,22,350,2008,0
29,3,22,350,2009,0
29,3,22,350,2010,0
29,3,22,350,2011,0
29,3,22,350,2012,0
29,3,22,350,2013,0
29,3,22,350,2014,0
29,3,22,350,2015,0
29,3,22,350,2016,0
29,3,27,350,1990,0
29,3,27,350,1991,0
29,3,27,350,1992,0
29,3,27,350,1993,0
29,3,27,350,1994,0
29,3,27,350,1995,0
29,3,27,350,1996,0
29,3,27,350,1997,0
29,3,27,350,1998,0
29,3,27,350,1999,0
29,3,27,350,2000,0
29,3,27,350,2001,0
29,3,27,350,2002,0
29,3,27,350,2003,0
29,3,27,350,2004,0
29,3,27,350,2005,0
29,3,27,350,2006,0
29,3,27,350,2007,0
29,3,27,350,2008,0
29,3,27,350,2009,0
29,3,27,350,2010,0
29,3,27,350,2011,0
29,3,27,350,2012,0
29,3,27,350,2013,0
29,3,27,350,2014,0
29,3,27,350,2015,0
29,3,27,350,2016,0
30,1,22,350,1990,0
30,1,22,350,1991,0
30,1,22,350,1992,0
30,1,22,350,1993,0
30,1,22,350,1994,0
30,1,22,350,1995,0
30,1,22,350,1996,0
30,1,22,350,1997,0
30,1,22,350,1998,0
30,1,22,350,1999,0
30,1,22,350,2000,0
30,1,22,350,2001,0
30,1,22,350,2002,0
30,1,22,350,2003,0
30,1,22,350,2004,0
30,1,22,350,2005,0
30,1,22,350,2006,0
30,1,22,350,2007,0
30,1,22,350,2008,0
30,1,22,350,2009,0
30,1,22,350,2010,0
30,1,22,350,2011,0
30,1,22,350,2012,0
30,1,22,350,2013,0
30,1,22,350,2014,0
30,1,22,350,2015,0
30,1,22,350,2016,0
30,1,27,350,1990,0
30,1,27,350,1991,0
30,1,27,350,1992,0
30,1,27,350,1993,0
30,1,27,350,1994,0
30,1,27,350,1995,0
30,1,27,350,1996,0
30,1,27,350,1997,0
30,1,27,350,1998,0
30,1,27,350,1999,0
30,1,27,350,2000,0
30,1,27,350,2001,0
30,1,27,350,2002,0
30,1,27,350,2003,0
30,1,27,350,2004,0
30,1,27,350,2005,0
30,1,27,350,2006,0
30,1,27,350,2007,0
30,1,27,350,2008,0
30,1,27,350,2009,0
30,1,27,350,2010,0
30,1,27,350,2011,0
30,1,27,350,2012,0
30,1,27,350,2013,0
30,1,27,350,2014,0
30,1,27,350,2015,0
30,1,27,350,2016,0
30,2,22,350,1990,0
30,2,22,350,1991,0
30,2,22,350,1992,0
30,2,22,350,1993,0
30,2,22,350,1994,0
30,2,22,350,1995,0
30,2,22,350,1996,0
30,2,22,350,1997,0
30,2,22,350,1998,0
30,2,22,350,1999,0
30,2,22,350,2000,0
30,2,22,350,2001,0
30,2,22,350,2002,0
30,2,22,350,2003,0
30,2,22,350,2004,0
30,2,22,350,2005,0
30,2,22,350,2006,0
30,2,22,350,2007,0
30,2,22,350,2008,0
30,2,22,350,2009,0
30,2,22,350,2010,0
30,2,22,350,2011,0
30,2,22,350,2012,0
30,2,22,350,2013,0
30,2,22,350,2014,0
30,2,22,350,2015,0
30,2,22,350,2016,0
30,2,27,350,1990,0
30,2,27,350,1991,0
30,2,27,350,1992,0
30,2,27,350,1993,0
30,2,27,350,1994,0
30,2,27,350,1995,0
30,2,27,350,1996,0
30,2,27,350,1997,0
30,2,27,350,1998,0
30,2,27,350,1999,0
30,2,27,350,2000,0
30,2,27,350,2001,0
30,2,27,350,2002,0
30,2,27,350,2003,0
30,2,27,350,2004,0
30,2,27,350,2005,0
30,2,27,350,2006,0
30,2,27,350,2007,0
30,2,27,350,2008,0
30,2,27,350,2009,0
30,2,27,350,2010,0
30,2,27,350,2011,0
30,2,27,350,2012,0
30,2,27,350,2013,0
30,2,27,350,2014,0
30,2,27,350,2015,0
30,2,27,350,2016,0
30,3,22,350,1990,0
30,3,22,350,1991,0
30,3,22,350,1992,0
30,3,22,350,1993,0
30,3,22,350,1994,0
30,3,22,350,1995,0
30,3,22,350,1996,0
30,3,22,350,1997,0
30,3,22,350,1998,0
30,3,22,350,1999,0
30,3,22,350,2000,0
30,3,22,350,2001,0
30,3,22,350,2002,0
30,3,22,350,2003,0
30,3,22,350,2004,0
30,3,22,350,2005,0
30,3,22,350,2006,0
30,3,22,350,2007,0
30,3,22,350,2008,0
30,3,22,350,2009,0
30,3,22,350,2010,0
30,3,22,350,2011,0
30,3,22,350,2012,0
30,3,22,350,2013,0
30,3,22,350,2014,0
30,3,22,350,2015,0
30,3,22,350,2016,0
30,3,27,350,1990,0
30,3,27,350,1991,0
30,3,27,350,1992,0
30,3,27,350,1993,0
30,3,27,350,1994,0
30,3,27,350,1995,0
30,3,27,350,1996,0
30,3,27,350,1997,0
30,3,27,350,1998,0
30,3,27,350,1999,0
30,3,27,350,2000,0
30,3,27,350,2001,0
30,3,27,350,2002,0
30,3,27,350,2003,0
30,3,27,350,2004,0
30,3,27,350,2005,0
30,3,27,350,2006,0
30,3,27,350,2007,0
30,3,27,350,2008,0
30,3,27,350,2009,0
30,3,27,350,2010,0
30,3,27,350,2011,0
30,3,27,350,2012,0
30,3,27,350,2013,0
30,3,27,350,2014,0
30,3,27,350,2015,0
30,3,27,350,2016,0
33,1,22,350,1990,0
33,1,22,350,1991,0
33,1,22,350,1992,0
33,1,22,350,1993,0
33,1,22,350,1994,0
33,1,22,350,1995,0
33,1,22,350,1996,0
33,1,22,350,1997,0
33,1,22,350,1998,0
33,1,22,350,1999,0
33,1,22,350,2000,0
33,1,22,350,2001,0
33,1,22,350,2002,0
33,1,22,350,2003,0
33,1,22,350,2004,0
33,1,22,350,2005,0
33,1,22,350,2006,0
33,1,22,350,2007,0
33,1,22,350,2008,0
33,1,22,350,2009,0
33,1,22,350,2010,0
33,1,22,350,2011,0
33,1,22,350,2012,0
33,1,22,350,2013,0
33,1,22,350,2014,0
33,1,22,350,2015,0
33,1,22,350,2016,0
33,1,27,350,1990,0
33,1,27,350,1991,0
33,1,27,350,1992,0
33,1,27,350,1993,0
33,1,27,350,1994,0
33,1,27,350,1995,0
33,1,27,350,1996,0
33,1,27,350,1997,0
33,1,27,350,1998,0
33,1,27,350,1999,0
33,1,27,350,2000,0
33,1,27,350,2001,0
33,1,27,350,2002,0
33,1,27,350,2003,0
33,1,27,350,2004,0
33,1,27,350,2005,0
33,1,27,350,2006,0
33,1,27,350,2007,0
33,1,27,350,2008,0
33,1,27,350,2009,0
33,1,27,350,2010,0
33,1,27,350,2011,0
33,1,27,350,2012,0
33,1,27,350,2013,0
33,1,27,350,2014,0
33,1,27,350,2015,0
33,1,27,350,2016,0
33,2,22,350,1990,0
33,2,22,350,1991,0
33,2,22,350,1992,0
33,2,22,350,1993,0
33,2,22,350,1994,0
33,2,22,350,1995,0
33,2,22,350,1996,0
33,2,22,350,1997,0
33,2,22,350,1998,0
33,2,22,350,1999,0
33,2,22,350,2000,0
33,2,22,350,2001,0
33,2,22,350,2002,0
33,2,22,350,2003,0
33,2,22,350,2004,0
33,2,22,350,2005,0
33,2,22,350,2006,0
33,2,22,350,2007,0
33,2,22,350,2008,0
33,2,22,350,2009,0
33,2,22,350,2010,0
33,2,22,350,2011,0
33,2,22,350,2012,0
33,2,22,350,2013,0
33,2,22,350,2014,0
33,2,22,350,2015,0
33,2,22,350,2016,0
33,2,27,350,1990,0
33,2,27,350,1991,0
33,2,27,350,1992,0
33,2,27,350,1993,0
33,2,27,350,1994,0
33,2,27,350,1995,0
33,2,27,350,1996,0
33,2,27,350,1997,0
33,2,27,350,1998,0
33,2,27,350,1999,0
33,2,27,350,2000,0
33,2,27,350,2001,0
33,2,27,350,2002,0
33,2,27,350,2003,0
33,2,27,350,2004,0
33,2,27,350,2005,0
33,2,27,350,2006,0
33,2,27,350,2007,0
33,2,27,350,2008,0
33,2,27,350,2009,0
33,2,27,350,2010,0
33,2,27,350,2011,0
33,2,27,350,2012,0
33,2,27,350,2013,0
33,2,27,350,2014,0
33,2,27,350,2015,0
33,2,27,350,2016,0
33,3,22,350,1990,0
33,3,22,350,1991,0
33,3,22,350,1992,0
33,3,22,350,1993,0
33,3,22,350,1994,0
33,3,22,350,1995,0
33,3,22,350,1996,0
33,3,22,350,1997,0
33,3,22,350,1998,0
33,3,22,350,1999,0
33,3,22,350,2000,0
33,3,22,350,2001,0
33,3,22,350,2002,0
33,3,22,350,2003,0
33,3,22,350,2004,0
33,3,22,350,2005,0
33,3,22,350,2006,0
33,3,22,350,2007,0
33,3,22,350,2008,0
33,3,22,350,2009,0
33,3,22,350,2010,0
33,3,22,350,2011,0
33,3,22,350,2012,0
33,3,22,350,2013,0
33,3,22,350,2014,0
33,3,22,350,2015,0
33,3,22,350,2016,0
33,3,27,350,1990,0
33,3,27,350,1991,0
33,3,27,350,1992,0
33,3,27,350,1993,0
33,3,27,350,1994,0
33,3,27,350,1995,0
33,3,27,350,1996,0
33,3,27,350,1997,0
33,3,27,350,1998,0
33,3,27,350,1999,0
33,3,27,350,2000,0
33,3,27,350,2001,0
33,3,27,350,2002,0
33,3,27,350,2003,0
33,3,27,350,2004,0
33,3,27,350,2005,0
33,3,27,350,2006,0
33,3,27,350,2007,0
33,3,27,350,2008,0
33,3,27,350,2009,0
33,3,27,350,2010,0
33,3,27,350,2011,0
33,3,27,350,2012,0
33,3,27,350,2013,0
33,3,27,350,2014,0
33,3,27,350,2015,0
33,3,27,350,2016,0
34,1,22,350,1990,0
34,1,22,350,1991,0
34,1,22,350,1992,0
34,1,22,350,1993,0
34,1,22,350,1994,0
34,1,22,350,1995,0
34,1,22,350,1996,0
34,1,22,350,1997,0
34,1,22,350,1998,0
34,1,22,350,1999,0
34,1,22,350,2000,0
34,1,22,350,2001,0
34,1,22,350,2002,0
34,1,22,350,2003,0
34,1,22,350,2004,0
34,1,22,350,2005,0
34,1,22,350,2006,0
34,1,22,350,2007,0
34,1,22,350,2008,0
34,1,22,350,2009,0
34,1,22,350,2010,0
34,1,22,350,2011,0
34,1,22,350,2012,0
34,1,22,350,2013,0
34,1,22,350,2014,0
34,1,22,350,2015,0
34,1,22,350,2016,0
34,1,27,350,1990,0
34,1,27,350,1991,0
34,1,27,350,1992,0
34,1,27,350,1993,0
34,1,27,350,1994,0
34,1,27,350,1995,0
34,1,27,350,1996,0
34,1,27,350,1997,0
34,1,27,350,1998,0
34,1,27,350,1999,0
34,1,27,350,2000,0
34,1,27,350,2001,0
34,1,27,350,2002,0
34,1,27,350,2003,0
34,1,27,350,2004,0
34,1,27,350,2005,0
34,1,27,350,2006,0
34,1,27,350,2007,0
34,1,27,350,2008,0
34,1,27,350,2009,0
34,1,27,350,2010,0
34,1,27,350,2011,0
34,1,27,350,2012,0
34,1,27,350,2013,0
34,1,27,350,2014,0
34,1,27,350,2015,0
34,1,27,350,2016,0
34,2,22,350,1990,0
34,2,22,350,1991,0
34,2,22,350,1992,0
34,2,22,350,1993,0
34,2,22,350,1994,0
34,2,22,350,1995,0
34,2,22,350,1996,0
34,2,22,350,1997,0
34,2,22,350,1998,0
34,2,22,350,1999,0
34,2,22,350,2000,0
34,2,22,350,2001,0
34,2,22,350,2002,0
34,2,22,350,2003,0
34,2,22,350,2004,0
34,2,22,350,2005,0
34,2,22,350,2006,0
34,2,22,350,2007,0
34,2,22,350,2008,0
34,2,22,350,2009,0
34,2,22,350,2010,0
34,2,22,350,2011,0
34,2,22,350,2012,0
34,2,22,350,2013,0
34,2,22,350,2014,0
34,2,22,350,2015,0
34,2,22,350,2016,0
34,2,27,350,1990,0
34,2,27,350,1991,0
34,2,27,350,1992,0
34,2,27,350,1993,0
34,2,27,350,1994,0
34,2,27,350,1995,0
34,2,27,350,1996,0
34,2,27,350,1997,0
34,2,27,350,1998,0
34,2,27,350,1999,0
34,2,27,350,2000,0
34,2,27,350,2001,0
34,2,27,350,2002,0
34,2,27,350,2003,0
34,2,27,350,2004,0
34,2,27,350,2005,0
34,2,27,350,2006,0
34,2,27,350,2007,0
34,2,27,350,2008,0
34,2,27,350,2009,0
34,2,27,350,2010,0
34,2,27,350,2011,0
34,2,27,350,2012,0
34,2,27,350,2013,0
34,2,27,350,2014,0
34,2,27,350,2015,0
34,2,27,350,2016,0
34,3,22,350,1990,0
34,3,22,350,1991,0
34,3,22,350,1992,0
34,3,22,350,1993,0
34,3,22,350,1994,0
34,3,22,350,1995,0
34,3,22,350,1996,0
34,3,22,350,1997,0
34,3,22,350,1998,0
34,3,22,350,1999,0
34,3,22,350,2000,0
34,3,22,350,2001,0
34,3,22,350,2002,0
34,3,22,350,2003,0
34,3,22,350,2004,0
34,3,22,350,2005,0
34,3,22,350,2006,0
34,3,22,350,2007,0
34,3,22,350,2008,0
34,3,22,350,2009,0
34,3,22,350,2010,0
34,3,22,350,2011,0
34,3,22,350,2012,0
34,3,22,350,2013,0
34,3,22,350,2014,0
34,3,22,350,2015,0
34,3,22,350,2016,0
34,3,27,350,1990,0
34,3,27,350,1991,0
34,3,27,350,1992,0
34,3,27,350,1993,0
34,3,27,350,1994,0
34,3,27,350,1995,0
34,3,27,350,1996,0
34,3,27,350,1997,0
34,3,27,350,1998,0
34,3,27,350,1999,0
34,3,27,350,2000,0
34,3,27,350,2001,0
34,3,27,350,2002,0
34,3,27,350,2003,0
34,3,27,350,2004,0
34,3,27,350,2005,0
34,3,27,350,2006,0
34,3,27,350,2007,0
34,3,27,350,2008,0
34,3,27,350,2009,0
34,3,27,350,2010,0
34,3,27,350,2011,0
34,3,27,350,2012,0
34,3,27,350,2013,0
34,3,27,350,2014,0
34,3,27,350,2015,0
34,3,27,350,2016,0
35,1,22,350,1990,0
35,1,22,350,1991,0
35,1,22,350,1992,0
35,1,22,350,1993,0
35,1,22,350,1994,0
35,1,22,350,1995,0
35,1,22,350,1996,0
35,1,22,350,1997,0
35,1,22,350,1998,0
35,1,22,350,1999,0
35,1,22,350,2000,0
35,1,22,350,2001,0
35,1,22,350,2002,0
35,1,22,350,2003,0
35,1,22,350,2004,0
35,1,22,350,2005,0
35,1,22,350,2006,0
35,1,22,350,2007,0
35,1,22,350,2008,0
35,1,22,350,2009,0
35,1,22,350,2010,0
35,1,22,350,2011,0
35,1,22,350,2012,0
35,1,22,350,2013,0
35,1,22,350,2014,0
35,1,22,350,2015,0
35,1,22,350,2016,0
35,1,27,350,1990,0
35,1,27,350,1991,0
35,1,27,350,1992,0
35,1,27,350,1993,0
35,1,27,350,1994,0
35,1,27,350,1995,0
35,1,27,350,1996,0
35,1,27,350,1997,0
35,1,27,350,1998,0
35,1,27,350,1999,0
35,1,27,350,2000,0
35,1,27,350,2001,0
35,1,27,350,2002,0
35,1,27,350,2003,0
35,1,27,350,2004,0
35,1,27,350,2005,0
35,1,27,350,2006,0
35,1,27,350,2007,0
35,1,27,350,2008,0
35,1,27,350,2009,0
35,1,27,350,2010,0
35,1,27,350,2011,0
35,1,27,350,2012,0
35,1,27,350,2013,0
35,1,27,350,2014,0
35,1,27,350,2015,0
35,1,27,350,2016,0
35,2,22,350,1990,0
35,2,22,350,1991,0
35,2,22,350,1992,0
35,2,22,350,1993,0
35,2,22,350,1994,0
35,2,22,350,1995,0
35,2,22,350,1996,0
35,2,22,350,1997,0
35,2,22,350,1998,0
35,2,22,350,1999,0
35,2,22,350,2000,0
35,2,22,350,2001,0
35,2,22,350,2002,0
35,2,22,350,2003,0
35,2,22,350,2004,0
35,2,22,350,2005,0
35,2,22,350,2006,0
35,2,22,350,2007,0
35,2,22,350,2008,0
35,2,22,350,2009,0
35,2,22,350,2010,0
35,2,22,350,2011,0
35,2,22,350,2012,0
35,2,22,350,2013,0
35,2,22,350,2014,0
35,2,22,350,2015,0
35,2,22,350,2016,0
35,2,27,350,1990,0
35,2,27,350,1991,0
35,2,27,350,1992,0
35,2,27,350,1993,0
35,2,27,350,1994,0
35,2,27,350,1995,0
35,2,27,350,1996,0
35,2,27,350,1997,0
35,2,27,350,1998,0
35,2,27,350,1999,0
35,2,27,350,2000,0
35,2,27,350,2001,0
35,2,27,350,2002,0
35,2,27,350,2003,0
35,2,27,350,2004,0
35,2,27,350,2005,0
35,2,27,350,2006,0
35,2,27,350,2007,0
35,2,27,350,2008,0
35,2,27,350,2009,0
35,2,27,350,2010,0
35,2,27,350,2011,0
35,2,27,350,2012,0
35,2,27,350,2013,0
35,2,27,350,2014,0
35,2,27,350,2015,0
35,2,27,350,2016,0
35,3,22,350,1990,0
35,3,22,350,1991,0
35,3,22,350,1992,0
35,3,22,350,1993,0
35,3,22,350,1994,0
35,3,22,350,1995,0
35,3,22,350,1996,0
35,3,22,350,1997,0
35,3,22,350,1998,0
35,3,22,350,1999,0
35,3,22,350,2000,0
35,3,22,350,2001,0
35,3,22,350,2002,0
35,3,22,350,2003,0
35,3,22,350,2004,0
35,3,22,350,2005,0
35,3,22,350,2006,0
35,3,22,350,2007,0
35,3,22,350,2008,0
35,3,22,350,2009,0
35,3,22,350,2010,0
35,3,22,350,2011,0
35,3,22,350,2012,0
35,3,22,350,2013,0
35,3,22,350,2014,0
35,3,22,350,2015,0
35,3,22,350,2016,0
35,3,27,350,1990,0
35,3,27,350,1991,0
35,3,27,350,1992,0
35,3,27,350,1993,0
35,3,27,350,1994,0
35,3,27,350,1995,0
35,3,27,350,1996,0
35,3,27,350,1997,0
35,3,27,350,1998,0
35,3,27,350,1999,0
35,3,27,350,2000,0
35,3,27,350,2001,0
35,3,27,350,2002,0
35,3,27,350,2003,0
35,3,27,350,2004,0
35,3,27,350,2005,0
35,3,27,350,2006,0
35,3,27,350,2007,0
35,3,27,350,2008,0
35,3,27,350,2009,0
35,3,27,350,2010,0
35,3,27,350,2011,0
35,3,27,350,2012,0
35,3,27,350,2013,0
35,3,27,350,2014,0
35,3,27,350,2015,0
35,3,27,350,2016,0
36,1,22,350,1990,0
36,1,22,350,1991,0
36,1,22,350,1992,0
36,1,22,350,1993,0
36,1,22,350,1994,0
36,1,22,350,1995,0
36,1,22,350,1996,0
36,1,22,350,1997,0
36,1,22,350,1998,0
36,1,22,350,1999,0
36,1,22,350,2000,0
36,1,22,350,2001,0
36,1,22,350,2002,0
36,1,22,350,2003,0
36,1,22,350,2004,0
36,1,22,350,2005,0
36,1,22,350,2006,0
36,1,22,350,2007,0
36,1,22,350,2008,0
36,1,22,350,2009,0
36,1,22,350,2010,0
36,1,22,350,2011,0
36,1,22,350,2012,0
36,1,22,350,2013,0
36,1,22,350,2014,0
36,1,22,350,2015,0
36,1,22,350,2016,0
36,1,27,350,1990,0
36,1,27,350,1991,0
36,1,27,350,1992,0
36,1,27,350,1993,0
36,1,27,350,1994,0
36,1,27,350,1995,0
36,1,27,350,1996,0
36,1,27,350,1997,0
36,1,27,350,1998,0
36,1,27,350,1999,0
36,1,27,350,2000,0
36,1,27,350,2001,0
36,1,27,350,2002,0
36,1,27,350,2003,0
36,1,27,350,2004,0
36,1,27,350,2005,0
36,1,27,350,2006,0
36,1,27,350,2007,0
36,1,27,350,2008,0
36,1,27,350,2009,0
36,1,27,350,2010,0
36,1,27,350,2011,0
36,1,27,350,2012,0
36,1,27,350,2013,0
36,1,27,350,2014,0
36,1,27,350,2015,0
36,1,27,350,2016,0
36,2,22,350,1990,0
36,2,22,350,1991,0
36,2,22,350,1992,0
36,2,22,350,1993,0
36,2,22,350,1994,0
36,2,22,350,1995,0
36,2,22,350,1996,0
36,2,22,350,1997,0
36,2,22,350,1998,0
36,2,22,350,1999,0
36,2,22,350,2000,0
36,2,22,350,2001,0
36,2,22,350,2002,0
36,2,22,350,2003,0
36,2,22,350,2004,0
36,2,22,350,2005,0
36,2,22,350,2006,0
36,2,22,350,2007,0
36,2,22,350,2008,0
36,2,22,350,2009,0
36,2,22,350,2010,0
36,2,22,350,2011,0
36,2,22,350,2012,0
36,2,22,350,2013,0
36,2,22,350,2014,0
36,2,22,350,2015,0
36,2,22,350,2016,0
36,2,27,350,1990,0
36,2,27,350,1991,0
36,2,27,350,1992,0
36,2,27,350,1993,0
36,2,27,350,1994,0
36,2,27,350,1995,0
36,2,27,350,1996,0
36,2,27,350,1997,0
36,2,27,350,1998,0
36,2,27,350,1999,0
36,2,27,350,2000,0
36,2,27,350,2001,0
36,2,27,350,2002,0
36,2,27,350,2003,0
36,2,27,350,2004,0
36,2,27,350,2005,0
36,2,27,350,2006,0
36,2,27,350,2007,0
36,2,27,350,2008,0
36,2,27,350,2009,0
36,2,27,350,2010,0
36,2,27,350,2011,0
36,2,27,350,2012,0
36,2,27,350,2013,0
36,2,27,350,2014,0
36,2,27,350,2015,0
36,2,27,350,2016,0
36,3,22,350,1990,0
36,3,22,350,1991,0
36,3,22,350,1992,0
36,3,22,350,1993,0
36,3,22,350,1994,0
36,3,22,350,1995,0
36,3,22,350,1996,0
36,3,22,350,1997,0
36,3,22,350,1998,0
36,3,22,350,1999,0
36,3,22,350,2000,0
36,3,22,350,2001,0
36,3,22,350,2002,0
36,3,22,350,2003,0
36,3,22,350,2004,0
36,3,22,350,2005,0
36,3,22,350,2006,0
36,3,22,350,2007,0
36,3,22,350,2008,0
36,3,22,350,2009,0
36,3,22,350,2010,0
36,3,22,350,2011,0
36,3,22,350,2012,0
36,3,22,350,2013,0
36,3,22,350,2014,0
36,3,22,350,2015,0
36,3,22,350,2016,0
36,3,27,350,1990,0
36,3,27,350,1991,0
36,3,27,350,1992,0
36,3,27,350,1993,0
36,3,27,350,1994,0
36,3,27,350,1995,0
36,3,27,350,1996,0
36,3,27,350,1997,0
36,3,27,350,1998,0
36,3,27,350,1999,0
36,3,27,350,2000,0
36,3,27,350,2001,0
36,3,27,350,2002,0
36,3,27,350,2003,0
36,3,27,350,2004,0
36,3,27,350,2005,0
36,3,27,350,2006,0
36,3,27,350,2007,0
36,3,27,350,2008,0
36,3,27,350,2009,0
36,3,27,350,2010,0
36,3,27,350,2011,0
36,3,27,350,2012,0
36,3,27,350,2013,0
36,3,27,350,2014,0
36,3,27,350,2015,0
36,3,27,350,2016,0
37,1,22,350,1990,0
37,1,22,350,1991,0
37,1,22,350,1992,0
37,1,22,350,1993,0
37,1,22,350,1994,0
37,1,22,350,1995,0
37,1,22,350,1996,0
37,1,22,350,1997,0
37,1,22,350,1998,0
37,1,22,350,1999,0
37,1,22,350,2000,0
37,1,22,350,2001,0
37,1,22,350,2002,0
37,1,22,350,2003,0
37,1,22,350,2004,0
37,1,22,350,2005,0
37,1,22,350,2006,0
37,1,22,350,2007,0
37,1,22,350,2008,0
37,1,22,350,2009,0
37,1,22,350,2010,0
37,1,22,350,2011,0
37,1,22,350,2012,0
37,1,22,350,2013,0
37,1,22,350,2014,0
37,1,22,350,2015,0
37,1,22,350,2016,0
37,1,27,350,1990,0
37,1,27,350,1991,0
37,1,27,350,1992,0
37,1,27,350,1993,0
37,1,27,350,1994,0
37,1,27,350,1995,0
37,1,27,350,1996,0
37,1,27,350,1997,0
37,1,27,350,1998,0
37,1,27,350,1999,0
37,1,27,350,2000,0
37,1,27,350,2001,0
37,1,27,350,2002,0
37,1,27,350,2003,0
37,1,27,350,2004,0
37,1,27,350,2005,0
37,1,27,350,2006,0
37,1,27,350,2007,0
37,1,27,350,2008,0
37,1,27,350,2009,0
37,1,27,350,2010,0
37,1,27,350,2011,0
37,1,27,350,2012,0
37,1,27,350,2013,0
37,1,27,350,2014,0
37,1,27,350,2015,0
37,1,27,350,2016,0
37,2,22,350,1990,0
37,2,22,350,1991,0
37,2,22,350,1992,0
37,2,22,350,1993,0
37,2,22,350,1994,0
37,2,22,350,1995,0
37,2,22,350,1996,0
37,2,22,350,1997,0
37,2,22,350,1998,0
37,2,22,350,1999,0
37,2,22,350,2000,0
37,2,22,350,2001,0
37,2,22,350,2002,0
37,2,22,350,2003,0
37,2,22,350,2004,0
37,2,22,350,2005,0
37,2,22,350,2006,0
37,2,22,350,2007,0
37,2,22,350,2008,0
37,2,22,350,2009,0
37,2,22,350,2010,0
37,2,22,350,2011,0
37,2,22,350,2012,0
37,2,22,350,2013,0
37,2,22,350,2014,0
37,2,22,350,2015,0
37,2,22,350,2016,0
37,2,27,350,1990,0
37,2,27,350,1991,0
37,2,27,350,1992,0
37,2,27,350,1993,0
37,2,27,350,1994,0
37,2,27,350,1995,0
37,2,27,350,1996,0
37,2,27,350,1997,0
37,2,27,350,1998,0
37,2,27,350,1999,0
37,2,27,350,2000,0
37,2,27,350,2001,0
37,2,27,350,2002,0
37,2,27,350,2003,0
37,2,27,350,2004,0
37,2,27,350,2005,0
37,2,27,350,2006,0
37,2,27,350,2007,0
37,2,27,350,2008,0
37,2,27,350,2009,0
37,2,27,350,2010,0
37,2,27,350,2011,0
37,2,27,350,2012,0
37,2,27,350,2013,0
37,2,27,350,2014,0
37,2,27,350,2015,0
37,2,27,350,2016,0
37,3,22,350,1990,0
37,3,22,350,1991,0
37,3,22,350,1992,0
37,3,22,350,1993,0
37,3,22,350,1994,0
37,3,22,350,1995,0
37,3,22,350,1996,0
37,3,22,350,1997,0
37,3,22,350,1998,0
37,3,22,350,1999,0
37,3,22,350,2000,0
37,3,22,350,2001,0
37,3,22,350,2002,0
37,3,22,350,2003,0
37,3,22,350,2004,0
37,3,22,350,2005,0
37,3,22,350,2006,0
37,3,22,350,2007,0
37,3,22,350,2008,0
37,3,22,350,2009,0
37,3,22,350,2010,0
37,3,22,350,2011,0
37,3,22,350,2012,0
37,3,22,350,2013,0
37,3,22,350,2014,0
37,3,22,350,2015,0
37,3,22,350,2016,0
37,3,27,350,1990,0
37,3,27,350,1991,0
37,3,27,350,1992,0
37,3,27,350,1993,0
37,3,27,350,1994,0
37,3,27,350,1995,0
37,3,27,350,1996,0
37,3,27,350,1997,0
37,3,27,350,1998,0
37,3,27,350,1999,0
37,3,27,350,2000,0
37,3,27,350,2001,0
37,3,27,350,2002,0
37,3,27,350,2003,0
37,3,27,350,2004,0
37,3,27,350,2005,0
37,3,27,350,2006,0
37,3,27,350,2007,0
37,3,27,350,2008,0
37,3,27,350,2009,0
37,3,27,350,2010,0
37,3,27,350,2011,0
37,3,27,350,2012,0
37,3,27,350,2013,0
37,3,27,350,2014,0
37,3,27,350,2015,0
37,3,27,350,2016,0
38,1,22,350,1990,0
38,1,22,350,1991,0
38,1,22,350,1992,0
38,1,22,350,1993,0
38,1,22,350,1994,0
38,1,22,350,1995,0
38,1,22,350,1996,0
38,1,22,350,1997,0
38,1,22,350,1998,0
38,1,22,350,1999,0
38,1,22,350,2000,0
38,1,22,350,2001,0
38,1,22,350,2002,0
38,1,22,350,2003,0
38,1,22,350,2004,0
38,1,22,350,2005,0
38,1,22,350,2006,0
38,1,22,350,2007,0
38,1,22,350,2008,0
38,1,22,350,2009,0
38,1,22,350,2010,0
38,1,22,350,2011,0
38,1,22,350,2012,0
38,1,22,350,2013,0
38,1,22,350,2014,0
38,1,22,350,2015,0
38,1,22,350,2016,0
38,1,27,350,1990,0
38,1,27,350,1991,0
38,1,27,350,1992,0
38,1,27,350,1993,0
38,1,27,350,1994,0
38,1,27,350,1995,0
38,1,27,350,1996,0
38,1,27,350,1997,0
38,1,27,350,1998,0
38,1,27,350,1999,0
38,1,27,350,2000,0
38,1,27,350,2001,0
38,1,27,350,2002,0
38,1,27,350,2003,0
38,1,27,350,2004,0
38,1,27,350,2005,0
38,1,27,350,2006,0
38,1,27,350,2007,0
38,1,27,350,2008,0
38,1,27,350,2009,0
38,1,27,350,2010,0
38,1,27,350,2011,0
38,1,27,350,2012,0
38,1,27,350,2013,0
38,1,27,350,2014,0
38,1,27,350,2015,0
38,1,27,350,2016,0
38,2,22,350,1990,0
38,2,22,350,1991,0
38,2,22,350,1992,0
38,2,22,350,1993,0
38,2,22,350,1994,0
38,2,22,350,1995,0
38,2,22,350,1996,0
38,2,22,350,1997,0
38,2,22,350,1998,0
38,2,22,350,1999,0
38,2,22,350,2000,0
38,2,22,350,2001,0
38,2,22,350,2002,0
38,2,22,350,2003,0
38,2,22,350,2004,0
38,2,22,350,2005,0
38,2,22,350,2006,0
38,2,22,350,2007,0
38,2,22,350,2008,0
38,2,22,350,2009,0
38,2,22,350,2010,0
38,2,22,350,2011,0
38,2,22,350,2012,0
38,2,22,350,2013,0
38,2,22,350,2014,0
38,2,22,350,2015,0
38,2,22,350,2016,0
38,2,27,350,1990,0
38,2,27,350,1991,0
38,2,27,350,1992,0
38,2,27,350,1993,0
38,2,27,350,1994,0
38,2,27,350,1995,0
38,2,27,350,1996,0
38,2,27,350,1997,0
38,2,27,350,1998,0
38,2,27,350,1999,0
38,2,27,350,2000,0
38,2,27,350,2001,0
38,2,27,350,2002,0
38,2,27,350,2003,0
38,2,27,350,2004,0
38,2,27,350,2005,0
38,2,27,350,2006,0
38,2,27,350,2007,0
38,2,27,350,2008,0
38,2,27,350,2009,0
38,2,27,350,2010,0
38,2,27,350,2011,0
38,2,27,350,2012,0
38,2,27,350,2013,0
38,2,27,350,2014,0
38,2,27,350,2015,0
38,2,27,350,2016,0
38,3,22,350,1990,0
38,3,22,350,1991,0
38,3,22,350,1992,0
38,3,22,350,1993,0
38,3,22,350,1994,0
38,3,22,350,1995,0
38,3,22,350,1996,0
38,3,22,350,1997,0
38,3,22,350,1998,0
38,3,22,350,1999,0
38,3,22,350,2000,0
38,3,22,350,2001,0
38,3,22,350,2002,0
38,3,22,350,2003,0
38,3,22,350,2004,0
38,3,22,350,2005,0
38,3,22,350,2006,0
38,3,22,350,2007,0
38,3,22,350,2008,0
38,3,22,350,2009,0
38,3,22,350,2010,0
38,3,22,350,2011,0
38,3,22,350,2012,0
38,3,22,350,2013,0
38,3,22,350,2014,0
38,3,22,350,2015,0
38,3,22,350,2016,0
38,3,27,350,1990,0
38,3,27,350,1991,0
38,3,27,350,1992,0
38,3,27,350,1993,0
38,3,27,350,1994,0
38,3,27,350,1995,0
38,3,27,350,1996,0
38,3,27,350,1997,0
38,3,27,350,1998,0
38,3,27,350,1999,0
38,3,27,350,2000,0
38,3,27,350,2001,0
38,3,27,350,2002,0
38,3,27,350,2003,0
38,3,27,350,2004,0
38,3,27,350,2005,0
38,3,27,350,2006,0
38,3,27,350,2007,0
38,3,27,350,2008,0
38,3,27,350,2009,0
38,3,27,350,2010,0
38,3,27,350,2011,0
38,3,27,350,2012,0
38,3,27,350,2013,0
38,3,27,350,2014,0
38,3,27,350,2015,0
38,3,27,350,2016,0
39,1,22,350,1990,0
39,1,22,350,1991,0
39,1,22,350,1992,0
39,1,22,350,1993,0
39,1,22,350,1994,0
39,1,22,350,1995,0
39,1,22,350,1996,0
39,1,22,350,1997,0
39,1,22,350,1998,0
39,1,22,350,1999,0
39,1,22,350,2000,0
39,1,22,350,2001,0
39,1,22,350,2002,0
39,1,22,350,2003,0
39,1,22,350,2004,0
39,1,22,350,2005,0
39,1,22,350,2006,0
39,1,22,350,2007,0
39,1,22,350,2008,0
39,1,22,350,2009,0
39,1,22,350,2010,0
39,1,22,350,2011,0
39,1,22,350,2012,0
39,1,22,350,2013,0
39,1,22,350,2014,0
39,1,22,350,2015,0
39,1,22,350,2016,0
39,1,27,350,1990,0
39,1,27,350,1991,0
39,1,27,350,1992,0
39,1,27,350,1993,0
39,1,27,350,1994,0
39,1,27,350,1995,0
39,1,27,350,1996,0
39,1,27,350,1997,0
39,1,27,350,1998,0
39,1,27,350,1999,0
39,1,27,350,2000,0
39,1,27,350,2001,0
39,1,27,350,2002,0
39,1,27,350,2003,0
39,1,27,350,2004,0
39,1,27,350,2005,0
39,1,27,350,2006,0
39,1,27,350,2007,0
39,1,27,350,2008,0
39,1,27,350,2009,0
39,1,27,350,2010,0
39,1,27,350,2011,0
39,1,27,350,2012,0
39,1,27,350,2013,0
39,1,27,350,2014,0
39,1,27,350,2015,0
39,1,27,350,2016,0
39,2,22,350,1990,0
39,2,22,350,1991,0
39,2,22,350,1992,0
39,2,22,350,1993,0
39,2,22,350,1994,0
39,2,22,350,1995,0
39,2,22,350,1996,0
39,2,22,350,1997,0
39,2,22,350,1998,0
39,2,22,350,1999,0
39,2,22,350,2000,0
39,2,22,350,2001,0
39,2,22,350,2002,0
39,2,22,350,2003,0
39,2,22,350,2004,0
39,2,22,350,2005,0
39,2,22,350,2006,0
39,2,22,350,2007,0
39,2,22,350,2008,0
39,2,22,350,2009,0
39,2,22,350,2010,0
39,2,22,350,2011,0
39,2,22,350,2012,0
39,2,22,350,2013,0
39,2,22,350,2014,0
39,2,22,350,2015,0
39,2,22,350,2016,0
39,2,27,350,1990,0
39,2,27,350,1991,0
39,2,27,350,1992,0
39,2,27,350,1993,0
39,2,27,350,1994,0
39,2,27,350,1995,0
39,2,27,350,1996,0
39,2,27,350,1997,0
39,2,27,350,1998,0
39,2,27,350,1999,0
39,2,27,350,2000,0
39,2,27,350,2001,0
39,2,27,350,2002,0
39,2,27,350,2003,0
39,2,27,350,2004,0
39,2,27,350,2005,0
39,2,27,350,2006,0
39,2,27,350,2007,0
39,2,27,350,2008,0
39,2,27,350,2009,0
39,2,27,350,2010,0
39,2,27,350,2011,0
39,2,27,350,2012,0
39,2,27,350,2013,0
39,2,27,350,2014,0
39,2,27,350,2015,0
39,2,27,350,2016,0
39,3,22,350,1990,0
39,3,22,350,1991,0
39,3,22,350,1992,0
39,3,22,350,1993,0
39,3,22,350,1994,0
39,3,22,350,1995,0
39,3,22,350,1996,0
39,3,22,350,1997,0
39,3,22,350,1998,0
39,3,22,350,1999,0
39,3,22,350,2000,0
39,3,22,350,2001,0
39,3,22,350,2002,0
39,3,22,350,2003,0
39,3,22,350,2004,0
39,3,22,350,2005,0
39,3,22,350,2006,0
39,3,22,350,2007,0
39,3,22,350,2008,0
39,3,22,350,2009,0
39,3,22,350,2010,0
39,3,22,350,2011,0
39,3,22,350,2012,0
39,3,22,350,2013,0
39,3,22,350,2014,0
39,3,22,350,2015,0
39,3,22,350,2016,0
39,3,27,350,1990,0
39,3,27,350,1991,0
39,3,27,350,1992,0
39,3,27,350,1993,0
39,3,27,350,1994,0
39,3,27,350,1995,0
39,3,27,350,1996,0
39,3,27,350,1997,0
39,3,27,350,1998,0
39,3,27,350,1999,0
39,3,27,350,2000,0
39,3,27,350,2001,0
39,3,27,350,2002,0
39,3,27,350,2003,0
39,3,27,350,2004,0
39,3,27,350,2005,0
39,3,27,350,2006,0
39,3,27,350,2007,0
39,3,27,350,2008,0
39,3,27,350,2009,0
39,3,27,350,2010,0
39,3,27,350,2011,0
39,3,27,350,2012,0
39,3,27,350,2013,0
39,3,27,350,2014,0
39,3,27,350,2015,0
39,3,27,350,2016,0
40,1,22,350,1990,0
40,1,22,350,1991,0
40,1,22,350,1992,0
40,1,22,350,1993,0
40,1,22,350,1994,0
40,1,22,350,1995,0
40,1,22,350,1996,0
40,1,22,350,1997,0
40,1,22,350,1998,0
40,1,22,350,1999,0
40,1,22,350,2000,0
40,1,22,350,2001,0
40,1,22,350,2002,0
40,1,22,350,2003,0
40,1,22,350,2004,0
40,1,22,350,2005,0
40,1,22,350,2006,0
40,1,22,350,2007,0
40,1,22,350,2008,0
40,1,22,350,2009,0
40,1,22,350,2010,0
40,1,22,350,2011,0
40,1,22,350,2012,0
40,1,22,350,2013,0
40,1,22,350,2014,0
40,1,22,350,2015,0
40,1,22,350,2016,0
40,1,27,350,1990,0
40,1,27,350,1991,0
40,1,27,350,1992,0
40,1,27,350,1993,0
40,1,27,350,1994,0
40,1,27,350,1995,0
40,1,27,350,1996,0
40,1,27,350,1997,0
40,1,27,350,1998,0
40,1,27,350,1999,0
40,1,27,350,2000,0
40,1,27,350,2001,0
40,1,27,350,2002,0
40,1,27,350,2003,0
40,1,27,350,2004,0
40,1,27,350,2005,0
40,1,27,350,2006,0
40,1,27,350,2007,0
40,1,27,350,2008,0
40,1,27,350,2009,0
40,1,27,350,2010,0
40,1,27,350,2011,0
40,1,27,350,2012,0
40,1,27,350,2013,0
40,1,27,350,2014,0
40,1,27,350,2015,0
40,1,27,350,2016,0
40,2,22,350,1990,0
40,2,22,350,1991,0
40,2,22,350,1992,0
40,2,22,350,1993,0
40,2,22,350,1994,0
40,2,22,350,1995,0
40,2,22,350,1996,0
40,2,22,350,1997,0
40,2,22,350,1998,0
40,2,22,350,1999,0
40,2,22,350,2000,0
40,2,22,350,2001,0
40,2,22,350,2002,0
40,2,22,350,2003,0
40,2,22,350,2004,0
40,2,22,350,2005,0
40,2,22,350,2006,0
40,2,22,350,2007,0
40,2,22,350,2008,0
40,2,22,350,2009,0
40,2,22,350,2010,0
40,2,22,350,2011,0
40,2,22,350,2012,0
40,2,22,350,2013,0
40,2,22,350,2014,0
40,2,22,350,2015,0
40,2,22,350,2016,0
40,2,27,350,1990,0
40,2,27,350,1991,0
40,2,27,350,1992,0
40,2,27,350,1993,0
40,2,27,350,1994,0
40,2,27,350,1995,0
40,2,27,350,1996,0
40,2,27,350,1997,0
40,2,27,350,1998,0
40,2,27,350,1999,0
40,2,27,350,2000,0
40,2,27,350,2001,0
40,2,27,350,2002,0
40,2,27,350,2003,0
40,2,27,350,2004,0
40,2,27,350,2005,0
40,2,27,350,2006,0
40,2,27,350,2007,0
40,2,27,350,2008,0
40,2,27,350,2009,0
40,2,27,350,2010,0
40,2,27,350,2011,0
40,2,27,350,2012,0
40,2,27,350,2013,0
40,2,27,350,2014,0
40,2,27,350,2015,0
40,2,27,350,2016,0
40,3,22,350,1990,0
40,3,22,350,1991,0
40,3,22,350,1992,0
40,3,22,350,1993,0
40,3,22,350,1994,0
40,3,22,350,1995,0
40,3,22,350,1996,0
40,3,22,350,1997,0
40,3,22,350,1998,0
40,3,22,350,1999,0
40,3,22,350,2000,0
40,3,22,350,2001,0
40,3,22,350,2002,0
40,3,22,350,2003,0
40,3,22,350,2004,0
40,3,22,350,2005,0
40,3,22,350,2006,0
40,3,22,350,2007,0
40,3,22,350,2008,0
40,3,22,350,2009,0
40,3,22,350,2010,0
40,3,22,350,2011,0
40,3,22,350,2012,0
40,3,22,350,2013,0
40,3,22,350,2014,0
40,3,22,350,2015,0
40,3,22,350,2016,0
40,3,27,350,1990,0
40,3,27,350,1991,0
40,3,27,350,1992,0
40,3,27,350,1993,0
40,3,27,350,1994,0
40,3,27,350,1995,0
40,3,27,350,1996,0
40,3,27,350,1997,0
40,3,27,350,1998,0
40,3,27,350,1999,0
40,3,27,350,2000,0
40,3,27,350,2001,0
40,3,27,350,2002,0
40,3,27,350,2003,0
40,3,27,350,2004,0
40,3,27,350,2005,0
40,3,27,350,2006,0
40,3,27,350,2007,0
40,3,27,350,2008,0
40,3,27,350,2009,0
40,3,27,350,2010,0
40,3,27,350,2011,0
40,3,27,350,2012,0
40,3,27,350,2013,0
40,3,27,350,2014,0
40,3,27,350,2015,0
40,3,27,350,2016,0
41,1,22,350,1990,0
41,1,22,350,1991,0
41,1,22,350,1992,0
41,1,22,350,1993,0
41,1,22,350,1994,0
41,1,22,350,1995,0
41,1,22,350,1996,0
41,1,22,350,1997,0
41,1,22,350,1998,0
41,1,22,350,1999,0
41,1,22,350,2000,0
41,1,22,350,2001,0
41,1,22,350,2002,0
41,1,22,350,2003,0
41,1,22,350,2004,0
41,1,22,350,2005,0
41,1,22,350,2006,0
41,1,22,350,2007,0
41,1,22,350,2008,0
41,1,22,350,2009,0
41,1,22,350,2010,0
41,1,22,350,2011,0
41,1,22,350,2012,0
41,1,22,350,2013,0
41,1,22,350,2014,0
41,1,22,350,2015,0
41,1,22,350,2016,0
41,1,27,350,1990,0
41,1,27,350,1991,0
41,1,27,350,1992,0
41,1,27,350,1993,0
41,1,27,350,1994,0
41,1,27,350,1995,0
41,1,27,350,1996,0
41,1,27,350,1997,0
41,1,27,350,1998,0
41,1,27,350,1999,0
41,1,27,350,2000,0
41,1,27,350,2001,0
41,1,27,350,2002,0
41,1,27,350,2003,0
41,1,27,350,2004,0
41,1,27,350,2005,0
41,1,27,350,2006,0
41,1,27,350,2007,0
41,1,27,350,2008,0
41,1,27,350,2009,0
41,1,27,350,2010,0
41,1,27,350,2011,0
41,1,27,350,2012,0
41,1,27,350,2013,0
41,1,27,350,2014,0
41,1,27,350,2015,0
41,1,27,350,2016,0
41,2,22,350,1990,0
41,2,22,350,1991,0
41,2,22,350,1992,0
41,2,22,350,1993,0
41,2,22,350,1994,0
41,2,22,350,1995,0
41,2,22,350,1996,0
41,2,22,350,1997,0
41,2,22,350,1998,0
41,2,22,350,1999,0
41,2,22,350,2000,0
41,2,22,350,2001,0
41,2,22,350,2002,0
41,2,22,350,2003,0
41,2,22,350,2004,0
41,2,22,350,2005,0
41,2,22,350,2006,0
41,2,22,350,2007,0
41,2,22,350,2008,0
41,2,22,350,2009,0
41,2,22,350,2010,0
41,2,22,350,2011,0
41,2,22,350,2012,0
41,2,22,350,2013,0
41,2,22,350,2014,0
41,2,22,350,2015,0
41,2,22,350,2016,0
41,2,27,350,1990,0
41,2,27,350,1991,0
41,2,27,350,1992,0
41,2,27,350,1993,0
41,2,27,350,1994,0
41,2,27,350,1995,0
41,2,27,350,1996,0
41,2,27,350,1997,0
41,2,27,350,1998,0
41,2,27,350,1999,0
41,2,27,350,2000,0
41,2,27,350,2001,0
41,2,27,350,2002,0
41,2,27,350,2003,0
41,2,27,350,2004,0
41,2,27,350,2005,0
41,2,27,350,2006,0
41,2,27,350,2007,0
41,2,27,350,2008,0
41,2,27,350,2009,0
41,2,27,350,2010,0
41,2,27,350,2011,0
41,2,27,350,2012,0
41,2,27,350,2013,0
41,2,27,350,2014,0
41,2,27,350,2015,0
41,2,27,350,2016,0
41,3,22,350,1990,0
41,3,22,350,1991,0
41,3,22,350,1992,0
41,3,22,350,1993,0
41,3,22,350,1994,0
41,3,22,350,1995,0
41,3,22,350,1996,0
41,3,22,350,1997,0
41,3,22,350,1998,0
41,3,22,350,1999,0
41,3,22,350,2000,0
41,3,22,350,2001,0
41,3,22,350,2002,0
41,3,22,350,2003,0
41,3,22,350,2004,0
41,3,22,350,2005,0
41,3,22,350,2006,0
41,3,22,350,2007,0
41,3,22,350,2008,0
41,3,22,350,2009,0
41,3,22,350,2010,0
41,3,22,350,2011,0
41,3,22,350,2012,0
41,3,22,350,2013,0
41,3,22,350,2014,0
41,3,22,350,2015,0
41,3,22,350,2016,0
41,3,27,350,1990,0
41,3,27,350,1991,0
41,3,27,350,1992,0
41,3,27,350,1993,0
41,3,27,350,1994,0
41,3,27,350,1995,0
41,3,27,350,1996,0
41,3,27,350,1997,0
41,3,27,350,1998,0
41,3,27,350,1999,0
41,3,27,350,2000,0
41,3,27,350,2001,0
41,3,27,350,2002,0
41,3,27,350,2003,0
41,3,27,350,2004,0
41,3,27,350,2005,0
41,3,27,350,2006,0
41,3,27,350,2007,0
41,3,27,350,2008,0
41,3,27,350,2009,0
41,3,27,350,2010,0
41,3,27,350,2011,0
41,3,27,350,2012,0
41,3,27,350,2013,0
41,3,27,350,2014,0
41,3,27,350,2015,0
41,3,27,350,2016,0
43,1,22,350,1990,0
43,1,22,350,1991,0
43,1,22,350,1992,0
43,1,22,350,1993,0
43,1,22,350,1994,0
43,1,22,350,1995,0
43,1,22,350,1996,0
43,1,22,350,1997,0
43,1,22,350,1998,0
43,1,22,350,1999,0
43,1,22,350,2000,0
43,1,22,350,2001,0
43,1,22,350,2002,0
43,1,22,350,2003,0
43,1,22,350,2004,0
43,1,22,350,2005,0
43,1,22,350,2006,0
43,1,22,350,2007,0
43,1,22,350,2008,0
43,1,22,350,2009,0
43,1,22,350,2010,0
43,1,22,350,2011,0
43,1,22,350,2012,0
43,1,22,350,2013,0
43,1,22,350,2014,0
43,1,22,350,2015,0
43,1,22,350,2016,0
43,1,27,350,1990,0
43,1,27,350,1991,0
43,1,27,350,1992,0
43,1,27,350,1993,0
43,1,27,350,1994,0
43,1,27,350,1995,0
43,1,27,350,1996,0
43,1,27,350,1997,0
43,1,27,350,1998,0
43,1,27,350,1999,0
43,1,27,350,2000,0
43,1,27,350,2001,0
43,1,27,350,2002,0
43,1,27,350,2003,0
43,1,27,350,2004,0
43,1,27,350,2005,0
43,1,27,350,2006,0
43,1,27,350,2007,0
43,1,27,350,2008,0
43,1,27,350,2009,0
43,1,27,350,2010,0
43,1,27,350,2011,0
43,1,27,350,2012,0
43,1,27,350,2013,0
43,1,27,350,2014,0
43,1,27,350,2015,0
43,1,27,350,2016,0
43,2,22,350,1990,0
43,2,22,350,1991,0
43,2,22,350,1992,0
43,2,22,350,1993,0
43,2,22,350,1994,0
43,2,22,350,1995,0
43,2,22,350,1996,0
43,2,22,350,1997,0
43,2,22,350,1998,0
43,2,22,350,1999,0
43,2,22,350,2000,0
43,2,22,350,2001,0
43,2,22,350,2002,0
43,2,22,350,2003,0
43,2,22,350,2004,0
43,2,22,350,2005,0
43,2,22,350,2006,0
43,2,22,350,2007,0
43,2,22,350,2008,0
43,2,22,350,2009,0
43,2,22,350,2010,0
43,2,22,350,2011,0
43,2,22,350,2012,0
43,2,22,350,2013,0
43,2,22,350,2014,0
43,2,22,350,2015,0
43,2,22,350,2016,0
43,2,27,350,1990,0
43,2,27,350,1991,0
43,2,27,350,1992,0
43,2,27,350,1993,0
43,2,27,350,1994,0
43,2,27,350,1995,0
43,2,27,350,1996,0
43,2,27,350,1997,0
43,2,27,350,1998,0
43,2,27,350,1999,0
43,2,27,350,2000,0
43,2,27,350,2001,0
43,2,27,350,2002,0
43,2,27,350,2003,0
43,2,27,350,2004,0
43,2,27,350,2005,0
43,2,27,350,2006,0
43,2,27,350,2007,0
43,2,27,350,2008,0
43,2,27,350,2009,0
43,2,27,350,2010,0
43,2,27,350,2011,0
43,2,27,350,2012,0
43,2,27,350,2013,0
43,2,27,350,2014,0
43,2,27,350,2015,0
43,2,27,350,2016,0
43,3,22,350,1990,0
43,3,22,350,1991,0
43,3,22,350,1992,0
43,3,22,350,1993,0
43,3,22,350,1994,0
43,3,22,350,1995,0
43,3,22,350,1996,0
43,3,22,350,1997,0
43,3,22,350,1998,0
43,3,22,350,1999,0
43,3,22,350,2000,0
43,3,22,350,2001,0
43,3,22,350,2002,0
43,3,22,350,2003,0
43,3,22,350,2004,0
43,3,22,350,2005,0
43,3,22,350,2006,0
43,3,22,350,2007,0
43,3,22,350,2008,0
43,3,22,350,2009,0
43,3,22,350,2010,0
43,3,22,350,2011,0
43,3,22,350,2012,0
43,3,22,350,2013,0
43,3,22,350,2014,0
43,3,22,350,2015,0
43,3,22,350,2016,0
43,3,27,350,1990,0
43,3,27,350,1991,0
43,3,27,350,1992,0
43,3,27,350,1993,0
43,3,27,350,1994,0
43,3,27,350,1995,0
43,3,27,350,1996,0
43,3,27,350,1997,0
43,3,27,350,1998,0
43,3,27,350,1999,0
43,3,27,350,2000,0
43,3,27,350,2001,0
43,3,27,350,2002,0
43,3,27,350,2003,0
43,3,27,350,2004,0
43,3,27,350,2005,0
43,3,27,350,2006,0
43,3,27,350,2007,0
43,3,27,350,2008,0
43,3,27,350,2009,0
43,3,27,350,2010,0
43,3,27,350,2011,0
43,3,27,350,2012,0
43,3,27,350,2013,0
43,3,27,350,2014,0
43,3,27,350,2015,0
43,3,27,350,2016,0
44,1,22,350,1990,0
44,1,22,350,1991,0
44,1,22,350,1992,0
44,1,22,350,1993,0
44,1,22,350,1994,0
44,1,22,350,1995,0
44,1,22,350,1996,0
44,1,22,350,1997,0
44,1,22,350,1998,0
44,1,22,350,1999,0
44,1,22,350,2000,0
44,1,22,350,2001,0
44,1,22,350,2002,0
44,1,22,350,2003,0
44,1,22,350,2004,0
44,1,22,350,2005,0
44,1,22,350,2006,0
44,1,22,350,2007,0
44,1,22,350,2008,0
44,1,22,350,2009,0
44,1,22,350,2010,0
44,1,22,350,2011,0
44,1,22,350,2012,0
44,1,22,350,2013,0
44,1,22,350,2014,0
44,1,22,350,2015,0
44,1,22,350,2016,0
44,1,27,350,1990,0
44,1,27,350,1991,0
44,1,27,350,1992,0
44,1,27,350,1993,0
44,1,27,350,1994,0
44,1,27,350,1995,0
44,1,27,350,1996,0
44,1,27,350,1997,0
44,1,27,350,1998,0
44,1,27,350,1999,0
44,1,27,350,2000,0
44,1,27,350,2001,0
44,1,27,350,2002,0
44,1,27,350,2003,0
44,1,27,350,2004,0
44,1,27,350,2005,0
44,1,27,350,2006,0
44,1,27,350,2007,0
44,1,27,350,2008,0
44,1,27,350,2009,0
44,1,27,350,2010,0
44,1,27,350,2011,0
44,1,27,350,2012,0
44,1,27,350,2013,0
44,1,27,350,2014,0
44,1,27,350,2015,0
44,1,27,350,2016,0
44,2,22,350,1990,0
44,2,22,350,1991,0
44,2,22,350,1992,0
44,2,22,350,1993,0
44,2,22,350,1994,0
44,2,22,350,1995,0
44,2,22,350,1996,0
44,2,22,350,1997,0
44,2,22,350,1998,0
44,2,22,350,1999,0
44,2,22,350,2000,0
44,2,22,350,2001,0
44,2,22,350,2002,0
44,2,22,350,2003,0
44,2,22,350,2004,0
44,2,22,350,2005,0
44,2,22,350,2006,0
44,2,22,350,2007,0
44,2,22,350,2008,0
44,2,22,350,2009,0
44,2,22,350,2010,0
44,2,22,350,2011,0
44,2,22,350,2012,0
44,2,22,350,2013,0
44,2,22,350,2014,0
44,2,22,350,2015,0
44,2,22,350,2016,0
44,2,27,350,1990,0
44,2,27,350,1991,0
44,2,27,350,1992,0
44,2,27,350,1993,0
44,2,27,350,1994,0
44,2,27,350,1995,0
44,2,27,350,1996,0
44,2,27,350,1997,0
44,2,27,350,1998,0
44,2,27,350,1999,0
44,2,27,350,2000,0
44,2,27,350,2001,0
44,2,27,350,2002,0
44,2,27,350,2003,0
44,2,27,350,2004,0
44,2,27,350,2005,0
44,2,27,350,2006,0
44,2,27,350,2007,0
44,2,27,350,2008,0
44,2,27,350,2009,0
44,2,27,350,2010,0
44,2,27,350,2011,0
44,2,27,350,2012,0
44,2,27,350,2013,0
44,2,27,350,2014,0
44,2,27,350,2015,0
44,2,27,350,2016,0
44,3,22,350,1990,0
44,3,22,350,1991,0
44,3,22,350,1992,0
44,3,22,350,1993,0
44,3,22,350,1994,0
44,3,22,350,1995,0
44,3,22,350,1996,0
44,3,22,350,1997,0
44,3,22,350,1998,0
44,3,22,350,1999,0
44,3,22,350,2000,0
44,3,22,350,2001,0
44,3,22,350,2002,0
44,3,22,350,2003,0
44,3,22,350,2004,0
44,3,22,350,2005,0
44,3,22,350,2006,0
44,3,22,350,2007,0
44,3,22,350,2008,0
44,3,22,350,2009,0
44,3,22,350,2010,0
44,3,22,350,2011,0
44,3,22,350,2012,0
44,3,22,350,2013,0
44,3,22,350,2014,0
44,3,22,350,2015,0
44,3,22,350,2016,0
44,3,27,350,1990,0
44,3,27,350,1991,0
44,3,27,350,1992,0
44,3,27,350,1993,0
44,3,27,350,1994,0
44,3,27,350,1995,0
44,3,27,350,1996,0
44,3,27,350,1997,0
44,3,27,350,1998,0
44,3,27,350,1999,0
44,3,27,350,2000,0
44,3,27,350,2001,0
44,3,27,350,2002,0
44,3,27,350,2003,0
44,3,27,350,2004,0
44,3,27,350,2005,0
44,3,27,350,2006,0
44,3,27,350,2007,0
44,3,27,350,2008,0
44,3,27,350,2009,0
44,3,27,350,2010,0
44,3,27,350,2011,0
44,3,27,350,2012,0
44,3,27,350,2013,0
44,3,27,350,2014,0
44,3,27,350,2015,0
44,3,27,350,2016,0
45,1,22,350,1990,0
45,1,22,350,1991,0
45,1,22,350,1992,0
45,1,22,350,1993,0
45,1,22,350,1994,0
45,1,22,350,1995,0
45,1,22,350,1996,0
45,1,22,350,1997,0
45,1,22,350,1998,0
45,1,22,350,1999,0
45,1,22,350,2000,0
45,1,22,350,2001,0
45,1,22,350,2002,0
45,1,22,350,2003,0
45,1,22,350,2004,0
45,1,22,350,2005,0
45,1,22,350,2006,0
45,1,22,350,2007,0
45,1,22,350,2008,0
45,1,22,350,2009,0
45,1,22,350,2010,0
45,1,22,350,2011,0
45,1,22,350,2012,0
45,1,22,350,2013,0
45,1,22,350,2014,0
45,1,22,350,2015,0
45,1,22,350,2016,0
45,1,27,350,1990,0
45,1,27,350,1991,0
45,1,27,350,1992,0
45,1,27,350,1993,0
45,1,27,350,1994,0
45,1,27,350,1995,0
45,1,27,350,1996,0
45,1,27,350,1997,0
45,1,27,350,1998,0
45,1,27,350,1999,0
45,1,27,350,2000,0
45,1,27,350,2001,0
45,1,27,350,2002,0
45,1,27,350,2003,0
45,1,27,350,2004,0
45,1,27,350,2005,0
45,1,27,350,2006,0
45,1,27,350,2007,0
45,1,27,350,2008,0
45,1,27,350,2009,0
45,1,27,350,2010,0
45,1,27,350,2011,0
45,1,27,350,2012,0
45,1,27,350,2013,0
45,1,27,350,2014,0
45,1,27,350,2015,0
45,1,27,350,2016,0
45,2,22,350,1990,0
45,2,22,350,1991,0
45,2,22,350,1992,0
45,2,22,350,1993,0
45,2,22,350,1994,0
45,2,22,350,1995,0
45,2,22,350,1996,0
45,2,22,350,1997,0
45,2,22,350,1998,0
45,2,22,350,1999,0
45,2,22,350,2000,0
45,2,22,350,2001,0
45,2,22,350,2002,0
45,2,22,350,2003,0
45,2,22,350,2004,0
45,2,22,350,2005,0
45,2,22,350,2006,0
45,2,22,350,2007,0
45,2,22,350,2008,0
45,2,22,350,2009,0
45,2,22,350,2010,0
45,2,22,350,2011,0
45,2,22,350,2012,0
45,2,22,350,2013,0
45,2,22,350,2014,0
45,2,22,350,2015,0
45,2,22,350,2016,0
45,2,27,350,1990,0
45,2,27,350,1991,0
45,2,27,350,1992,0
45,2,27,350,1993,0
45,2,27,350,1994,0
45,2,27,350,1995,0
45,2,27,350,1996,0
45,2,27,350,1997,0
45,2,27,350,1998,0
45,2,27,350,1999,0
45,2,27,350,2000,0
45,2,27,350,2001,0
45,2,27,350,2002,0
45,2,27,350,2003,0
45,2,27,350,2004,0
45,2,27,350,2005,0
45,2,27,350,2006,0
45,2,27,350,2007,0
45,2,27,350,2008,0
45,2,27,350,2009,0
45,2,27,350,2010,0
45,2,27,350,2011,0
45,2,27,350,2012,0
45,2,27,350,2013,0
45,2,27,350,2014,0
45,2,27,350,2015,0
45,2,27,350,2016,0
45,3,22,350,1990,0
45,3,22,350,1991,0
45,3,22,350,1992,0
45,3,22,350,1993,0
45,3,22,350,1994,0
45,3,22,350,1995,0
45,3,22,350,1996,0
45,3,22,350,1997,0
45,3,22,350,1998,0
45,3,22,350,1999,0
45,3,22,350,2000,0
45,3,22,350,2001,0
45,3,22,350,2002,0
45,3,22,350,2003,0
45,3,22,350,2004,0
45,3,22,350,2005,0
45,3,22,350,2006,0
45,3,22,350,2007,0
45,3,22,350,2008,0
45,3,22,350,2009,0
45,3,22,350,2010,0
45,3,22,350,2011,0
45,3,22,350,2012,0
45,3,22,350,2013,0
45,3,22,350,2014,0
45,3,22,350,2015,0
45,3,22,350,2016,0
45,3,27,350,1990,0
45,3,27,350,1991,0
45,3,27,350,1992,0
45,3,27,350,1993,0
45,3,27,350,1994,0
45,3,27,350,1995,0
45,3,27,350,1996,0
45,3,27,350,1997,0
45,3,27,350,1998,0
45,3,27,350,1999,0
45,3,27,350,2000,0
45,3,27,350,2001,0
45,3,27,350,2002,0
45,3,27,350,2003,0
45,3,27,350,2004,0
45,3,27,350,2005,0
45,3,27,350,2006,0
45,3,27,350,2007,0
45,3,27,350,2008,0
45,3,27,350,2009,0
45,3,27,350,2010,0
45,3,27,350,2011,0
45,3,27,350,2012,0
45,3,27,350,2013,0
45,3,27,350,2014,0
45,3,27,350,2015,0
45,3,27,350,2016,0
46,1,22,350,1990,0
46,1,22,350,1991,0
46,1,22,350,1992,0
46,1,22,350,1993,0
46,1,22,350,1994,0
46,1,22,350,1995,0
46,1,22,350,1996,0
46,1,22,350,1997,0
46,1,22,350,1998,0
46,1,22,350,1999,0
46,1,22,350,2000,0
46,1,22,350,2001,0
46,1,22,350,2002,0
46,1,22,350,2003,0
46,1,22,350,2004,0
46,1,22,350,2005,0
46,1,22,350,2006,0
46,1,22,350,2007,0
46,1,22,350,2008,0
46,1,22,350,2009,0
46,1,22,350,2010,0
46,1,22,350,2011,0
46,1,22,350,2012,0
46,1,22,350,2013,0
46,1,22,350,2014,0
46,1,22,350,2015,0
46,1,22,350,2016,0
46,1,27,350,1990,0
46,1,27,350,1991,0
46,1,27,350,1992,0
46,1,27,350,1993,0
46,1,27,350,1994,0
46,1,27,350,1995,0
46,1,27,350,1996,0
46,1,27,350,1997,0
46,1,27,350,1998,0
46,1,27,350,1999,0
46,1,27,350,2000,0
46,1,27,350,2001,0
46,1,27,350,2002,0
46,1,27,350,2003,0
46,1,27,350,2004,0
46,1,27,350,2005,0
46,1,27,350,2006,0
46,1,27,350,2007,0
46,1,27,350,2008,0
46,1,27,350,2009,0
46,1,27,350,2010,0
46,1,27,350,2011,0
46,1,27,350,2012,0
46,1,27,350,2013,0
46,1,27,350,2014,0
46,1,27,350,2015,0
46,1,27,350,2016,0
46,2,22,350,1990,0
46,2,22,350,1991,0
46,2,22,350,1992,0
46,2,22,350,1993,0
46,2,22,350,1994,0
46,2,22,350,1995,0
46,2,22,350,1996,0
46,2,22,350,1997,0
46,2,22,350,1998,0
46,2,22,350,1999,0
46,2,22,350,2000,0
46,2,22,350,2001,0
46,2,22,350,2002,0
46,2,22,350,2003,0
46,2,22,350,2004,0
46,2,22,350,2005,0
46,2,22,350,2006,0
46,2,22,350,2007,0
46,2,22,350,2008,0
46,2,22,350,2009,0
46,2,22,350,2010,0
46,2,22,350,2011,0
46,2,22,350,2012,0
46,2,22,350,2013,0
46,2,22,350,2014,0
46,2,22,350,2015,0
46,2,22,350,2016,0
46,2,27,350,1990,0
46,2,27,350,1991,0
46,2,27,350,1992,0
46,2,27,350,1993,0
46,2,27,350,1994,0
46,2,27,350,1995,0
46,2,27,350,1996,0
46,2,27,350,1997,0
46,2,27,350,1998,0
46,2,27,350,1999,0
46,2,27,350,2000,0
46,2,27,350,2001,0
46,2,27,350,2002,0
46,2,27,350,2003,0
46,2,27,350,2004,0
46,2,27,350,2005,0
46,2,27,350,2006,0
46,2,27,350,2007,0
46,2,27,350,2008,0
46,2,27,350,2009,0
46,2,27,350,2010,0
46,2,27,350,2011,0
46,2,27,350,2012,0
46,2,27,350,2013,0
46,2,27,350,2014,0
46,2,27,350,2015,0
46,2,27,350,2016,0
46,3,22,350,1990,0
46,3,22,350,1991,0
46,3,22,350,1992,0
46,3,22,350,1993,0
46,3,22,350,1994,0
46,3,22,350,1995,0
46,3,22,350,1996,0
46,3,22,350,1997,0
46,3,22,350,1998,0
46,3,22,350,1999,0
46,3,22,350,2000,0
46,3,22,350,2001,0
46,3,22,350,2002,0
46,3,22,350,2003,0
46,3,22,350,2004,0
46,3,22,350,2005,0
46,3,22,350,2006,0
46,3,22,350,2007,0
46,3,22,350,2008,0
46,3,22,350,2009,0
46,3,22,350,2010,0
46,3,22,350,2011,0
46,3,22,350,2012,0
46,3,22,350,2013,0
46,3,22,350,2014,0
46,3,22,350,2015,0
46,3,22,350,2016,0
46,3,27,350,1990,0
46,3,27,350,1991,0
46,3,27,350,1992,0
46,3,27,350,1993,0
46,3,27,350,1994,0
46,3,27,350,1995,0
46,3,27,350,1996,0
46,3,27,350,1997,0
46,3,27,350,1998,0
46,3,27,350,1999,0
46,3,27,350,2000,0
46,3,27,350,2001,0
46,3,27,350,2002,0
46,3,27,350,2003,0
46,3,27,350,2004,0
46,3,27,350,2005,0
46,3,27,350,2006,0
46,3,27,350,2007,0
46,3,27,350,2008,0
46,3,27,350,2009,0
46,3,27,350,2010,0
46,3,27,350,2011,0
46,3,27,350,2012,0
46,3,27,350,2013,0
46,3,27,350,2014,0
46,3,27,350,2015,0
46,3,27,350,2016,0
47,1,22,350,1990,0
47,1,22,350,1991,0
47,1,22,350,1992,0
47,1,22,350,1993,0
47,1,22,350,1994,0
47,1,22,350,1995,0
47,1,22,350,1996,0
47,1,22,350,1997,0
47,1,22,350,1998,0
47,1,22,350,1999,0
47,1,22,350,2000,0
47,1,22,350,2001,0
47,1,22,350,2002,0
47,1,22,350,2003,0
47,1,22,350,2004,0
47,1,22,350,2005,0
47,1,22,350,2006,0
47,1,22,350,2007,0
47,1,22,350,2008,0
47,1,22,350,2009,0
47,1,22,350,2010,0
47,1,22,350,2011,0
47,1,22,350,2012,0
47,1,22,350,2013,0
47,1,22,350,2014,0
47,1,22,350,2015,0
47,1,22,350,2016,0
47,1,27,350,1990,0
47,1,27,350,1991,0
47,1,27,350,1992,0
47,1,27,350,1993,0
47,1,27,350,1994,0
47,1,27,350,1995,0
47,1,27,350,1996,0
47,1,27,350,1997,0
47,1,27,350,1998,0
47,1,27,350,1999,0
47,1,27,350,2000,0
47,1,27,350,2001,0
47,1,27,350,2002,0
47,1,27,350,2003,0
47,1,27,350,2004,0
47,1,27,350,2005,0
47,1,27,350,2006,0
47,1,27,350,2007,0
47,1,27,350,2008,0
47,1,27,350,2009,0
47,1,27,350,2010,0
47,1,27,350,2011,0
47,1,27,350,2012,0
47,1,27,350,2013,0
47,1,27,350,2014,0
47,1,27,350,2015,0
47,1,27,350,2016,0
47,2,22,350,1990,0
47,2,22,350,1991,0
47,2,22,350,1992,0
47,2,22,350,1993,0
47,2,22,350,1994,0
47,2,22,350,1995,0
47,2,22,350,1996,0
47,2,22,350,1997,0
47,2,22,350,1998,0
47,2,22,350,1999,0
47,2,22,350,2000,0
47,2,22,350,2001,0
47,2,22,350,2002,0
47,2,22,350,2003,0
47,2,22,350,2004,0
47,2,22,350,2005,0
47,2,22,350,2006,0
47,2,22,350,2007,0
47,2,22,350,2008,0
47,2,22,350,2009,0
47,2,22,350,2010,0
47,2,22,350,2011,0
47,2,22,350,2012,0
47,2,22,350,2013,0
47,2,22,350,2014,0
47,2,22,350,2015,0
47,2,22,350,2016,0
47,2,27,350,1990,0
47,2,27,350,1991,0
47,2,27,350,1992,0
47,2,27,350,1993,0
47,2,27,350,1994,0
47,2,27,350,1995,0
47,2,27,350,1996,0
47,2,27,350,1997,0
47,2,27,350,1998,0
47,2,27,350,1999,0
47,2,27,350,2000,0
47,2,27,350,2001,0
47,2,27,350,2002,0
47,2,27,350,2003,0
47,2,27,350,2004,0
47,2,27,350,2005,0
47,2,27,350,2006,0
47,2,27,350,2007,0
47,2,27,350,2008,0
47,2,27,350,2009,0
47,2,27,350,2010,0
47,2,27,350,2011,0
47,2,27,350,2012,0
47,2,27,350,2013,0
47,2,27,350,2014,0
47,2,27,350,2015,0
47,2,27,350,2016,0
47,3,22,350,1990,0
47,3,22,350,1991,0
47,3,22,350,1992,0
47,3,22,350,1993,0
47,3,22,350,1994,0
47,3,22,350,1995,0
47,3,22,350,1996,0
47,3,22,350,1997,0
47,3,22,350,1998,0
47,3,22,350,1999,0
47,3,22,350,2000,0
47,3,22,350,2001,0
47,3,22,350,2002,0
47,3,22,350,2003,0
47,3,22,350,2004,0
47,3,22,350,2005,0
47,3,22,350,2006,0
47,3,22,350,2007,0
47,3,22,350,2008,0
47,3,22,350,2009,0
47,3,22,350,2010,0
47,3,22,350,2011,0
47,3,22,350,2012,0
47,3,22,350,2013,0
47,3,22,350,2014,0
47,3,22,350,2015,0
47,3,22,350,2016,0
47,3,27,350,1990,0
47,3,27,350,1991,0
47,3,27,350,1992,0
47,3,27,350,1993,0
47,3,27,350,1994,0
47,3,27,350,1995,0
47,3,27,350,1996,0
47,3,27,350,1997,0
47,3,27,350,1998,0
47,3,27,350,1999,0
47,3,27,350,2000,0
47,3,27,350,2001,0
47,3,27,350,2002,0
47,3,27,350,2003,0
47,3,27,350,2004,0
47,3,27,350,2005,0
47,3,27,350,2006,0
47,3,27,350,2007,0
47,3,27,350,2008,0
47,3,27,350,2009,0
47,3,27,350,2010,0
47,3,27,350,2011,0
47,3,27,350,2012,0
47,3,27,350,2013,0
47,3,27,350,2014,0
47,3,27,350,2015,0
47,3,27,350,2016,0
48,1,22,350,1990,0
48,1,22,350,1991,0
48,1,22,350,1992,0
48,1,22,350,1993,0
48,1,22,350,1994,0
48,1,22,350,1995,0
48,1,22,350,1996,0
48,1,22,350,1997,0
48,1,22,350,1998,0
48,1,22,350,1999,0
48,1,22,350,2000,0
48,1,22,350,2001,0
48,1,22,350,2002,0
48,1,22,350,2003,0
48,1,22,350,2004,0
48,1,22,350,2005,0
48,1,22,350,2006,0
48,1,22,350,2007,0
48,1,22,350,2008,0
48,1,22,350,2009,0
48,1,22,350,2010,0
48,1,22,350,2011,0
48,1,22,350,2012,0
48,1,22,350,2013,0
48,1,22,350,2014,0
48,1,22,350,2015,0
48,1,22,350,2016,0
48,1,27,350,1990,0
48,1,27,350,1991,0
48,1,27,350,1992,0
48,1,27,350,1993,0
48,1,27,350,1994,0
48,1,27,350,1995,0
48,1,27,350,1996,0
48,1,27,350,1997,0
48,1,27,350,1998,0
48,1,27,350,1999,0
48,1,27,350,2000,0
48,1,27,350,2001,0
48,1,27,350,2002,0
48,1,27,350,2003,0
48,1,27,350,2004,0
48,1,27,350,2005,0
48,1,27,350,2006,0
48,1,27,350,2007,0
48,1,27,350,2008,0
48,1,27,350,2009,0
48,1,27,350,2010,0
48,1,27,350,2011,0
48,1,27,350,2012,0
48,1,27,350,2013,0
48,1,27,350,2014,0
48,1,27,350,2015,0
48,1,27,350,2016,0
48,2,22,350,1990,0
48,2,22,350,1991,0
48,2,22,350,1992,0
48,2,22,350,1993,0
48,2,22,350,1994,0
48,2,22,350,1995,0
48,2,22,350,1996,0
48,2,22,350,1997,0
48,2,22,350,1998,0
48,2,22,350,1999,0
48,2,22,350,2000,0
48,2,22,350,2001,0
48,2,22,350,2002,0
48,2,22,350,2003,0
48,2,22,350,2004,0
48,2,22,350,2005,0
48,2,22,350,2006,0
48,2,22,350,2007,0
48,2,22,350,2008,0
48,2,22,350,2009,0
48,2,22,350,2010,0
48,2,22,350,2011,0
48,2,22,350,2012,0
48,2,22,350,2013,0
48,2,22,350,2014,0
48,2,22,350,2015,0
48,2,22,350,2016,0
48,2,27,350,1990,0
48,2,27,350,1991,0
48,2,27,350,1992,0
48,2,27,350,1993,0
48,2,27,350,1994,0
48,2,27,350,1995,0
48,2,27,350,1996,0
48,2,27,350,1997,0
48,2,27,350,1998,0
48,2,27,350,1999,0
48,2,27,350,2000,0
48,2,27,350,2001,0
48,2,27,350,2002,0
48,2,27,350,2003,0
48,2,27,350,2004,0
48,2,27,350,2005,0
48,2,27,350,2006,0
48,2,27,350,2007,0
48,2,27,350,2008,0
48,2,27,350,2009,0
48,2,27,350,2010,0
48,2,27,350,2011,0
48,2,27,350,2012,0
48,2,27,350,2013,0
48,2,27,350,2014,0
48,2,27,350,2015,0
48,2,27,350,2016,0
48,3,22,350,1990,0
48,3,22,350,1991,0
48,3,22,350,1992,0
48,3,22,350,1993,0
48,3,22,350,1994,0
48,3,22,350,1995,0
48,3,22,350,1996,0
48,3,22,350,1997,0
48,3,22,350,1998,0
48,3,22,350,1999,0
48,3,22,350,2000,0
48,3,22,350,2001,0
48,3,22,350,2002,0
48,3,22,350,2003,0
48,3,22,350,2004,0
48,3,22,350,2005,0
48,3,22,350,2006,0
48,3,22,350,2007,0
48,3,22,350,2008,0
48,3,22,350,2009,0
48,3,22,350,2010,0
48,3,22,350,2011,0
48,3,22,350,2012,0
48,3,22,350,2013,0
48,3,22,350,2014,0
48,3,22,350,2015,0
48,3,22,350,2016,0
48,3,27,350,1990,0
48,3,27,350,1991,0
48,3,27,350,1992,0
48,3,27,350,1993,0
48,3,27,350,1994,0
48,3,27,350,1995,0
48,3,27,350,1996,0
48,3,27,350,1997,0
48,3,27,350,1998,0
48,3,27,350,1999,0
48,3,27,350,2000,0
48,3,27,350,2001,0
48,3,27,350,2002,0
48,3,27,350,2003,0
48,3,27,350,2004,0
48,3,27,350,2005,0
48,3,27,350,2006,0
48,3,27,350,2007,0
48,3,27,350,2008,0
48,3,27,350,2009,0
48,3,27,350,2010,0
48,3,27,350,2011,0
48,3,27,350,2012,0
48,3,27,350,2013,0
48,3,27,350,2014,0
48,3,27,350,2015,0
48,3,27,350,2016,0
49,1,22,350,1990,0
49,1,22,350,1991,0
49,1,22,350,1992,0
49,1,22,350,1993,0
49,1,22,350,1994,0
49,1,22,350,1995,0
49,1,22,350,1996,0
49,1,22,350,1997,0
49,1,22,350,1998,0
49,1,22,350,1999,0
49,1,22,350,2000,0
49,1,22,350,2001,0
49,1,22,350,2002,0
49,1,22,350,2003,0
49,1,22,350,2004,0
49,1,22,350,2005,0
49,1,22,350,2006,0
49,1,22,350,2007,0
49,1,22,350,2008,0
49,1,22,350,2009,0
49,1,22,350,2010,0
49,1,22,350,2011,0
49,1,22,350,2012,0
49,1,22,350,2013,0
49,1,22,350,2014,0
49,1,22,350,2015,0
49,1,22,350,2016,0
49,1,27,350,1990,0
49,1,27,350,1991,0
49,1,27,350,1992,0
49,1,27,350,1993,0
49,1,27,350,1994,0
49,1,27,350,1995,0
49,1,27,350,1996,0
49,1,27,350,1997,0
49,1,27,350,1998,0
49,1,27,350,1999,0
49,1,27,350,2000,0
49,1,27,350,2001,0
49,1,27,350,2002,0
49,1,27,350,2003,0
49,1,27,350,2004,0
49,1,27,350,2005,0
49,1,27,350,2006,0
49,1,27,350,2007,0
49,1,27,350,2008,0
49,1,27,350,2009,0
49,1,27,350,2010,0
49,1,27,350,2011,0
49,1,27,350,2012,0
49,1,27,350,2013,0
49,1,27,350,2014,0
49,1,27,350,2015,0
49,1,27,350,2016,0
49,2,22,350,1990,0
49,2,22,350,1991,0
49,2,22,350,1992,0
49,2,22,350,1993,0
49,2,22,350,1994,0
49,2,22,350,1995,0
49,2,22,350,1996,0
49,2,22,350,1997,0
49,2,22,350,1998,0
49,2,22,350,1999,0
49,2,22,350,2000,0
49,2,22,350,2001,0
49,2,22,350,2002,0
49,2,22,350,2003,0
49,2,22,350,2004,0
49,2,22,350,2005,0
49,2,22,350,2006,0
49,2,22,350,2007,0
49,2,22,350,2008,0
49,2,22,350,2009,0
49,2,22,350,2010,0
49,2,22,350,2011,0
49,2,22,350,2012,0
49,2,22,350,2013,0
49,2,22,350,2014,0
49,2,22,350,2015,0
49,2,22,350,2016,0
49,2,27,350,1990,0
49,2,27,350,1991,0
49,2,27,350,1992,0
49,2,27,350,1993,0
49,2,27,350,1994,0
49,2,27,350,1995,0
49,2,27,350,1996,0
49,2,27,350,1997,0
49,2,27,350,1998,0
49,2,27,350,1999,0
49,2,27,350,2000,0
49,2,27,350,2001,0
49,2,27,350,2002,0
49,2,27,350,2003,0
49,2,27,350,2004,0
49,2,27,350,2005,0
49,2,27,350,2006,0
49,2,27,350,2007,0
49,2,27,350,2008,0
49,2,27,350,2009,0
49,2,27,350,2010,0
49,2,27,350,2011,0
49,2,27,350,2012,0
49,2,27,350,2013,0
49,2,27,350,2014,0
49,2,27,350,2015,0
49,2,27,350,2016,0
49,3,22,350,1990,0
49,3,22,350,1991,0
49,3,22,350,1992,0
49,3,22,350,1993,0
49,3,22,350,1994,0
49,3,22,350,1995,0
49,3,22,350,1996,0
49,3,22,350,1997,0
49,3,22,350,1998,0
49,3,22,350,1999,0
49,3,22,350,2000,0
49,3,22,350,2001,0
49,3,22,350,2002,0
49,3,22,350,2003,0
49,3,22,350,2004,0
49,3,22,350,2005,0
49,3,22,350,2006,0
49,3,22,350,2007,0
49,3,22,350,2008,0
49,3,22,350,2009,0
49,3,22,350,2010,0
49,3,22,350,2011,0
49,3,22,350,2012,0
49,3,22,350,2013,0
49,3,22,350,2014,0
49,3,22,350,2015,0
49,3,22,350,2016,0
49,3,27,350,1990,0
49,3,27,350,1991,0
49,3,27,350,1992,0
49,3,27,350,1993,0
49,3,27,350,1994,0
49,3,27,350,1995,0
49,3,27,350,1996,0
49,3,27,350,1997,0
49,3,27,350,1998,0
49,3,27,350,1999,0
49,3,27,350,2000,0
49,3,27,350,2001,0
49,3,27,350,2002,0
49,3,27,350,2003,0
49,3,27,350,2004,0
49,3,27,350,2005,0
49,3,27,350,2006,0
49,3,27,350,2007,0
49,3,27,350,2008,0
49,3,27,350,2009,0
49,3,27,350,2010,0
49,3,27,350,2011,0
49,3,27,350,2012,0
49,3,27,350,2013,0
49,3,27,350,2014,0
49,3,27,350,2015,0
49,3,27,350,2016,0
50,1,22,350,1990,0
50,1,22,350,1991,0
50,1,22,350,1992,0
50,1,22,350,1993,0
50,1,22,350,1994,0
50,1,22,350,1995,0
50,1,22,350,1996,0
50,1,22,350,1997,0
50,1,22,350,1998,0
50,1,22,350,1999,0
50,1,22,350,2000,0
50,1,22,350,2001,0
50,1,22,350,2002,0
50,1,22,350,2003,0
50,1,22,350,2004,0
50,1,22,350,2005,0
50,1,22,350,2006,0
50,1,22,350,2007,0
50,1,22,350,2008,0
50,1,22,350,2009,0
50,1,22,350,2010,0
50,1,22,350,2011,0
50,1,22,350,2012,0
50,1,22,350,2013,0
50,1,22,350,2014,0
50,1,22,350,2015,0
50,1,22,350,2016,0
50,1,27,350,1990,0
50,1,27,350,1991,0
50,1,27,350,1992,0
50,1,27,350,1993,0
50,1,27,350,1994,0
50,1,27,350,1995,0
50,1,27,350,1996,0
50,1,27,350,1997,0
50,1,27,350,1998,0
50,1,27,350,1999,0
50,1,27,350,2000,0
50,1,27,350,2001,0
50,1,27,350,2002,0
50,1,27,350,2003,0
50,1,27,350,2004,0
50,1,27,350,2005,0
50,1,27,350,2006,0
50,1,27,350,2007,0
50,1,27,350,2008,0
50,1,27,350,2009,0
50,1,27,350,2010,0
50,1,27,350,2011,0
50,1,27,350,2012,0
50,1,27,350,2013,0
50,1,27,350,2014,0
50,1,27,350,2015,0
50,1,27,350,2016,0
50,2,22,350,1990,0
50,2,22,350,1991,0
50,2,22,350,1992,0
50,2,22,350,1993,0
50,2,22,350,1994,0
50,2,22,350,1995,0
50,2,22,350,1996,0
50,2,22,350,1997,0
50,2,22,350,1998,0
50,2,22,350,1999,0
50,2,22,350,2000,0
50,2,22,350,2001,0
50,2,22,350,2002,0
50,2,22,350,2003,0
50,2,22,350,2004,0
50,2,22,350,2005,0
50,2,22,350,2006,0
50,2,22,350,2007,0
50,2,22,350,2008,0
50,2,22,350,2009,0
50,2,22,350,2010,0
50,2,22,350,2011,0
50,2,22,350,2012,0
50,2,22,350,2013,0
50,2,22,350,2014,0
50,2,22,350,2015,0
50,2,22,350,2016,0
50,2,27,350,1990,0
50,2,27,350,1991,0
50,2,27,350,1992,0
50,2,27,350,1993,0
50,2,27,350,1994,0
50,2,27,350,1995,0
50,2,27,350,1996,0
50,2,27,350,1997,0
50,2,27,350,1998,0
50,2,27,350,1999,0
50,2,27,350,2000,0
50,2,27,350,2001,0
50,2,27,350,2002,0
50,2,27,350,2003,0
50,2,27,350,2004,0
50,2,27,350,2005,0
50,2,27,350,2006,0
50,2,27,350,2007,0
50,2,27,350,2008,0
50,2,27,350,2009,0
50,2,27,350,2010,0
50,2,27,350,2011,0
50,2,27,350,2012,0
50,2,27,350,2013,0
50,2,27,350,2014,0
50,2,27,350,2015,0
50,2,27,350,2016,0
50,3,22,350,1990,0
50,3,22,350,1991,0
50,3,22,350,1992,0
50,3,22,350,1993,0
50,3,22,350,1994,0
50,3,22,350,1995,0
50,3,22,350,1996,0
50,3,22,350,1997,0
50,3,22,350,1998,0
50,3,22,350,1999,0
50,3,22,350,2000,0
50,3,22,350,2001,0
50,3,22,350,2002,0
50,3,22,350,2003,0
50,3,22,350,2004,0
50,3,22,350,2005,0
50,3,22,350,2006,0
50,3,22,350,2007,0
50,3,22,350,2008,0
50,3,22,350,2009,0
50,3,22,350,2010,0
50,3,22,350,2011,0
50,3,22,350,2012,0
50,3,22,350,2013,0
50,3,22,350,2014,0
50,3,22,350,2015,0
50,3,22,350,2016,0
50,3,27,350,1990,0
50,3,27,350,1991,0
50,3,27,350,1992,0
50,3,27,350,1993,0
50,3,27,350,1994,0
50,3,27,350,1995,0
50,3,27,350,1996,0
50,3,27,350,1997,0
50,3,27,350,1998,0
50,3,27,350,1999,0
50,3,27,350,2000,0
50,3,27,350,2001,0
50,3,27,350,2002,0
50,3,27,350,2003,0
50,3,27,350,2004,0
50,3,27,350,2005,0
50,3,27,350,2006,0
50,3,27,350,2007,0
50,3,27,350,2008,0
50,3,27,350,2009,0
50,3,27,350,2010,0
50,3,27,350,2011,0
50,3,27,350,2012,0
50,3,27,350,2013,0
50,3,27,350,2014,0
50,3,27,350,2015,0
50,3,27,350,2016,0
51,1,22,350,1990,0
51,1,22,350,1991,0
51,1,22,350,1992,0
51,1,22,350,1993,0
51,1,22,350,1994,0
51,1,22,350,1995,0
51,1,22,350,1996,0
51,1,22,350,1997,0
51,1,22,350,1998,0
51,1,22,350,1999,0
51,1,22,350,2000,0
51,1,22,350,2001,0
51,1,22,350,2002,0
51,1,22,350,2003,0
51,1,22,350,2004,0
51,1,22,350,2005,0
51,1,22,350,2006,0
51,1,22,350,2007,0
51,1,22,350,2008,0
51,1,22,350,2009,0
51,1,22,350,2010,0
51,1,22,350,2011,0
51,1,22,350,2012,0
51,1,22,350,2013,0
51,1,22,350,2014,0
51,1,22,350,2015,0
51,1,22,350,2016,0
51,1,27,350,1990,0
51,1,27,350,1991,0
51,1,27,350,1992,0
51,1,27,350,1993,0
51,1,27,350,1994,0
51,1,27,350,1995,0
51,1,27,350,1996,0
51,1,27,350,1997,0
51,1,27,350,1998,0
51,1,27,350,1999,0
51,1,27,350,2000,0
51,1,27,350,2001,0
51,1,27,350,2002,0
51,1,27,350,2003,0
51,1,27,350,2004,0
51,1,27,350,2005,0
51,1,27,350,2006,0
51,1,27,350,2007,0
51,1,27,350,2008,0
51,1,27,350,2009,0
51,1,27,350,2010,0
51,1,27,350,2011,0
51,1,27,350,2012,0
51,1,27,350,2013,0
51,1,27,350,2014,0
51,1,27,350,2015,0
51,1,27,350,2016,0
51,2,22,350,1990,0
51,2,22,350,1991,0
51,2,22,350,1992,0
51,2,22,350,1993,0
51,2,22,350,1994,0
51,2,22,350,1995,0
51,2,22,350,1996,0
51,2,22,350,1997,0
51,2,22,350,1998,0
51,2,22,350,1999,0
51,2,22,350,2000,0
51,2,22,350,2001,0
51,2,22,350,2002,0
51,2,22,350,2003,0
51,2,22,350,2004,0
51,2,22,350,2005,0
51,2,22,350,2006,0
51,2,22,350,2007,0
51,2,22,350,2008,0
51,2,22,350,2009,0
51,2,22,350,2010,0
51,2,22,350,2011,0
51,2,22,350,2012,0
51,2,22,350,2013,0
51,2,22,350,2014,0
51,2,22,350,2015,0
51,2,22,350,2016,0
51,2,27,350,1990,0
51,2,27,350,1991,0
51,2,27,350,1992,0
51,2,27,350,1993,0
51,2,27,350,1994,0
51,2,27,350,1995,0
51,2,27,350,1996,0
51,2,27,350,1997,0
51,2,27,350,1998,0
51,2,27,350,1999,0
51,2,27,350,2000,0
51,2,27,350,2001,0
51,2,27,350,2002,0
51,2,27,350,2003,0
51,2,27,350,2004,0
51,2,27,350,2005,0
51,2,27,350,2006,0
51,2,27,350,2007,0
51,2,27,350,2008,0
51,2,27,350,2009,0
51,2,27,350,2010,0
51,2,27,350,2011,0
51,2,27,350,2012,0
51,2,27,350,2013,0
51,2,27,350,2014,0
51,2,27,350,2015,0
51,2,27,350,2016,0
51,3,22,350,1990,0
51,3,22,350,1991,0
51,3,22,350,1992,0
51,3,22,350,1993,0
51,3,22,350,1994,0
51,3,22,350,1995,0
51,3,22,350,1996,0
51,3,22,350,1997,0
51,3,22,350,1998,0
51,3,22,350,1999,0
51,3,22,350,2000,0
51,3,22,350,2001,0
51,3,22,350,2002,0
51,3,22,350,2003,0
51,3,22,350,2004,0
51,3,22,350,2005,0
51,3,22,350,2006,0
51,3,22,350,2007,0
51,3,22,350,2008,0
51,3,22,350,2009,0
51,3,22,350,2010,0
51,3,22,350,2011,0
51,3,22,350,2012,0
51,3,22,350,2013,0
51,3,22,350,2014,0
51,3,22,350,2015,0
51,3,22,350,2016,0
51,3,27,350,1990,0
51,3,27,350,1991,0
51,3,27,350,1992,0
51,3,27,350,1993,0
51,3,27,350,1994,0
51,3,27,350,1995,0
51,3,27,350,1996,0
51,3,27,350,1997,0
51,3,27,350,1998,0
51,3,27,350,1999,0
51,3,27,350,2000,0
51,3,27,350,2001,0
51,3,27,350,2002,0
51,3,27,350,2003,0
51,3,27,350,2004,0
51,3,27,350,2005,0
51,3,27,350,2006,0
51,3,27,350,2007,0
51,3,27,350,2008,0
51,3,27,350,2009,0
51,3,27,350,2010,0
51,3,27,350,2011,0
51,3,27,350,2012,0
51,3,27,350,2013,0
51,3,27,350,2014,0
51,3,27,350,2015,0
51,3,27,350,2016,0
52,1,22,350,1990,0
52,1,22,350,1991,0
52,1,22,350,1992,0
52,1,22,350,1993,0
52,1,22,350,1994,0
52,1,22,350,1995,0
52,1,22,350,1996,0
52,1,22,350,1997,0
52,1,22,350,1998,0
52,1,22,350,1999,0
52,1,22,350,2000,0
52,1,22,350,2001,0
52,1,22,350,2002,0
52,1,22,350,2003,0
52,1,22,350,2004,0
52,1,22,350,2005,0
52,1,22,350,2006,0
52,1,22,350,2007,0
52,1,22,350,2008,0
52,1,22,350,2009,0
52,1,22,350,2010,0
52,1,22,350,2011,0
52,1,22,350,2012,0
52,1,22,350,2013,0
52,1,22,350,2014,0
52,1,22,350,2015,0
52,1,22,350,2016,0
52,1,27,350,1990,0
52,1,27,350,1991,0
52,1,27,350,1992,0
52,1,27,350,1993,0
52,1,27,350,1994,0
52,1,27,350,1995,0
52,1,27,350,1996,0
52,1,27,350,1997,0
52,1,27,350,1998,0
52,1,27,350,1999,0
52,1,27,350,2000,0
52,1,27,350,2001,0
52,1,27,350,2002,0
52,1,27,350,2003,0
52,1,27,350,2004,0
52,1,27,350,2005,0
52,1,27,350,2006,0
52,1,27,350,2007,0
52,1,27,350,2008,0
52,1,27,350,2009,0
52,1,27,350,2010,0
52,1,27,350,2011,0
52,1,27,350,2012,0
52,1,27,350,2013,0
52,1,27,350,2014,0
52,1,27,350,2015,0
52,1,27,350,2016,0
52,2,22,350,1990,0
52,2,22,350,1991,0
52,2,22,350,1992,0
52,2,22,350,1993,0
52,2,22,350,1994,0
52,2,22,350,1995,0
52,2,22,350,1996,0
52,2,22,350,1997,0
52,2,22,350,1998,0
52,2,22,350,1999,0
52,2,22,350,2000,0
52,2,22,350,2001,0
52,2,22,350,2002,0
52,2,22,350,2003,0
52,2,22,350,2004,0
52,2,22,350,2005,0
52,2,22,350,2006,0
52,2,22,350,2007,0
52,2,22,350,2008,0
52,2,22,350,2009,0
52,2,22,350,2010,0
52,2,22,350,2011,0
52,2,22,350,2012,0
52,2,22,350,2013,0
52,2,22,350,2014,0
52,2,22,350,2015,0
52,2,22,350,2016,0
52,2,27,350,1990,0
52,2,27,350,1991,0
52,2,27,350,1992,0
52,2,27,350,1993,0
52,2,27,350,1994,0
52,2,27,350,1995,0
52,2,27,350,1996,0
52,2,27,350,1997,0
52,2,27,350,1998,0
52,2,27,350,1999,0
52,2,27,350,2000,0
52,2,27,350,2001,0
52,2,27,350,2002,0
52,2,27,350,2003,0
52,2,27,350,2004,0
52,2,27,350,2005,0
52,2,27,350,2006,0
52,2,27,350,2007,0
52,2,27,350,2008,0
52,2,27,350,2009,0
52,2,27,350,2010,0
52,2,27,350,2011,0
52,2,27,350,2012,0
52,2,27,350,2013,0
52,2,27,350,2014,0
52,2,27,350,2015,0
52,2,27,350,2016,0
52,3,22,350,1990,0
52,3,22,350,1991,0
52,3,22,350,1992,0
52,3,22,350,1993,0
52,3,22,350,1994,0
52,3,22,350,1995,0
52,3,22,350,1996,0
52,3,22,350,1997,0
52,3,22,350,1998,0
52,3,22,350,1999,0
52,3,22,350,2000,0
52,3,22,350,2001,0
52,3,22,350,2002,0
52,3,22,350,2003,0
52,3,22,350,2004,0
52,3,22,350,2005,0
52,3,22,350,2006,0
52,3,22,350,2007,0
52,3,22,350,2008,0
52,3,22,350,2009,0
52,3,22,350,2010,0
52,3,22,350,2011,0
52,3,22,350,2012,0
52,3,22,350,2013,0
52,3,22,350,2014,0
52,3,22,350,2015,0
52,3,22,350,2016,0
52,3,27,350,1990,0
52,3,27,350,1991,0
52,3,27,350,1992,0
52,3,27,350,1993,0
52,3,27,350,1994,0
52,3,27,350,1995,0
52,3,27,350,1996,0
52,3,27,350,1997,0
52,3,27,350,1998,0
52,3,27,350,1999,0
52,3,27,350,2000,0
52,3,27,350,2001,0
52,3,27,350,2002,0
52,3,27,350,2003,0
52,3,27,350,2004,0
52,3,27,350,2005,0
52,3,27,350,2006,0
52,3,27,350,2007,0
52,3,27,350,2008,0
52,3,27,350,2009,0
52,3,27,350,2010,0
52,3,27,350,2011,0
52,3,27,350,2012,0
52,3,27,350,2013,0
52,3,27,350,2014,0
52,3,27,350,2015,0
52,3,27,350,2016,0
53,1,22,350,1990,0
53,1,22,350,1991,0
53,1,22,350,1992,0
53,1,22,350,1993,0
53,1,22,350,1994,0
53,1,22,350,1995,0
53,1,22,350,1996,0
53,1,22,350,1997,0
53,1,22,350,1998,0
53,1,22,350,1999,0
53,1,22,350,2000,0
53,1,22,350,2001,0
53,1,22,350,2002,0
53,1,22,350,2003,0
53,1,22,350,2004,0
53,1,22,350,2005,0
53,1,22,350,2006,0
53,1,22,350,2007,0
53,1,22,350,2008,0
53,1,22,350,2009,0
53,1,22,350,2010,0
53,1,22,350,2011,0
53,1,22,350,2012,0
53,1,22,350,2013,0
53,1,22,350,2014,0
53,1,22,350,2015,0
53,1,22,350,2016,0
53,1,27,350,1990,0
53,1,27,350,1991,0
53,1,27,350,1992,0
53,1,27,350,1993,0
53,1,27,350,1994,0
53,1,27,350,1995,0
53,1,27,350,1996,0
53,1,27,350,1997,0
53,1,27,350,1998,0
53,1,27,350,1999,0
53,1,27,350,2000,0
53,1,27,350,2001,0
53,1,27,350,2002,0
53,1,27,350,2003,0
53,1,27,350,2004,0
53,1,27,350,2005,0
53,1,27,350,2006,0
53,1,27,350,2007,0
53,1,27,350,2008,0
53,1,27,350,2009,0
53,1,27,350,2010,0
53,1,27,350,2011,0
53,1,27,350,2012,0
53,1,27,350,2013,0
53,1,27,350,2014,0
53,1,27,350,2015,0
53,1,27,350,2016,0
53,2,22,350,1990,0
53,2,22,350,1991,0
53,2,22,350,1992,0
53,2,22,350,1993,0
53,2,22,350,1994,0
53,2,22,350,1995,0
53,2,22,350,1996,0
53,2,22,350,1997,0
53,2,22,350,1998,0
53,2,22,350,1999,0
53,2,22,350,2000,0
53,2,22,350,2001,0
53,2,22,350,2002,0
53,2,22,350,2003,0
53,2,22,350,2004,0
53,2,22,350,2005,0
53,2,22,350,2006,0
53,2,22,350,2007,0
53,2,22,350,2008,0
53,2,22,350,2009,0
53,2,22,350,2010,0
53,2,22,350,2011,0
53,2,22,350,2012,0
53,2,22,350,2013,0
53,2,22,350,2014,0
53,2,22,350,2015,0
53,2,22,350,2016,0
53,2,27,350,1990,0
53,2,27,350,1991,0
53,2,27,350,1992,0
53,2,27,350,1993,0
53,2,27,350,1994,0
53,2,27,350,1995,0
53,2,27,350,1996,0
53,2,27,350,1997,0
53,2,27,350,1998,0
53,2,27,350,1999,0
53,2,27,350,2000,0
53,2,27,350,2001,0
53,2,27,350,2002,0
53,2,27,350,2003,0
53,2,27,350,2004,0
53,2,27,350,2005,0
53,2,27,350,2006,0
53,2,27,350,2007,0
53,2,27,350,2008,0
53,2,27,350,2009,0
53,2,27,350,2010,0
53,2,27,350,2011,0
53,2,27,350,2012,0
53,2,27,350,2013,0
53,2,27,350,2014,0
53,2,27,350,2015,0
53,2,27,350,2016,0
53,3,22,350,1990,0
53,3,22,350,1991,0
53,3,22,350,1992,0
53,3,22,350,1993,0
53,3,22,350,1994,0
53,3,22,350,1995,0
53,3,22,350,1996,0
53,3,22,350,1997,0
53,3,22,350,1998,0
53,3,22,350,1999,0
53,3,22,350,2000,0
53,3,22,350,2001,0
53,3,22,350,2002,0
53,3,22,350,2003,0
53,3,22,350,2004,0
53,3,22,350,2005,0
53,3,22,350,2006,0
53,3,22,350,2007,0
53,3,22,350,2008,0
53,3,22,350,2009,0
53,3,22,350,2010,0
53,3,22,350,2011,0
53,3,22,350,2012,0
53,3,22,350,2013,0
53,3,22,350,2014,0
53,3,22,350,2015,0
53,3,22,350,2016,0
53,3,27,350,1990,0
53,3,27,350,1991,0
53,3,27,350,1992,0
53,3,27,350,1993,0
53,3,27,350,1994,0
53,3,27,350,1995,0
53,3,27,350,1996,0
53,3,27,350,1997,0
53,3,27,350,1998,0
53,3,27,350,1999,0
53,3,27,350,2000,0
53,3,27,350,2001,0
53,3,27,350,2002,0
53,3,27,350,2003,0
53,3,27,350,2004,0
53,3,27,350,2005,0
53,3,27,350,2006,0
53,3,27,350,2007,0
53,3,27,350,2008,0
53,3,27,350,2009,0
53,3,27,350,2010,0
53,3,27,350,2011,0
53,3,27,350,2012,0
53,3,27,350,2013,0
53,3,27,350,2014,0
53,3,27,350,2015,0
53,3,27,350,2016,0
54,1,22,350,1990,0
54,1,22,350,1991,0
54,1,22,350,1992,0
54,1,22,350,1993,0
54,1,22,350,1994,0
54,1,22,350,1995,0
54,1,22,350,1996,0
54,1,22,350,1997,0
54,1,22,350,1998,0
54,1,22,350,1999,0
54,1,22,350,2000,0
54,1,22,350,2001,0
54,1,22,350,2002,0
54,1,22,350,2003,0
54,1,22,350,2004,0
54,1,22,350,2005,0
54,1,22,350,2006,0
54,1,22,350,2007,0
54,1,22,350,2008,0
54,1,22,350,2009,0
54,1,22,350,2010,0
54,1,22,350,2011,0
54,1,22,350,2012,0
54,1,22,350,2013,0
54,1,22,350,2014,0
54,1,22,350,2015,0
54,1,22,350,2016,0
54,1,27,350,1990,0
54,1,27,350,1991,0
54,1,27,350,1992,0
54,1,27,350,1993,0
54,1,27,350,1994,0
54,1,27,350,1995,0
54,1,27,350,1996,0
54,1,27,350,1997,0
54,1,27,350,1998,0
54,1,27,350,1999,0
54,1,27,350,2000,0
54,1,27,350,2001,0
54,1,27,350,2002,0
54,1,27,350,2003,0
54,1,27,350,2004,0
54,1,27,350,2005,0
54,1,27,350,2006,0
54,1,27,350,2007,0
54,1,27,350,2008,0
54,1,27,350,2009,0
54,1,27,350,2010,0
54,1,27,350,2011,0
54,1,27,350,2012,0
54,1,27,350,2013,0
54,1,27,350,2014,0
54,1,27,350,2015,0
54,1,27,350,2016,0
54,2,22,350,1990,0
54,2,22,350,1991,0
54,2,22,350,1992,0
54,2,22,350,1993,0
54,2,22,350,1994,0
54,2,22,350,1995,0
54,2,22,350,1996,0
54,2,22,350,1997,0
54,2,22,350,1998,0
54,2,22,350,1999,0
54,2,22,350,2000,0
54,2,22,350,2001,0
54,2,22,350,2002,0
54,2,22,350,2003,0
54,2,22,350,2004,0
54,2,22,350,2005,0
54,2,22,350,2006,0
54,2,22,350,2007,0
54,2,22,350,2008,0
54,2,22,350,2009,0
54,2,22,350,2010,0
54,2,22,350,2011,0
54,2,22,350,2012,0
54,2,22,350,2013,0
54,2,22,350,2014,0
54,2,22,350,2015,0
54,2,22,350,2016,0
54,2,27,350,1990,0
54,2,27,350,1991,0
54,2,27,350,1992,0
54,2,27,350,1993,0
54,2,27,350,1994,0
54,2,27,350,1995,0
54,2,27,350,1996,0
54,2,27,350,1997,0
54,2,27,350,1998,0
54,2,27,350,1999,0
54,2,27,350,2000,0
54,2,27,350,2001,0
54,2,27,350,2002,0
54,2,27,350,2003,0
54,2,27,350,2004,0
54,2,27,350,2005,0
54,2,27,350,2006,0
54,2,27,350,2007,0
54,2,27,350,2008,0
54,2,27,350,2009,0
54,2,27,350,2010,0
54,2,27,350,2011,0
54,2,27,350,2012,0
54,2,27,350,2013,0
54,2,27,350,2014,0
54,2,27,350,2015,0
54,2,27,350,2016,0
54,3,22,350,1990,0
54,3,22,350,1991,0
54,3,22,350,1992,0
54,3,22,350,1993,0
54,3,22,350,1994,0
54,3,22,350,1995,0
54,3,22,350,1996,0
54,3,22,350,1997,0
54,3,22,350,1998,0
54,3,22,350,1999,0
54,3,22,350,2000,0
54,3,22,350,2001,0
54,3,22,350,2002,0
54,3,22,350,2003,0
54,3,22,350,2004,0
54,3,22,350,2005,0
54,3,22,350,2006,0
54,3,22,350,2007,0
54,3,22,350,2008,0
54,3,22,350,2009,0
54,3,22,350,2010,0
54,3,22,350,2011,0
54,3,22,350,2012,0
54,3,22,350,2013,0
54,3,22,350,2014,0
54,3,22,350,2015,0
54,3,22,350,2016,0
54,3,27,350,1990,0
54,3,27,350,1991,0
54,3,27,350,1992,0
54,3,27,350,1993,0
54,3,27,350,1994,0
54,3,27,350,1995,0
54,3,27,350,1996,0
54,3,27,350,1997,0
54,3,27,350,1998,0
54,3,27,350,1999,0
54,3,27,350,2000,0
54,3,27,350,2001,0
54,3,27,350,2002,0
54,3,27,350,2003,0
54,3,27,350,2004,0
54,3,27,350,2005,0
54,3,27,350,2006,0
54,3,27,350,2007,0
54,3,27,350,2008,0
54,3,27,350,2009,0
54,3,27,350,2010,0
54,3,27,350,2011,0
54,3,27,350,2012,0
54,3,27,350,2013,0
54,3,27,350,2014,0
54,3,27,350,2015,0
54,3,27,350,2016,0
55,1,22,350,1990,0
55,1,22,350,1991,0
55,1,22,350,1992,0
55,1,22,350,1993,0
55,1,22,350,1994,0
55,1,22,350,1995,0
55,1,22,350,1996,0
55,1,22,350,1997,0
55,1,22,350,1998,0
55,1,22,350,1999,0
55,1,22,350,2000,0
55,1,22,350,2001,0
55,1,22,350,2002,0
55,1,22,350,2003,0
55,1,22,350,2004,0
55,1,22,350,2005,0
55,1,22,350,2006,0
55,1,22,350,2007,0
55,1,22,350,2008,0
55,1,22,350,2009,0
55,1,22,350,2010,0
55,1,22,350,2011,0
55,1,22,350,2012,0
55,1,22,350,2013,0
55,1,22,350,2014,0
55,1,22,350,2015,0
55,1,22,350,2016,0
55,1,27,350,1990,0
55,1,27,350,1991,0
55,1,27,350,1992,0
55,1,27,350,1993,0
55,1,27,350,1994,0
55,1,27,350,1995,0
55,1,27,350,1996,0
55,1,27,350,1997,0
55,1,27,350,1998,0
55,1,27,350,1999,0
55,1,27,350,2000,0
55,1,27,350,2001,0
55,1,27,350,2002,0
55,1,27,350,2003,0
55,1,27,350,2004,0
55,1,27,350,2005,0
55,1,27,350,2006,0
55,1,27,350,2007,0
55,1,27,350,2008,0
55,1,27,350,2009,0
55,1,27,350,2010,0
55,1,27,350,2011,0
55,1,27,350,2012,0
55,1,27,350,2013,0
55,1,27,350,2014,0
55,1,27,350,2015,0
55,1,27,350,2016,0
55,2,22,350,1990,0
55,2,22,350,1991,0
55,2,22,350,1992,0
55,2,22,350,1993,0
55,2,22,350,1994,0
55,2,22,350,1995,0
55,2,22,350,1996,0
55,2,22,350,1997,0
55,2,22,350,1998,0
55,2,22,350,1999,0
55,2,22,350,2000,0
55,2,22,350,2001,0
55,2,22,350,2002,0
55,2,22,350,2003,0
55,2,22,350,2004,0
55,2,22,350,2005,0
55,2,22,350,2006,0
55,2,22,350,2007,0
55,2,22,350,2008,0
55,2,22,350,2009,0
55,2,22,350,2010,0
55,2,22,350,2011,0
55,2,22,350,2012,0
55,2,22,350,2013,0
55,2,22,350,2014,0
55,2,22,350,2015,0
55,2,22,350,2016,0
55,2,27,350,1990,0
55,2,27,350,1991,0
55,2,27,350,1992,0
55,2,27,350,1993,0
55,2,27,350,1994,0
55,2,27,350,1995,0
55,2,27,350,1996,0
55,2,27,350,1997,0
55,2,27,350,1998,0
55,2,27,350,1999,0
55,2,27,350,2000,0
55,2,27,350,2001,0
55,2,27,350,2002,0
55,2,27,350,2003,0
55,2,27,350,2004,0
55,2,27,350,2005,0
55,2,27,350,2006,0
55,2,27,350,2007,0
55,2,27,350,2008,0
55,2,27,350,2009,0
55,2,27,350,2010,0
55,2,27,350,2011,0
55,2,27,350,2012,0
55,2,27,350,2013,0
55,2,27,350,2014,0
55,2,27,350,2015,0
55,2,27,350,2016,0
55,3,22,350,1990,0
55,3,22,350,1991,0
55,3,22,350,1992,0
55,3,22,350,1993,0
55,3,22,350,1994,0
55,3,22,350,1995,0
55,3,22,350,1996,0
55,3,22,350,1997,0
55,3,22,350,1998,0
55,3,22,350,1999,0
55,3,22,350,2000,0
55,3,22,350,2001,0
55,3,22,350,2002,0
55,3,22,350,2003,0
55,3,22,350,2004,0
55,3,22,350,2005,0
55,3,22,350,2006,0
55,3,22,350,2007,0
55,3,22,350,2008,0
55,3,22,350,2009,0
55,3,22,350,2010,0
55,3,22,350,2011,0
55,3,22,350,2012,0
55,3,22,350,2013,0
55,3,22,350,2014,0
55,3,22,350,2015,0
55,3,22,350,2016,0
55,3,27,350,1990,0
55,3,27,350,1991,0
55,3,27,350,1992,0
55,3,27,350,1993,0
55,3,27,350,1994,0
55,3,27,350,1995,0
55,3,27,350,1996,0
55,3,27,350,1997,0
55,3,27,350,1998,0
55,3,27,350,1999,0
55,3,27,350,2000,0
55,3,27,350,2001,0
55,3,27,350,2002,0
55,3,27,350,2003,0
55,3,27,350,2004,0
55,3,27,350,2005,0
55,3,27,350,2006,0
55,3,27,350,2007,0
55,3,27,350,2008,0
55,3,27,350,2009,0
55,3,27,350,2010,0
55,3,27,350,2011,0
55,3,27,350,2012,0
55,3,27,350,2013,0
55,3,27,350,2014,0
55,3,27,350,2015,0
55,3,27,350,2016,0
57,1,22,350,1990,0
57,1,22,350,1991,0
57,1,22,350,1992,0
57,1,22,350,1993,0
57,1,22,350,1994,0
57,1,22,350,1995,0
57,1,22,350,1996,0
57,1,22,350,1997,0
57,1,22,350,1998,0
57,1,22,350,1999,0
57,1,22,350,2000,0
57,1,22,350,2001,0
57,1,22,350,2002,0
57,1,22,350,2003,0
57,1,22,350,2004,0
57,1,22,350,2005,0
57,1,22,350,2006,0
57,1,22,350,2007,0
57,1,22,350,2008,0
57,1,22,350,2009,0
57,1,22,350,2010,0
57,1,22,350,2011,0
57,1,22,350,2012,0
57,1,22,350,2013,0
57,1,22,350,2014,0
57,1,22,350,2015,0
57,1,22,350,2016,0
57,1,27,350,1990,0
57,1,27,350,1991,0
57,1,27,350,1992,0
57,1,27,350,1993,0
57,1,27,350,1994,0
57,1,27,350,1995,0
57,1,27,350,1996,0
57,1,27,350,1997,0
57,1,27,350,1998,0
57,1,27,350,1999,0
57,1,27,350,2000,0
57,1,27,350,2001,0
57,1,27,350,2002,0
57,1,27,350,2003,0
57,1,27,350,2004,0
57,1,27,350,2005,0
57,1,27,350,2006,0
57,1,27,350,2007,0
57,1,27,350,2008,0
57,1,27,350,2009,0
57,1,27,350,2010,0
57,1,27,350,2011,0
57,1,27,350,2012,0
57,1,27,350,2013,0
57,1,27,350,2014,0
57,1,27,350,2015,0
57,1,27,350,2016,0
57,2,22,350,1990,0
57,2,22,350,1991,0
57,2,22,350,1992,0
57,2,22,350,1993,0
57,2,22,350,1994,0
57,2,22,350,1995,0
57,2,22,350,1996,0
57,2,22,350,1997,0
57,2,22,350,1998,0
57,2,22,350,1999,0
57,2,22,350,2000,0
57,2,22,350,2001,0
57,2,22,350,2002,0
57,2,22,350,2003,0
57,2,22,350,2004,0
57,2,22,350,2005,0
57,2,22,350,2006,0
57,2,22,350,2007,0
57,2,22,350,2008,0
57,2,22,350,2009,0
57,2,22,350,2010,0
57,2,22,350,2011,0
57,2,22,350,2012,0
57,2,22,350,2013,0
57,2,22,350,2014,0
57,2,22,350,2015,0
57,2,22,350,2016,0
57,2,27,350,1990,0
57,2,27,350,1991,0
57,2,27,350,1992,0
57,2,27,350,1993,0
57,2,27,350,1994,0
57,2,27,350,1995,0
57,2,27,350,1996,0
57,2,27,350,1997,0
57,2,27,350,1998,0
57,2,27,350,1999,0
57,2,27,350,2000,0
57,2,27,350,2001,0
57,2,27,350,2002,0
57,2,27,350,2003,0
57,2,27,350,2004,0
57,2,27,350,2005,0
57,2,27,350,2006,0
57,2,27,350,2007,0
57,2,27,350,2008,0
57,2,27,350,2009,0
57,2,27,350,2010,0
57,2,27,350,2011,0
57,2,27,350,2012,0
57,2,27,350,2013,0
57,2,27,350,2014,0
57,2,27,350,2015,0
57,2,27,350,2016,0
57,3,22,350,1990,0
57,3,22,350,1991,0
57,3,22,350,1992,0
57,3,22,350,1993,0
57,3,22,350,1994,0
57,3,22,350,1995,0
57,3,22,350,1996,0
57,3,22,350,1997,0
57,3,22,350,1998,0
57,3,22,350,1999,0
57,3,22,350,2000,0
57,3,22,350,2001,0
57,3,22,350,2002,0
57,3,22,350,2003,0
57,3,22,350,2004,0
57,3,22,350,2005,0
57,3,22,350,2006,0
57,3,22,350,2007,0
57,3,22,350,2008,0
57,3,22,350,2009,0
57,3,22,350,2010,0
57,3,22,350,2011,0
57,3,22,350,2012,0
57,3,22,350,2013,0
57,3,22,350,2014,0
57,3,22,350,2015,0
57,3,22,350,2016,0
57,3,27,350,1990,0
57,3,27,350,1991,0
57,3,27,350,1992,0
57,3,27,350,1993,0
57,3,27,350,1994,0
57,3,27,350,1995,0
57,3,27,350,1996,0
57,3,27,350,1997,0
57,3,27,350,1998,0
57,3,27,350,1999,0
57,3,27,350,2000,0
57,3,27,350,2001,0
57,3,27,350,2002,0
57,3,27,350,2003,0
57,3,27,350,2004,0
57,3,27,350,2005,0
57,3,27,350,2006,0
57,3,27,350,2007,0
57,3,27,350,2008,0
57,3,27,350,2009,0
57,3,27,350,2010,0
57,3,27,350,2011,0
57,3,27,350,2012,0
57,3,27,350,2013,0
57,3,27,350,2014,0
57,3,27,350,2015,0
57,3,27,350,2016,0
58,1,22,350,1990,0
58,1,22,350,1991,0
58,1,22,350,1992,0
58,1,22,350,1993,0
58,1,22,350,1994,0
58,1,22,350,1995,0
58,1,22,350,1996,0
58,1,22,350,1997,0
58,1,22,350,1998,0
58,1,22,350,1999,0
58,1,22,350,2000,0
58,1,22,350,2001,0
58,1,22,350,2002,0
58,1,22,350,2003,0
58,1,22,350,2004,0
58,1,22,350,2005,0
58,1,22,350,2006,0
58,1,22,350,2007,0
58,1,22,350,2008,0
58,1,22,350,2009,0
58,1,22,350,2010,0
58,1,22,350,2011,0
58,1,22,350,2012,0
58,1,22,350,2013,0
58,1,22,350,2014,0
58,1,22,350,2015,0
58,1,22,350,2016,0
58,1,27,350,1990,0
58,1,27,350,1991,0
58,1,27,350,1992,0
58,1,27,350,1993,0
58,1,27,350,1994,0
58,1,27,350,1995,0
58,1,27,350,1996,0
58,1,27,350,1997,0
58,1,27,350,1998,0
58,1,27,350,1999,0
58,1,27,350,2000,0
58,1,27,350,2001,0
58,1,27,350,2002,0
58,1,27,350,2003,0
58,1,27,350,2004,0
58,1,27,350,2005,0
58,1,27,350,2006,0
58,1,27,350,2007,0
58,1,27,350,2008,0
58,1,27,350,2009,0
58,1,27,350,2010,0
58,1,27,350,2011,0
58,1,27,350,2012,0
58,1,27,350,2013,0
58,1,27,350,2014,0
58,1,27,350,2015,0
58,1,27,350,2016,0
58,2,22,350,1990,0
58,2,22,350,1991,0
58,2,22,350,1992,0
58,2,22,350,1993,0
58,2,22,350,1994,0
58,2,22,350,1995,0
58,2,22,350,1996,0
58,2,22,350,1997,0
58,2,22,350,1998,0
58,2,22,350,1999,0
58,2,22,350,2000,0
58,2,22,350,2001,0
58,2,22,350,2002,0
58,2,22,350,2003,0
58,2,22,350,2004,0
58,2,22,350,2005,0
58,2,22,350,2006,0
58,2,22,350,2007,0
58,2,22,350,2008,0
58,2,22,350,2009,0
58,2,22,350,2010,0
58,2,22,350,2011,0
58,2,22,350,2012,0
58,2,22,350,2013,0
58,2,22,350,2014,0
58,2,22,350,2015,0
58,2,22,350,2016,0
58,2,27,350,1990,0
58,2,27,350,1991,0
58,2,27,350,1992,0
58,2,27,350,1993,0
58,2,27,350,1994,0
58,2,27,350,1995,0
58,2,27,350,1996,0
58,2,27,350,1997,0
58,2,27,350,1998,0
58,2,27,350,1999,0
58,2,27,350,2000,0
58,2,27,350,2001,0
58,2,27,350,2002,0
58,2,27,350,2003,0
58,2,27,350,2004,0
58,2,27,350,2005,0
58,2,27,350,2006,0
58,2,27,350,2007,0
58,2,27,350,2008,0
58,2,27,350,2009,0
58,2,27,350,2010,0
58,2,27,350,2011,0
58,2,27,350,2012,0
58,2,27,350,2013,0
58,2,27,350,2014,0
58,2,27,350,2015,0
58,2,27,350,2016,0
58,3,22,350,1990,0
58,3,22,350,1991,0
58,3,22,350,1992,0
58,3,22,350,1993,0
58,3,22,350,1994,0
58,3,22,350,1995,0
58,3,22,350,1996,0
58,3,22,350,1997,0
58,3,22,350,1998,0
58,3,22,350,1999,0
58,3,22,350,2000,0
58,3,22,350,2001,0
58,3,22,350,2002,0
58,3,22,350,2003,0
58,3,22,350,2004,0
58,3,22,350,2005,0
58,3,22,350,2006,0
58,3,22,350,2007,0
58,3,22,350,2008,0
58,3,22,350,2009,0
58,3,22,350,2010,0
58,3,22,350,2011,0
58,3,22,350,2012,0
58,3,22,350,2013,0
58,3,22,350,2014,0
58,3,22,350,2015,0
58,3,22,350,2016,0
58,3,27,350,1990,0
58,3,27,350,1991,0
58,3,27,350,1992,0
58,3,27,350,1993,0
58,3,27,350,1994,0
58,3,27,350,1995,0
58,3,27,350,1996,0
58,3,27,350,1997,0
58,3,27,350,1998,0
58,3,27,350,1999,0
58,3,27,350,2000,0
58,3,27,350,2001,0
58,3,27,350,2002,0
58,3,27,350,2003,0
58,3,27,350,2004,0
58,3,27,350,2005,0
58,3,27,350,2006,0
58,3,27,350,2007,0
58,3,27,350,2008,0
58,3,27,350,2009,0
58,3,27,350,2010,0
58,3,27,350,2011,0
58,3,27,350,2012,0
58,3,27,350,2013,0
58,3,27,350,2014,0
58,3,27,350,2015,0
58,3,27,350,2016,0
59,1,22,350,1990,0
59,1,22,350,1991,0
59,1,22,350,1992,0
59,1,22,350,1993,0
59,1,22,350,1994,0
59,1,22,350,1995,0
59,1,22,350,1996,0
59,1,22,350,1997,0
59,1,22,350,1998,0
59,1,22,350,1999,0
59,1,22,350,2000,0
59,1,22,350,2001,0
59,1,22,350,2002,0
59,1,22,350,2003,0
59,1,22,350,2004,0
59,1,22,350,2005,0
59,1,22,350,2006,0
59,1,22,350,2007,0
59,1,22,350,2008,0
59,1,22,350,2009,0
59,1,22,350,2010,0
59,1,22,350,2011,0
59,1,22,350,2012,0
59,1,22,350,2013,0
59,1,22,350,2014,0
59,1,22,350,2015,0
59,1,22,350,2016,0
59,1,27,350,1990,0
59,1,27,350,1991,0
59,1,27,350,1992,0
59,1,27,350,1993,0
59,1,27,350,1994,0
59,1,27,350,1995,0
59,1,27,350,1996,0
59,1,27,350,1997,0
59,1,27,350,1998,0
59,1,27,350,1999,0
59,1,27,350,2000,0
59,1,27,350,2001,0
59,1,27,350,2002,0
59,1,27,350,2003,0
59,1,27,350,2004,0
59,1,27,350,2005,0
59,1,27,350,2006,0
59,1,27,350,2007,0
59,1,27,350,2008,0
59,1,27,350,2009,0
59,1,27,350,2010,0
59,1,27,350,2011,0
59,1,27,350,2012,0
59,1,27,350,2013,0
59,1,27,350,2014,0
59,1,27,350,2015,0
59,1,27,350,2016,0
59,2,22,350,1990,0
59,2,22,350,1991,0
59,2,22,350,1992,0
59,2,22,350,1993,0
59,2,22,350,1994,0
59,2,22,350,1995,0
59,2,22,350,1996,0
59,2,22,350,1997,0
59,2,22,350,1998,0
59,2,22,350,1999,0
59,2,22,350,2000,0
59,2,22,350,2001,0
59,2,22,350,2002,0
59,2,22,350,2003,0
59,2,22,350,2004,0
59,2,22,350,2005,0
59,2,22,350,2006,0
59,2,22,350,2007,0
59,2,22,350,2008,0
59,2,22,350,2009,0
59,2,22,350,2010,0
59,2,22,350,2011,0
59,2,22,350,2012,0
59,2,22,350,2013,0
59,2,22,350,2014,0
59,2,22,350,2015,0
59,2,22,350,2016,0
59,2,27,350,1990,0
59,2,27,350,1991,0
59,2,27,350,1992,0
59,2,27,350,1993,0
59,2,27,350,1994,0
59,2,27,350,1995,0
59,2,27,350,1996,0
59,2,27,350,1997,0
59,2,27,350,1998,0
59,2,27,350,1999,0
59,2,27,350,2000,0
59,2,27,350,2001,0
59,2,27,350,2002,0
59,2,27,350,2003,0
59,2,27,350,2004,0
59,2,27,350,2005,0
59,2,27,350,2006,0
59,2,27,350,2007,0
59,2,27,350,2008,0
59,2,27,350,2009,0
59,2,27,350,2010,0
59,2,27,350,2011,0
59,2,27,350,2012,0
59,2,27,350,2013,0
59,2,27,350,2014,0
59,2,27,350,2015,0
59,2,27,350,2016,0
59,3,22,350,1990,0
59,3,22,350,1991,0
59,3,22,350,1992,0
59,3,22,350,1993,0
59,3,22,350,1994,0
59,3,22,350,1995,0
59,3,22,350,1996,0
59,3,22,350,1997,0
59,3,22,350,1998,0
59,3,22,350,1999,0
59,3,22,350,2000,0
59,3,22,350,2001,0
59,3,22,350,2002,0
59,3,22,350,2003,0
59,3,22,350,2004,0
59,3,22,350,2005,0
59,3,22,350,2006,0
59,3,22,350,2007,0
59,3,22,350,2008,0
59,3,22,350,2009,0
59,3,22,350,2010,0
59,3,22,350,2011,0
59,3,22,350,2012,0
59,3,22,350,2013,0
59,3,22,350,2014,0
59,3,22,350,2015,0
59,3,22,350,2016,0
59,3,27,350,1990,0
59,3,27,350,1991,0
59,3,27,350,1992,0
59,3,27,350,1993,0
59,3,27,350,1994,0
59,3,27,350,1995,0
59,3,27,350,1996,0
59,3,27,350,1997,0
59,3,27,350,1998,0
59,3,27,350,1999,0
59,3,27,350,2000,0
59,3,27,350,2001,0
59,3,27,350,2002,0
59,3,27,350,2003,0
59,3,27,350,2004,0
59,3,27,350,2005,0
59,3,27,350,2006,0
59,3,27,350,2007,0
59,3,27,350,2008,0
59,3,27,350,2009,0
59,3,27,350,2010,0
59,3,27,350,2011,0
59,3,27,350,2012,0
59,3,27,350,2013,0
59,3,27,350,2014,0
59,3,27,350,2015,0
59,3,27,350,2016,0
60,1,22,350,1990,0
60,1,22,350,1991,0
60,1,22,350,1992,0
60,1,22,350,1993,0
60,1,22,350,1994,0
60,1,22,350,1995,0
60,1,22,350,1996,0
60,1,22,350,1997,0
60,1,22,350,1998,0
60,1,22,350,1999,0
60,1,22,350,2000,0
60,1,22,350,2001,0
60,1,22,350,2002,0
60,1,22,350,2003,0
60,1,22,350,2004,0
60,1,22,350,2005,0
60,1,22,350,2006,0
60,1,22,350,2007,0
60,1,22,350,2008,0
60,1,22,350,2009,0
60,1,22,350,2010,0
60,1,22,350,2011,0
60,1,22,350,2012,0
60,1,22,350,2013,0
60,1,22,350,2014,0
60,1,22,350,2015,0
60,1,22,350,2016,0
60,1,27,350,1990,0
60,1,27,350,1991,0
60,1,27,350,1992,0
60,1,27,350,1993,0
60,1,27,350,1994,0
60,1,27,350,1995,0
60,1,27,350,1996,0
60,1,27,350,1997,0
60,1,27,350,1998,0
60,1,27,350,1999,0
60,1,27,350,2000,0
60,1,27,350,2001,0
60,1,27,350,2002,0
60,1,27,350,2003,0
60,1,27,350,2004,0
60,1,27,350,2005,0
60,1,27,350,2006,0
60,1,27,350,2007,0
60,1,27,350,2008,0
60,1,27,350,2009,0
60,1,27,350,2010,0
60,1,27,350,2011,0
60,1,27,350,2012,0
60,1,27,350,2013,0
60,1,27,350,2014,0
60,1,27,350,2015,0
60,1,27,350,2016,0
60,2,22,350,1990,0
60,2,22,350,1991,0
60,2,22,350,1992,0
60,2,22,350,1993,0
60,2,22,350,1994,0
60,2,22,350,1995,0
60,2,22,350,1996,0
60,2,22,350,1997,0
60,2,22,350,1998,0
60,2,22,350,1999,0
60,2,22,350,2000,0
60,2,22,350,2001,0
60,2,22,350,2002,0
60,2,22,350,2003,0
60,2,22,350,2004,0
60,2,22,350,2005,0
60,2,22,350,2006,0
60,2,22,350,2007,0
60,2,22,350,2008,0
60,2,22,350,2009,0
60,2,22,350,2010,0
60,2,22,350,2011,0
60,2,22,350,2012,0
60,2,22,350,2013,0
60,2,22,350,2014,0
60,2,22,350,2015,0
60,2,22,350,2016,0
60,2,27,350,1990,0
60,2,27,350,1991,0
60,2,27,350,1992,0
60,2,27,350,1993,0
60,2,27,350,1994,0
60,2,27,350,1995,0
60,2,27,350,1996,0
60,2,27,350,1997,0
60,2,27,350,1998,0
60,2,27,350,1999,0
60,2,27,350,2000,0
60,2,27,350,2001,0
60,2,27,350,2002,0
60,2,27,350,2003,0
60,2,27,350,2004,0
60,2,27,350,2005,0
60,2,27,350,2006,0
60,2,27,350,2007,0
60,2,27,350,2008,0
60,2,27,350,2009,0
60,2,27,350,2010,0
60,2,27,350,2011,0
60,2,27,350,2012,0
60,2,27,350,2013,0
60,2,27,350,2014,0
60,2,27,350,2015,0
60,2,27,350,2016,0
60,3,22,350,1990,0
60,3,22,350,1991,0
60,3,22,350,1992,0
60,3,22,350,1993,0
60,3,22,350,1994,0
60,3,22,350,1995,0
60,3,22,350,1996,0
60,3,22,350,1997,0
60,3,22,350,1998,0
60,3,22,350,1999,0
60,3,22,350,2000,0
60,3,22,350,2001,0
60,3,22,350,2002,0
60,3,22,350,2003,0
60,3,22,350,2004,0
60,3,22,350,2005,0
60,3,22,350,2006,0
60,3,22,350,2007,0
60,3,22,350,2008,0
60,3,22,350,2009,0
60,3,22,350,2010,0
60,3,22,350,2011,0
60,3,22,350,2012,0
60,3,22,350,2013,0
60,3,22,350,2014,0
60,3,22,350,2015,0
60,3,22,350,2016,0
60,3,27,350,1990,0
60,3,27,350,1991,0
60,3,27,350,1992,0
60,3,27,350,1993,0
60,3,27,350,1994,0
60,3,27,350,1995,0
60,3,27,350,1996,0
60,3,27,350,1997,0
60,3,27,350,1998,0
60,3,27,350,1999,0
60,3,27,350,2000,0
60,3,27,350,2001,0
60,3,27,350,2002,0
60,3,27,350,2003,0
60,3,27,350,2004,0
60,3,27,350,2005,0
60,3,27,350,2006,0
60,3,27,350,2007,0
60,3,27,350,2008,0
60,3,27,350,2009,0
60,3,27,350,2010,0
60,3,27,350,2011,0
60,3,27,350,2012,0
60,3,27,350,2013,0
60,3,27,350,2014,0
60,3,27,350,2015,0
60,3,27,350,2016,0
61,1,22,350,1990,0
61,1,22,350,1991,0
61,1,22,350,1992,0
61,1,22,350,1993,0
61,1,22,350,1994,0
61,1,22,350,1995,0
61,1,22,350,1996,0
61,1,22,350,1997,0
61,1,22,350,1998,0
61,1,22,350,1999,0
61,1,22,350,2000,0
61,1,22,350,2001,0
61,1,22,350,2002,0
61,1,22,350,2003,0
61,1,22,350,2004,0
61,1,22,350,2005,0
61,1,22,350,2006,0
61,1,22,350,2007,0
61,1,22,350,2008,0
61,1,22,350,2009,0
61,1,22,350,2010,0
61,1,22,350,2011,0
61,1,22,350,2012,0
61,1,22,350,2013,0
61,1,22,350,2014,0
61,1,22,350,2015,0
61,1,22,350,2016,0
61,1,27,350,1990,0
61,1,27,350,1991,0
61,1,27,350,1992,0
61,1,27,350,1993,0
61,1,27,350,1994,0
61,1,27,350,1995,0
61,1,27,350,1996,0
61,1,27,350,1997,0
61,1,27,350,1998,0
61,1,27,350,1999,0
61,1,27,350,2000,0
61,1,27,350,2001,0
61,1,27,350,2002,0
61,1,27,350,2003,0
61,1,27,350,2004,0
61,1,27,350,2005,0
61,1,27,350,2006,0
61,1,27,350,2007,0
61,1,27,350,2008,0
61,1,27,350,2009,0
61,1,27,350,2010,0
61,1,27,350,2011,0
61,1,27,350,2012,0
61,1,27,350,2013,0
61,1,27,350,2014,0
61,1,27,350,2015,0
61,1,27,350,2016,0
61,2,22,350,1990,0
61,2,22,350,1991,0
61,2,22,350,1992,0
61,2,22,350,1993,0
61,2,22,350,1994,0
61,2,22,350,1995,0
61,2,22,350,1996,0
61,2,22,350,1997,0
61,2,22,350,1998,0
61,2,22,350,1999,0
61,2,22,350,2000,0
61,2,22,350,2001,0
61,2,22,350,2002,0
61,2,22,350,2003,0
61,2,22,350,2004,0
61,2,22,350,2005,0
61,2,22,350,2006,0
61,2,22,350,2007,0
61,2,22,350,2008,0
61,2,22,350,2009,0
61,2,22,350,2010,0
61,2,22,350,2011,0
61,2,22,350,2012,0
61,2,22,350,2013,0
61,2,22,350,2014,0
61,2,22,350,2015,0
61,2,22,350,2016,0
61,2,27,350,1990,0
61,2,27,350,1991,0
61,2,27,350,1992,0
61,2,27,350,1993,0
61,2,27,350,1994,0
61,2,27,350,1995,0
61,2,27,350,1996,0
61,2,27,350,1997,0
61,2,27,350,1998,0
61,2,27,350,1999,0
61,2,27,350,2000,0
61,2,27,350,2001,0
61,2,27,350,2002,0
61,2,27,350,2003,0
61,2,27,350,2004,0
61,2,27,350,2005,0
61,2,27,350,2006,0
61,2,27,350,2007,0
61,2,27,350,2008,0
61,2,27,350,2009,0
61,2,27,350,2010,0
61,2,27,350,2011,0
61,2,27,350,2012,0
61,2,27,350,2013,0
61,2,27,350,2014,0
61,2,27,350,2015,0
61,2,27,350,2016,0
61,3,22,350,1990,0
61,3,22,350,1991,0
61,3,22,350,1992,0
61,3,22,350,1993,0
61,3,22,350,1994,0
61,3,22,350,1995,0
61,3,22,350,1996,0
61,3,22,350,1997,0
61,3,22,350,1998,0
61,3,22,350,1999,0
61,3,22,350,2000,0
61,3,22,350,2001,0
61,3,22,350,2002,0
61,3,22,350,2003,0
61,3,22,350,2004,0
61,3,22,350,2005,0
61,3,22,350,2006,0
61,3,22,350,2007,0
61,3,22,350,2008,0
61,3,22,350,2009,0
61,3,22,350,2010,0
61,3,22,350,2011,0
61,3,22,350,2012,0
61,3,22,350,2013,0
61,3,22,350,2014,0
61,3,22,350,2015,0
61,3,22,350,2016,0
61,3,27,350,1990,0
61,3,27,350,1991,0
61,3,27,350,1992,0
61,3,27,350,1993,0
61,3,27,350,1994,0
61,3,27,350,1995,0
61,3,27,350,1996,0
61,3,27,350,1997,0
61,3,27,350,1998,0
61,3,27,350,1999,0
61,3,27,350,2000,0
61,3,27,350,2001,0
61,3,27,350,2002,0
61,3,27,350,2003,0
61,3,27,350,2004,0
61,3,27,350,2005,0
61,3,27,350,2006,0
61,3,27,350,2007,0
61,3,27,350,2008,0
61,3,27,350,2009,0
61,3,27,350,2010,0
61,3,27,350,2011,0
61,3,27,350,2012,0
61,3,27,350,2013,0
61,3,27,350,2014,0
61,3,27,350,2015,0
61,3,27,350,2016,0
62,1,22,350,1990,0
62,1,22,350,1991,0
62,1,22,350,1992,0
62,1,22,350,1993,0
62,1,22,350,1994,0
62,1,22,350,1995,0
62,1,22,350,1996,0
62,1,22,350,1997,0
62,1,22,350,1998,0
62,1,22,350,1999,0
62,1,22,350,2000,0
62,1,22,350,2001,0
62,1,22,350,2002,0
62,1,22,350,2003,0
62,1,22,350,2004,0
62,1,22,350,2005,0
62,1,22,350,2006,0
62,1,22,350,2007,0
62,1,22,350,2008,0
62,1,22,350,2009,0
62,1,22,350,2010,0
62,1,22,350,2011,0
62,1,22,350,2012,0
62,1,22,350,2013,0
62,1,22,350,2014,0
62,1,22,350,2015,0
62,1,22,350,2016,0
62,1,27,350,1990,0
62,1,27,350,1991,0
62,1,27,350,1992,0
62,1,27,350,1993,0
62,1,27,350,1994,0
62,1,27,350,1995,0
62,1,27,350,1996,0
62,1,27,350,1997,0
62,1,27,350,1998,0
62,1,27,350,1999,0
62,1,27,350,2000,0
62,1,27,350,2001,0
62,1,27,350,2002,0
62,1,27,350,2003,0
62,1,27,350,2004,0
62,1,27,350,2005,0
62,1,27,350,2006,0
62,1,27,350,2007,0
62,1,27,350,2008,0
62,1,27,350,2009,0
62,1,27,350,2010,0
62,1,27,350,2011,0
62,1,27,350,2012,0
62,1,27,350,2013,0
62,1,27,350,2014,0
62,1,27,350,2015,0
62,1,27,350,2016,0
62,2,22,350,1990,0
62,2,22,350,1991,0
62,2,22,350,1992,0
62,2,22,350,1993,0
62,2,22,350,1994,0
62,2,22,350,1995,0
62,2,22,350,1996,0
62,2,22,350,1997,0
62,2,22,350,1998,0
62,2,22,350,1999,0
62,2,22,350,2000,0
62,2,22,350,2001,0
62,2,22,350,2002,0
62,2,22,350,2003,0
62,2,22,350,2004,0
62,2,22,350,2005,0
62,2,22,350,2006,0
62,2,22,350,2007,0
62,2,22,350,2008,0
62,2,22,350,2009,0
62,2,22,350,2010,0
62,2,22,350,2011,0
62,2,22,350,2012,0
62,2,22,350,2013,0
62,2,22,350,2014,0
62,2,22,350,2015,0
62,2,22,350,2016,0
62,2,27,350,1990,0
62,2,27,350,1991,0
62,2,27,350,1992,0
62,2,27,350,1993,0
62,2,27,350,1994,0
62,2,27,350,1995,0
62,2,27,350,1996,0
62,2,27,350,1997,0
62,2,27,350,1998,0
62,2,27,350,1999,0
62,2,27,350,2000,0
62,2,27,350,2001,0
62,2,27,350,2002,0
62,2,27,350,2003,0
62,2,27,350,2004,0
62,2,27,350,2005,0
62,2,27,350,2006,0
62,2,27,350,2007,0
62,2,27,350,2008,0
62,2,27,350,2009,0
62,2,27,350,2010,0
62,2,27,350,2011,0
62,2,27,350,2012,0
62,2,27,350,2013,0
62,2,27,350,2014,0
62,2,27,350,2015,0
62,2,27,350,2016,0
62,3,22,350,1990,0
62,3,22,350,1991,0
62,3,22,350,1992,0
62,3,22,350,1993,0
62,3,22,350,1994,0
62,3,22,350,1995,0
62,3,22,350,1996,0
62,3,22,350,1997,0
62,3,22,350,1998,0
62,3,22,350,1999,0
62,3,22,350,2000,0
62,3,22,350,2001,0
62,3,22,350,2002,0
62,3,22,350,2003,0
62,3,22,350,2004,0
62,3,22,350,2005,0
62,3,22,350,2006,0
62,3,22,350,2007,0
62,3,22,350,2008,0
62,3,22,350,2009,0
62,3,22,350,2010,0
62,3,22,350,2011,0
62,3,22,350,2012,0
62,3,22,350,2013,0
62,3,22,350,2014,0
62,3,22,350,2015,0
62,3,22,350,2016,0
62,3,27,350,1990,0
62,3,27,350,1991,0
62,3,27,350,1992,0
62,3,27,350,1993,0
62,3,27,350,1994,0
62,3,27,350,1995,0
62,3,27,350,1996,0
62,3,27,350,1997,0
62,3,27,350,1998,0
62,3,27,350,1999,0
62,3,27,350,2000,0
62,3,27,350,2001,0
62,3,27,350,2002,0
62,3,27,350,2003,0
62,3,27,350,2004,0
62,3,27,350,2005,0
62,3,27,350,2006,0
62,3,27,350,2007,0
62,3,27,350,2008,0
62,3,27,350,2009,0
62,3,27,350,2010,0
62,3,27,350,2011,0
62,3,27,350,2012,0
62,3,27,350,2013,0
62,3,27,350,2014,0
62,3,27,350,2015,0
62,3,27,350,2016,0
63,1,22,350,1990,0
63,1,22,350,1991,0
63,1,22,350,1992,0
63,1,22,350,1993,0
63,1,22,350,1994,0
63,1,22,350,1995,0
63,1,22,350,1996,0
63,1,22,350,1997,0
63,1,22,350,1998,0
63,1,22,350,1999,0
63,1,22,350,2000,0
63,1,22,350,2001,0
63,1,22,350,2002,0
63,1,22,350,2003,0
63,1,22,350,2004,0
63,1,22,350,2005,0
63,1,22,350,2006,0
63,1,22,350,2007,0
63,1,22,350,2008,0
63,1,22,350,2009,0
63,1,22,350,2010,0
63,1,22,350,2011,0
63,1,22,350,2012,0
63,1,22,350,2013,0
63,1,22,350,2014,0
63,1,22,350,2015,0
63,1,22,350,2016,0
63,1,27,350,1990,0
63,1,27,350,1991,0
63,1,27,350,1992,0
63,1,27,350,1993,0
63,1,27,350,1994,0
63,1,27,350,1995,0
63,1,27,350,1996,0
63,1,27,350,1997,0
63,1,27,350,1998,0
63,1,27,350,1999,0
63,1,27,350,2000,0
63,1,27,350,2001,0
63,1,27,350,2002,0
63,1,27,350,2003,0
63,1,27,350,2004,0
63,1,27,350,2005,0
63,1,27,350,2006,0
63,1,27,350,2007,0
63,1,27,350,2008,0
63,1,27,350,2009,0
63,1,27,350,2010,0
63,1,27,350,2011,0
63,1,27,350,2012,0
63,1,27,350,2013,0
63,1,27,350,2014,0
63,1,27,350,2015,0
63,1,27,350,2016,0
63,2,22,350,1990,0
63,2,22,350,1991,0
63,2,22,350,1992,0
63,2,22,350,1993,0
63,2,22,350,1994,0
63,2,22,350,1995,0
63,2,22,350,1996,0
63,2,22,350,1997,0
63,2,22,350,1998,0
63,2,22,350,1999,0
63,2,22,350,2000,0
63,2,22,350,2001,0
63,2,22,350,2002,0
63,2,22,350,2003,0
63,2,22,350,2004,0
63,2,22,350,2005,0
63,2,22,350,2006,0
63,2,22,350,2007,0
63,2,22,350,2008,0
63,2,22,350,2009,0
63,2,22,350,2010,0
63,2,22,350,2011,0
63,2,22,350,2012,0
63,2,22,350,2013,0
63,2,22,350,2014,0
63,2,22,350,2015,0
63,2,22,350,2016,0
63,2,27,350,1990,0
63,2,27,350,1991,0
63,2,27,350,1992,0
63,2,27,350,1993,0
63,2,27,350,1994,0
63,2,27,350,1995,0
63,2,27,350,1996,0
63,2,27,350,1997,0
63,2,27,350,1998,0
63,2,27,350,1999,0
63,2,27,350,2000,0
63,2,27,350,2001,0
63,2,27,350,2002,0
63,2,27,350,2003,0
63,2,27,350,2004,0
63,2,27,350,2005,0
63,2,27,350,2006,0
63,2,27,350,2007,0
63,2,27,350,2008,0
63,2,27,350,2009,0
63,2,27,350,2010,0
63,2,27,350,2011,0
63,2,27,350,2012,0
63,2,27,350,2013,0
63,2,27,350,2014,0
63,2,27,350,2015,0
63,2,27,350,2016,0
63,3,22,350,1990,0
63,3,22,350,1991,0
63,3,22,350,1992,0
63,3,22,350,1993,0
63,3,22,350,1994,0
63,3,22,350,1995,0
63,3,22,350,1996,0
63,3,22,350,1997,0
63,3,22,350,1998,0
63,3,22,350,1999,0
63,3,22,350,2000,0
63,3,22,350,2001,0
63,3,22,350,2002,0
63,3,22,350,2003,0
63,3,22,350,2004,0
63,3,22,350,2005,0
63,3,22,350,2006,0
63,3,22,350,2007,0
63,3,22,350,2008,0
63,3,22,350,2009,0
63,3,22,350,2010,0
63,3,22,350,2011,0
63,3,22,350,2012,0
63,3,22,350,2013,0
63,3,22,350,2014,0
63,3,22,350,2015,0
63,3,22,350,2016,0
63,3,27,350,1990,0
63,3,27,350,1991,0
63,3,27,350,1992,0
63,3,27,350,1993,0
63,3,27,350,1994,0
63,3,27,350,1995,0
63,3,27,350,1996,0
63,3,27,350,1997,0
63,3,27,350,1998,0
63,3,27,350,1999,0
63,3,27,350,2000,0
63,3,27,350,2001,0
63,3,27,350,2002,0
63,3,27,350,2003,0
63,3,27,350,2004,0
63,3,27,350,2005,0
63,3,27,350,2006,0
63,3,27,350,2007,0
63,3,27,350,2008,0
63,3,27,350,2009,0
63,3,27,350,2010,0
63,3,27,350,2011,0
63,3,27,350,2012,0
63,3,27,350,2013,0
63,3,27,350,2014,0
63,3,27,350,2015,0
63,3,27,350,2016,0
66,1,22,350,1990,0
66,1,22,350,1991,0
66,1,22,350,1992,0
66,1,22,350,1993,0
66,1,22,350,1994,0
66,1,22,350,1995,0
66,1,22,350,1996,0
66,1,22,350,1997,0
66,1,22,350,1998,0
66,1,22,350,1999,0
66,1,22,350,2000,0
66,1,22,350,2001,0
66,1,22,350,2002,0
66,1,22,350,2003,0
66,1,22,350,2004,0
66,1,22,350,2005,0
66,1,22,350,2006,0
66,1,22,350,2007,0
66,1,22,350,2008,0
66,1,22,350,2009,0
66,1,22,350,2010,0
66,1,22,350,2011,0
66,1,22,350,2012,0
66,1,22,350,2013,0
66,1,22,350,2014,0
66,1,22,350,2015,0
66,1,22,350,2016,0
66,1,27,350,1990,0
66,1,27,350,1991,0
66,1,27,350,1992,0
66,1,27,350,1993,0
66,1,27,350,1994,0
66,1,27,350,1995,0
66,1,27,350,1996,0
66,1,27,350,1997,0
66,1,27,350,1998,0
66,1,27,350,1999,0
66,1,27,350,2000,0
66,1,27,350,2001,0
66,1,27,350,2002,0
66,1,27,350,2003,0
66,1,27,350,2004,0
66,1,27,350,2005,0
66,1,27,350,2006,0
66,1,27,350,2007,0
66,1,27,350,2008,0
66,1,27,350,2009,0
66,1,27,350,2010,0
66,1,27,350,2011,0
66,1,27,350,2012,0
66,1,27,350,2013,0
66,1,27,350,2014,0
66,1,27,350,2015,0
66,1,27,350,2016,0
66,2,22,350,1990,0
66,2,22,350,1991,0
66,2,22,350,1992,0
66,2,22,350,1993,0
66,2,22,350,1994,0
66,2,22,350,1995,0
66,2,22,350,1996,0
66,2,22,350,1997,0
66,2,22,350,1998,0
66,2,22,350,1999,0
66,2,22,350,2000,0
66,2,22,350,2001,0
66,2,22,350,2002,0
66,2,22,350,2003,0
66,2,22,350,2004,0
66,2,22,350,2005,0
66,2,22,350,2006,0
66,2,22,350,2007,0
66,2,22,350,2008,0
66,2,22,350,2009,0
66,2,22,350,2010,0
66,2,22,350,2011,0
66,2,22,350,2012,0
66,2,22,350,2013,0
66,2,22,350,2014,0
66,2,22,350,2015,0
66,2,22,350,2016,0
66,2,27,350,1990,0
66,2,27,350,1991,0
66,2,27,350,1992,0
66,2,27,350,1993,0
66,2,27,350,1994,0
66,2,27,350,1995,0
66,2,27,350,1996,0
66,2,27,350,1997,0
66,2,27,350,1998,0
66,2,27,350,1999,0
66,2,27,350,2000,0
66,2,27,350,2001,0
66,2,27,350,2002,0
66,2,27,350,2003,0
66,2,27,350,2004,0
66,2,27,350,2005,0
66,2,27,350,2006,0
66,2,27,350,2007,0
66,2,27,350,2008,0
66,2,27,350,2009,0
66,2,27,350,2010,0
66,2,27,350,2011,0
66,2,27,350,2012,0
66,2,27,350,2013,0
66,2,27,350,2014,0
66,2,27,350,2015,0
66,2,27,350,2016,0
66,3,22,350,1990,0
66,3,22,350,1991,0
66,3,22,350,1992,0
66,3,22,350,1993,0
66,3,22,350,1994,0
66,3,22,350,1995,0
66,3,22,350,1996,0
66,3,22,350,1997,0
66,3,22,350,1998,0
66,3,22,350,1999,0
66,3,22,350,2000,0
66,3,22,350,2001,0
66,3,22,350,2002,0
66,3,22,350,2003,0
66,3,22,350,2004,0
66,3,22,350,2005,0
66,3,22,350,2006,0
66,3,22,350,2007,0
66,3,22,350,2008,0
66,3,22,350,2009,0
66,3,22,350,2010,0
66,3,22,350,2011,0
66,3,22,350,2012,0
66,3,22,350,2013,0
66,3,22,350,2014,0
66,3,22,350,2015,0
66,3,22,350,2016,0
66,3,27,350,1990,0
66,3,27,350,1991,0
66,3,27,350,1992,0
66,3,27,350,1993,0
66,3,27,350,1994,0
66,3,27,350,1995,0
66,3,27,350,1996,0
66,3,27,350,1997,0
66,3,27,350,1998,0
66,3,27,350,1999,0
66,3,27,350,2000,0
66,3,27,350,2001,0
66,3,27,350,2002,0
66,3,27,350,2003,0
66,3,27,350,2004,0
66,3,27,350,2005,0
66,3,27,350,2006,0
66,3,27,350,2007,0
66,3,27,350,2008,0
66,3,27,350,2009,0
66,3,27,350,2010,0
66,3,27,350,2011,0
66,3,27,350,2012,0
66,3,27,350,2013,0
66,3,27,350,2014,0
66,3,27,350,2015,0
66,3,27,350,2016,0
67,1,22,350,1990,0
67,1,22,350,1991,0
67,1,22,350,1992,0
67,1,22,350,1993,0
67,1,22,350,1994,0
67,1,22,350,1995,0
67,1,22,350,1996,0
67,1,22,350,1997,0
67,1,22,350,1998,0
67,1,22,350,1999,0
67,1,22,350,2000,0
67,1,22,350,2001,0
67,1,22,350,2002,0
67,1,22,350,2003,0
67,1,22,350,2004,0
67,1,22,350,2005,0
67,1,22,350,2006,0
67,1,22,350,2007,0
67,1,22,350,2008,0
67,1,22,350,2009,0
67,1,22,350,2010,0
67,1,22,350,2011,0
67,1,22,350,2012,0
67,1,22,350,2013,0
67,1,22,350,2014,0
67,1,22,350,2015,0
67,1,22,350,2016,0
67,1,27,350,1990,0
67,1,27,350,1991,0
67,1,27,350,1992,0
67,1,27,350,1993,0
67,1,27,350,1994,0
67,1,27,350,1995,0
67,1,27,350,1996,0
67,1,27,350,1997,0
67,1,27,350,1998,0
67,1,27,350,1999,0
67,1,27,350,2000,0
67,1,27,350,2001,0
67,1,27,350,2002,0
67,1,27,350,2003,0
67,1,27,350,2004,0
67,1,27,350,2005,0
67,1,27,350,2006,0
67,1,27,350,2007,0
67,1,27,350,2008,0
67,1,27,350,2009,0
67,1,27,350,2010,0
67,1,27,350,2011,0
67,1,27,350,2012,0
67,1,27,350,2013,0
67,1,27,350,2014,0
67,1,27,350,2015,0
67,1,27,350,2016,0
67,2,22,350,1990,0
67,2,22,350,1991,0
67,2,22,350,1992,0
67,2,22,350,1993,0
67,2,22,350,1994,0
67,2,22,350,1995,0
67,2,22,350,1996,0
67,2,22,350,1997,0
67,2,22,350,1998,0
67,2,22,350,1999,0
67,2,22,350,2000,0
67,2,22,350,2001,0
67,2,22,350,2002,0
67,2,22,350,2003,0
67,2,22,350,2004,0
67,2,22,350,2005,0
67,2,22,350,2006,0
67,2,22,350,2007,0
67,2,22,350,2008,0
67,2,22,350,2009,0
67,2,22,350,2010,0
67,2,22,350,2011,0
67,2,22,350,2012,0
67,2,22,350,2013,0
67,2,22,350,2014,0
67,2,22,350,2015,0
67,2,22,350,2016,0
67,2,27,350,1990,0
67,2,27,350,1991,0
67,2,27,350,1992,0
67,2,27,350,1993,0
67,2,27,350,1994,0
67,2,27,350,1995,0
67,2,27,350,1996,0
67,2,27,350,1997,0
67,2,27,350,1998,0
67,2,27,350,1999,0
67,2,27,350,2000,0
67,2,27,350,2001,0
67,2,27,350,2002,0
67,2,27,350,2003,0
67,2,27,350,2004,0
67,2,27,350,2005,0
67,2,27,350,2006,0
67,2,27,350,2007,0
67,2,27,350,2008,0
67,2,27,350,2009,0
67,2,27,350,2010,0
67,2,27,350,2011,0
67,2,27,350,2012,0
67,2,27,350,2013,0
67,2,27,350,2014,0
67,2,27,350,2015,0
67,2,27,350,2016,0
67,3,22,350,1990,0
67,3,22,350,1991,0
67,3,22,350,1992,0
67,3,22,350,1993,0
67,3,22,350,1994,0
67,3,22,350,1995,0
67,3,22,350,1996,0
67,3,22,350,1997,0
67,3,22,350,1998,0
67,3,22,350,1999,0
67,3,22,350,2000,0
67,3,22,350,2001,0
67,3,22,350,2002,0
67,3,22,350,2003,0
67,3,22,350,2004,0
67,3,22,350,2005,0
67,3,22,350,2006,0
67,3,22,350,2007,0
67,3,22,350,2008,0
67,3,22,350,2009,0
67,3,22,350,2010,0
67,3,22,350,2011,0
67,3,22,350,2012,0
67,3,22,350,2013,0
67,3,22,350,2014,0
67,3,22,350,2015,0
67,3,22,350,2016,0
67,3,27,350,1990,0
67,3,27,350,1991,0
67,3,27,350,1992,0
67,3,27,350,1993,0
67,3,27,350,1994,0
67,3,27,350,1995,0
67,3,27,350,1996,0
67,3,27,350,1997,0
67,3,27,350,1998,0
67,3,27,350,1999,0
67,3,27,350,2000,0
67,3,27,350,2001,0
67,3,27,350,2002,0
67,3,27,350,2003,0
67,3,27,350,2004,0
67,3,27,350,2005,0
67,3,27,350,2006,0
67,3,27,350,2007,0
67,3,27,350,2008,0
67,3,27,350,2009,0
67,3,27,350,2010,0
67,3,27,350,2011,0
67,3,27,350,2012,0
67,3,27,350,2013,0
67,3,27,350,2014,0
67,3,27,350,2015,0
67,3,27,350,2016,0
68,1,22,350,1990,0
68,1,22,350,1991,0
68,1,22,350,1992,0
68,1,22,350,1993,0
68,1,22,350,1994,0
68,1,22,350,1995,0
68,1,22,350,1996,0
68,1,22,350,1997,0
68,1,22,350,1998,0
68,1,22,350,1999,0
68,1,22,350,2000,0
68,1,22,350,2001,0
68,1,22,350,2002,0
68,1,22,350,2003,0
68,1,22,350,2004,0
68,1,22,350,2005,0
68,1,22,350,2006,0
68,1,22,350,2007,0
68,1,22,350,2008,0
68,1,22,350,2009,0
68,1,22,350,2010,0
68,1,22,350,2011,0
68,1,22,350,2012,0
68,1,22,350,2013,0
68,1,22,350,2014,0
68,1,22,350,2015,0
68,1,22,350,2016,0
68,1,27,350,1990,0
68,1,27,350,1991,0
68,1,27,350,1992,0
68,1,27,350,1993,0
68,1,27,350,1994,0
68,1,27,350,1995,0
68,1,27,350,1996,0
68,1,27,350,1997,0
68,1,27,350,1998,0
68,1,27,350,1999,0
68,1,27,350,2000,0
68,1,27,350,2001,0
68,1,27,350,2002,0
68,1,27,350,2003,0
68,1,27,350,2004,0
68,1,27,350,2005,0
68,1,27,350,2006,0
68,1,27,350,2007,0
68,1,27,350,2008,0
68,1,27,350,2009,0
68,1,27,350,2010,0
68,1,27,350,2011,0
68,1,27,350,2012,0
68,1,27,350,2013,0
68,1,27,350,2014,0
68,1,27,350,2015,0
68,1,27,350,2016,0
68,2,22,350,1990,0
68,2,22,350,1991,0
68,2,22,350,1992,0
68,2,22,350,1993,0
68,2,22,350,1994,0
68,2,22,350,1995,0
68,2,22,350,1996,0
68,2,22,350,1997,0
68,2,22,350,1998,0
68,2,22,350,1999,0
68,2,22,350,2000,0
68,2,22,350,2001,0
68,2,22,350,2002,0
68,2,22,350,2003,0
68,2,22,350,2004,0
68,2,22,350,2005,0
68,2,22,350,2006,0
68,2,22,350,2007,0
68,2,22,350,2008,0
68,2,22,350,2009,0
68,2,22,350,2010,0
68,2,22,350,2011,0
68,2,22,350,2012,0
68,2,22,350,2013,0
68,2,22,350,2014,0
68,2,22,350,2015,0
68,2,22,350,2016,0
68,2,27,350,1990,0
68,2,27,350,1991,0
68,2,27,350,1992,0
68,2,27,350,1993,0
68,2,27,350,1994,0
68,2,27,350,1995,0
68,2,27,350,1996,0
68,2,27,350,1997,0
68,2,27,350,1998,0
68,2,27,350,1999,0
68,2,27,350,2000,0
68,2,27,350,2001,0
68,2,27,350,2002,0
68,2,27,350,2003,0
68,2,27,350,2004,0
68,2,27,350,2005,0
68,2,27,350,2006,0
68,2,27,350,2007,0
68,2,27,350,2008,0
68,2,27,350,2009,0
68,2,27,350,2010,0
68,2,27,350,2011,0
68,2,27,350,2012,0
68,2,27,350,2013,0
68,2,27,350,2014,0
68,2,27,350,2015,0
68,2,27,350,2016,0
68,3,22,350,1990,0
68,3,22,350,1991,0
68,3,22,350,1992,0
68,3,22,350,1993,0
68,3,22,350,1994,0
68,3,22,350,1995,0
68,3,22,350,1996,0
68,3,22,350,1997,0
68,3,22,350,1998,0
68,3,22,350,1999,0
68,3,22,350,2000,0
68,3,22,350,2001,0
68,3,22,350,2002,0
68,3,22,350,2003,0
68,3,22,350,2004,0
68,3,22,350,2005,0
68,3,22,350,2006,0
68,3,22,350,2007,0
68,3,22,350,2008,0
68,3,22,350,2009,0
68,3,22,350,2010,0
68,3,22,350,2011,0
68,3,22,350,2012,0
68,3,22,350,2013,0
68,3,22,350,2014,0
68,3,22,350,2015,0
68,3,22,350,2016,0
68,3,27,350,1990,0
68,3,27,350,1991,0
68,3,27,350,1992,0
68,3,27,350,1993,0
68,3,27,350,1994,0
68,3,27,350,1995,0
68,3,27,350,1996,0
68,3,27,350,1997,0
68,3,27,350,1998,0
68,3,27,350,1999,0
68,3,27,350,2000,0
68,3,27,350,2001,0
68,3,27,350,2002,0
68,3,27,350,2003,0
68,3,27,350,2004,0
68,3,27,350,2005,0
68,3,27,350,2006,0
68,3,27,350,2007,0
68,3,27,350,2008,0
68,3,27,350,2009,0
68,3,27,350,2010,0
68,3,27,350,2011,0
68,3,27,350,2012,0
68,3,27,350,2013,0
68,3,27,350,2014,0
68,3,27,350,2015,0
68,3,27,350,2016,0
69,1,22,350,1990,0
69,1,22,350,1991,0
69,1,22,350,1992,0
69,1,22,350,1993,0
69,1,22,350,1994,0
69,1,22,350,1995,0
69,1,22,350,1996,0
69,1,22,350,1997,0
69,1,22,350,1998,0
69,1,22,350,1999,0
69,1,22,350,2000,0
69,1,22,350,2001,0
69,1,22,350,2002,0
69,1,22,350,2003,0
69,1,22,350,2004,0
69,1,22,350,2005,0
69,1,22,350,2006,0
69,1,22,350,2007,0
69,1,22,350,2008,0
69,1,22,350,2009,0
69,1,22,350,2010,0
69,1,22,350,2011,0
69,1,22,350,2012,0
69,1,22,350,2013,0
69,1,22,350,2014,0
69,1,22,350,2015,0
69,1,22,350,2016,0
69,1,27,350,1990,0
69,1,27,350,1991,0
69,1,27,350,1992,0
69,1,27,350,1993,0
69,1,27,350,1994,0
69,1,27,350,1995,0
69,1,27,350,1996,0
69,1,27,350,1997,0
69,1,27,350,1998,0
69,1,27,350,1999,0
69,1,27,350,2000,0
69,1,27,350,2001,0
69,1,27,350,2002,0
69,1,27,350,2003,0
69,1,27,350,2004,0
69,1,27,350,2005,0
69,1,27,350,2006,0
69,1,27,350,2007,0
69,1,27,350,2008,0
69,1,27,350,2009,0
69,1,27,350,2010,0
69,1,27,350,2011,0
69,1,27,350,2012,0
69,1,27,350,2013,0
69,1,27,350,2014,0
69,1,27,350,2015,0
69,1,27,350,2016,0
69,2,22,350,1990,0
69,2,22,350,1991,0
69,2,22,350,1992,0
69,2,22,350,1993,0
69,2,22,350,1994,0
69,2,22,350,1995,0
69,2,22,350,1996,0
69,2,22,350,1997,0
69,2,22,350,1998,0
69,2,22,350,1999,0
69,2,22,350,2000,0
69,2,22,350,2001,0
69,2,22,350,2002,0
69,2,22,350,2003,0
69,2,22,350,2004,0
69,2,22,350,2005,0
69,2,22,350,2006,0
69,2,22,350,2007,0
69,2,22,350,2008,0
69,2,22,350,2009,0
69,2,22,350,2010,0
69,2,22,350,2011,0
69,2,22,350,2012,0
69,2,22,350,2013,0
69,2,22,350,2014,0
69,2,22,350,2015,0
69,2,22,350,2016,0
69,2,27,350,1990,0
69,2,27,350,1991,0
69,2,27,350,1992,0
69,2,27,350,1993,0
69,2,27,350,1994,0
69,2,27,350,1995,0
69,2,27,350,1996,0
69,2,27,350,1997,0
69,2,27,350,1998,0
69,2,27,350,1999,0
69,2,27,350,2000,0
69,2,27,350,2001,0
69,2,27,350,2002,0
69,2,27,350,2003,0
69,2,27,350,2004,0
69,2,27,350,2005,0
69,2,27,350,2006,0
69,2,27,350,2007,0
69,2,27,350,2008,0
69,2,27,350,2009,0
69,2,27,350,2010,0
69,2,27,350,2011,0
69,2,27,350,2012,0
69,2,27,350,2013,0
69,2,27,350,2014,0
69,2,27,350,2015,0
69,2,27,350,2016,0
69,3,22,350,1990,0
69,3,22,350,1991,0
69,3,22,350,1992,0
69,3,22,350,1993,0
69,3,22,350,1994,0
69,3,22,350,1995,0
69,3,22,350,1996,0
69,3,22,350,1997,0
69,3,22,350,1998,0
69,3,22,350,1999,0
69,3,22,350,2000,0
69,3,22,350,2001,0
69,3,22,350,2002,0
69,3,22,350,2003,0
69,3,22,350,2004,0
69,3,22,350,2005,0
69,3,22,350,2006,0
69,3,22,350,2007,0
69,3,22,350,2008,0
69,3,22,350,2009,0
69,3,22,350,2010,0
69,3,22,350,2011,0
69,3,22,350,2012,0
69,3,22,350,2013,0
69,3,22,350,2014,0
69,3,22,350,2015,0
69,3,22,350,2016,0
69,3,27,350,1990,0
69,3,27,350,1991,0
69,3,27,350,1992,0
69,3,27,350,1993,0
69,3,27,350,1994,0
69,3,27,350,1995,0
69,3,27,350,1996,0
69,3,27,350,1997,0
69,3,27,350,1998,0
69,3,27,350,1999,0
69,3,27,350,2000,0
69,3,27,350,2001,0
69,3,27,350,2002,0
69,3,27,350,2003,0
69,3,27,350,2004,0
69,3,27,350,2005,0
69,3,27,350,2006,0
69,3,27,350,2007,0
69,3,27,350,2008,0
69,3,27,350,2009,0
69,3,27,350,2010,0
69,3,27,350,2011,0
69,3,27,350,2012,0
69,3,27,350,2013,0
69,3,27,350,2014,0
69,3,27,350,2015,0
69,3,27,350,2016,0
71,1,22,350,1990,0
71,1,22,350,1991,0
71,1,22,350,1992,0
71,1,22,350,1993,0
71,1,22,350,1994,0
71,1,22,350,1995,0
71,1,22,350,1996,0
71,1,22,350,1997,0
71,1,22,350,1998,0
71,1,22,350,1999,0
71,1,22,350,2000,0
71,1,22,350,2001,0
71,1,22,350,2002,0
71,1,22,350,2003,0
71,1,22,350,2004,0
71,1,22,350,2005,0
71,1,22,350,2006,0
71,1,22,350,2007,0
71,1,22,350,2008,0
71,1,22,350,2009,0
71,1,22,350,2010,0
71,1,22,350,2011,0
71,1,22,350,2012,0
71,1,22,350,2013,0
71,1,22,350,2014,0
71,1,22,350,2015,0
71,1,22,350,2016,0
71,1,27,350,1990,0
71,1,27,350,1991,0
71,1,27,350,1992,0
71,1,27,350,1993,0
71,1,27,350,1994,0
71,1,27,350,1995,0
71,1,27,350,1996,0
71,1,27,350,1997,0
71,1,27,350,1998,0
71,1,27,350,1999,0
71,1,27,350,2000,0
71,1,27,350,2001,0
71,1,27,350,2002,0
71,1,27,350,2003,0
71,1,27,350,2004,0
71,1,27,350,2005,0
71,1,27,350,2006,0
71,1,27,350,2007,0
71,1,27,350,2008,0
71,1,27,350,2009,0
71,1,27,350,2010,0
71,1,27,350,2011,0
71,1,27,350,2012,0
71,1,27,350,2013,0
71,1,27,350,2014,0
71,1,27,350,2015,0
71,1,27,350,2016,0
71,2,22,350,1990,0
71,2,22,350,1991,0
71,2,22,350,1992,0
71,2,22,350,1993,0
71,2,22,350,1994,0
71,2,22,350,1995,0
71,2,22,350,1996,0
71,2,22,350,1997,0
71,2,22,350,1998,0
71,2,22,350,1999,0
71,2,22,350,2000,0
71,2,22,350,2001,0
71,2,22,350,2002,0
71,2,22,350,2003,0
71,2,22,350,2004,0
71,2,22,350,2005,0
71,2,22,350,2006,0
71,2,22,350,2007,0
71,2,22,350,2008,0
71,2,22,350,2009,0
71,2,22,350,2010,0
71,2,22,350,2011,0
71,2,22,350,2012,0
71,2,22,350,2013,0
71,2,22,350,2014,0
71,2,22,350,2015,0
71,2,22,350,2016,0
71,2,27,350,1990,0
71,2,27,350,1991,0
71,2,27,350,1992,0
71,2,27,350,1993,0
71,2,27,350,1994,0
71,2,27,350,1995,0
71,2,27,350,1996,0
71,2,27,350,1997,0
71,2,27,350,1998,0
71,2,27,350,1999,0
71,2,27,350,2000,0
71,2,27,350,2001,0
71,2,27,350,2002,0
71,2,27,350,2003,0
71,2,27,350,2004,0
71,2,27,350,2005,0
71,2,27,350,2006,0
71,2,27,350,2007,0
71,2,27,350,2008,0
71,2,27,350,2009,0
71,2,27,350,2010,0
71,2,27,350,2011,0
71,2,27,350,2012,0
71,2,27,350,2013,0
71,2,27,350,2014,0
71,2,27,350,2015,0
71,2,27,350,2016,0
71,3,22,350,1990,0
71,3,22,350,1991,0
71,3,22,350,1992,0
71,3,22,350,1993,0
71,3,22,350,1994,0
71,3,22,350,1995,0
71,3,22,350,1996,0
71,3,22,350,1997,0
71,3,22,350,1998,0
71,3,22,350,1999,0
71,3,22,350,2000,0
71,3,22,350,2001,0
71,3,22,350,2002,0
71,3,22,350,2003,0
71,3,22,350,2004,0
71,3,22,350,2005,0
71,3,22,350,2006,0
71,3,22,350,2007,0
71,3,22,350,2008,0
71,3,22,350,2009,0
71,3,22,350,2010,0
71,3,22,350,2011,0
71,3,22,350,2012,0
71,3,22,350,2013,0
71,3,22,350,2014,0
71,3,22,350,2015,0
71,3,22,350,2016,0
71,3,27,350,1990,0
71,3,27,350,1991,0
71,3,27,350,1992,0
71,3,27,350,1993,0
71,3,27,350,1994,0
71,3,27,350,1995,0
71,3,27,350,1996,0
71,3,27,350,1997,0
71,3,27,350,1998,0
71,3,27,350,1999,0
71,3,27,350,2000,0
71,3,27,350,2001,0
71,3,27,350,2002,0
71,3,27,350,2003,0
71,3,27,350,2004,0
71,3,27,350,2005,0
71,3,27,350,2006,0
71,3,27,350,2007,0
71,3,27,350,2008,0
71,3,27,350,2009,0
71,3,27,350,2010,0
71,3,27,350,2011,0
71,3,27,350,2012,0
71,3,27,350,2013,0
71,3,27,350,2014,0
71,3,27,350,2015,0
71,3,27,350,2016,0
72,1,22,350,1990,0
72,1,22,350,1991,0
72,1,22,350,1992,0
72,1,22,350,1993,0
72,1,22,350,1994,0
72,1,22,350,1995,0
72,1,22,350,1996,0
72,1,22,350,1997,0
72,1,22,350,1998,0
72,1,22,350,1999,0
72,1,22,350,2000,0
72,1,22,350,2001,0
72,1,22,350,2002,0
72,1,22,350,2003,0
72,1,22,350,2004,0
72,1,22,350,2005,0
72,1,22,350,2006,0
72,1,22,350,2007,0
72,1,22,350,2008,0
72,1,22,350,2009,0
72,1,22,350,2010,0
72,1,22,350,2011,0
72,1,22,350,2012,0
72,1,22,350,2013,0
72,1,22,350,2014,0
72,1,22,350,2015,0
72,1,22,350,2016,0
72,1,27,350,1990,0
72,1,27,350,1991,0
72,1,27,350,1992,0
72,1,27,350,1993,0
72,1,27,350,1994,0
72,1,27,350,1995,0
72,1,27,350,1996,0
72,1,27,350,1997,0
72,1,27,350,1998,0
72,1,27,350,1999,0
72,1,27,350,2000,0
72,1,27,350,2001,0
72,1,27,350,2002,0
72,1,27,350,2003,0
72,1,27,350,2004,0
72,1,27,350,2005,0
72,1,27,350,2006,0
72,1,27,350,2007,0
72,1,27,350,2008,0
72,1,27,350,2009,0
72,1,27,350,2010,0
72,1,27,350,2011,0
72,1,27,350,2012,0
72,1,27,350,2013,0
72,1,27,350,2014,0
72,1,27,350,2015,0
72,1,27,350,2016,0
72,2,22,350,1990,0
72,2,22,350,1991,0
72,2,22,350,1992,0
72,2,22,350,1993,0
72,2,22,350,1994,0
72,2,22,350,1995,0
72,2,22,350,1996,0
72,2,22,350,1997,0
72,2,22,350,1998,0
72,2,22,350,1999,0
72,2,22,350,2000,0
72,2,22,350,2001,0
72,2,22,350,2002,0
72,2,22,350,2003,0
72,2,22,350,2004,0
72,2,22,350,2005,0
72,2,22,350,2006,0
72,2,22,350,2007,0
72,2,22,350,2008,0
72,2,22,350,2009,0
72,2,22,350,2010,0
72,2,22,350,2011,0
72,2,22,350,2012,0
72,2,22,350,2013,0
72,2,22,350,2014,0
72,2,22,350,2015,0
72,2,22,350,2016,0
72,2,27,350,1990,0
72,2,27,350,1991,0
72,2,27,350,1992,0
72,2,27,350,1993,0
72,2,27,350,1994,0
72,2,27,350,1995,0
72,2,27,350,1996,0
72,2,27,350,1997,0
72,2,27,350,1998,0
72,2,27,350,1999,0
72,2,27,350,2000,0
72,2,27,350,2001,0
72,2,27,350,2002,0
72,2,27,350,2003,0
72,2,27,350,2004,0
72,2,27,350,2005,0
72,2,27,350,2006,0
72,2,27,350,2007,0
72,2,27,350,2008,0
72,2,27,350,2009,0
72,2,27,350,2010,0
72,2,27,350,2011,0
72,2,27,350,2012,0
72,2,27,350,2013,0
72,2,27,350,2014,0
72,2,27,350,2015,0
72,2,27,350,2016,0
72,3,22,350,1990,0
72,3,22,350,1991,0
72,3,22,350,1992,0
72,3,22,350,1993,0
72,3,22,350,1994,0
72,3,22,350,1995,0
72,3,22,350,1996,0
72,3,22,350,1997,0
72,3,22,350,1998,0
72,3,22,350,1999,0
72,3,22,350,2000,0
72,3,22,350,2001,0
72,3,22,350,2002,0
72,3,22,350,2003,0
72,3,22,350,2004,0
72,3,22,350,2005,0
72,3,22,350,2006,0
72,3,22,350,2007,0
72,3,22,350,2008,0
72,3,22,350,2009,0
72,3,22,350,2010,0
72,3,22,350,2011,0
72,3,22,350,2012,0
72,3,22,350,2013,0
72,3,22,350,2014,0
72,3,22,350,2015,0
72,3,22,350,2016,0
72,3,27,350,1990,0
72,3,27,350,1991,0
72,3,27,350,1992,0
72,3,27,350,1993,0
72,3,27,350,1994,0
72,3,27,350,1995,0
72,3,27,350,1996,0
72,3,27,350,1997,0
72,3,27,350,1998,0
72,3,27,350,1999,0
72,3,27,350,2000,0
72,3,27,350,2001,0
72,3,27,350,2002,0
72,3,27,350,2003,0
72,3,27,350,2004,0
72,3,27,350,2005,0
72,3,27,350,2006,0
72,3,27,350,2007,0
72,3,27,350,2008,0
72,3,27,350,2009,0
72,3,27,350,2010,0
72,3,27,350,2011,0
72,3,27,350,2012,0
72,3,27,350,2013,0
72,3,27,350,2014,0
72,3,27,350,2015,0
72,3,27,350,2016,0
74,1,22,350,1990,0
74,1,22,350,1991,0
74,1,22,350,1992,0
74,1,22,350,1993,0
74,1,22,350,1994,0
74,1,22,350,1995,0
74,1,22,350,1996,0
74,1,22,350,1997,0
74,1,22,350,1998,0
74,1,22,350,1999,0
74,1,22,350,2000,0
74,1,22,350,2001,0
74,1,22,350,2002,0
74,1,22,350,2003,0
74,1,22,350,2004,0
74,1,22,350,2005,0
74,1,22,350,2006,0
74,1,22,350,2007,0
74,1,22,350,2008,0
74,1,22,350,2009,0
74,1,22,350,2010,0
74,1,22,350,2011,0
74,1,22,350,2012,0
74,1,22,350,2013,0
74,1,22,350,2014,0
74,1,22,350,2015,0
74,1,22,350,2016,0
74,1,27,350,1990,0
74,1,27,350,1991,0
74,1,27,350,1992,0
74,1,27,350,1993,0
74,1,27,350,1994,0
74,1,27,350,1995,0
74,1,27,350,1996,0
74,1,27,350,1997,0
74,1,27,350,1998,0
74,1,27,350,1999,0
74,1,27,350,2000,0
74,1,27,350,2001,0
74,1,27,350,2002,0
74,1,27,350,2003,0
74,1,27,350,2004,0
74,1,27,350,2005,0
74,1,27,350,2006,0
74,1,27,350,2007,0
74,1,27,350,2008,0
74,1,27,350,2009,0
74,1,27,350,2010,0
74,1,27,350,2011,0
74,1,27,350,2012,0
74,1,27,350,2013,0
74,1,27,350,2014,0
74,1,27,350,2015,0
74,1,27,350,2016,0
74,2,22,350,1990,0
74,2,22,350,1991,0
74,2,22,350,1992,0
74,2,22,350,1993,0
74,2,22,350,1994,0
74,2,22,350,1995,0
74,2,22,350,1996,0
74,2,22,350,1997,0
74,2,22,350,1998,0
74,2,22,350,1999,0
74,2,22,350,2000,0
74,2,22,350,2001,0
74,2,22,350,2002,0
74,2,22,350,2003,0
74,2,22,350,2004,0
74,2,22,350,2005,0
74,2,22,350,2006,0
74,2,22,350,2007,0
74,2,22,350,2008,0
74,2,22,350,2009,0
74,2,22,350,2010,0
74,2,22,350,2011,0
74,2,22,350,2012,0
74,2,22,350,2013,0
74,2,22,350,2014,0
74,2,22,350,2015,0
74,2,22,350,2016,0
74,2,27,350,1990,0
74,2,27,350,1991,0
74,2,27,350,1992,0
74,2,27,350,1993,0
74,2,27,350,1994,0
74,2,27,350,1995,0
74,2,27,350,1996,0
74,2,27,350,1997,0
74,2,27,350,1998,0
74,2,27,350,1999,0
74,2,27,350,2000,0
74,2,27,350,2001,0
74,2,27,350,2002,0
74,2,27,350,2003,0
74,2,27,350,2004,0
74,2,27,350,2005,0
74,2,27,350,2006,0
74,2,27,350,2007,0
74,2,27,350,2008,0
74,2,27,350,2009,0
74,2,27,350,2010,0
74,2,27,350,2011,0
74,2,27,350,2012,0
74,2,27,350,2013,0
74,2,27,350,2014,0
74,2,27,350,2015,0
74,2,27,350,2016,0
74,3,22,350,1990,0
74,3,22,350,1991,0
74,3,22,350,1992,0
74,3,22,350,1993,0
74,3,22,350,1994,0
74,3,22,350,1995,0
74,3,22,350,1996,0
74,3,22,350,1997,0
74,3,22,350,1998,0
74,3,22,350,1999,0
74,3,22,350,2000,0
74,3,22,350,2001,0
74,3,22,350,2002,0
74,3,22,350,2003,0
74,3,22,350,2004,0
74,3,22,350,2005,0
74,3,22,350,2006,0
74,3,22,350,2007,0
74,3,22,350,2008,0
74,3,22,350,2009,0
74,3,22,350,2010,0
74,3,22,350,2011,0
74,3,22,350,2012,0
74,3,22,350,2013,0
74,3,22,350,2014,0
74,3,22,350,2015,0
74,3,22,350,2016,0
74,3,27,350,1990,0
74,3,27,350,1991,0
74,3,27,350,1992,0
74,3,27,350,1993,0
74,3,27,350,1994,0
74,3,27,350,1995,0
74,3,27,350,1996,0
74,3,27,350,1997,0
74,3,27,350,1998,0
74,3,27,350,1999,0
74,3,27,350,2000,0
74,3,27,350,2001,0
74,3,27,350,2002,0
74,3,27,350,2003,0
74,3,27,350,2004,0
74,3,27,350,2005,0
74,3,27,350,2006,0
74,3,27,350,2007,0
74,3,27,350,2008,0
74,3,27,350,2009,0
74,3,27,350,2010,0
74,3,27,350,2011,0
74,3,27,350,2012,0
74,3,27,350,2013,0
74,3,27,350,2014,0
74,3,27,350,2015,0
74,3,27,350,2016,0
75,1,22,350,1990,0
75,1,22,350,1991,0
75,1,22,350,1992,0
75,1,22,350,1993,0
75,1,22,350,1994,0
75,1,22,350,1995,0
75,1,22,350,1996,0
75,1,22,350,1997,0
75,1,22,350,1998,0
75,1,22,350,1999,0
75,1,22,350,2000,0
75,1,22,350,2001,0
75,1,22,350,2002,0
75,1,22,350,2003,0
75,1,22,350,2004,0
75,1,22,350,2005,0
75,1,22,350,2006,0
75,1,22,350,2007,0
75,1,22,350,2008,0
75,1,22,350,2009,0
75,1,22,350,2010,0
75,1,22,350,2011,0
75,1,22,350,2012,0
75,1,22,350,2013,0
75,1,22,350,2014,0
75,1,22,350,2015,0
75,1,22,350,2016,0
75,1,27,350,1990,0
75,1,27,350,1991,0
75,1,27,350,1992,0
75,1,27,350,1993,0
75,1,27,350,1994,0
75,1,27,350,1995,0
75,1,27,350,1996,0
75,1,27,350,1997,0
75,1,27,350,1998,0
75,1,27,350,1999,0
75,1,27,350,2000,0
75,1,27,350,2001,0
75,1,27,350,2002,0
75,1,27,350,2003,0
75,1,27,350,2004,0
75,1,27,350,2005,0
75,1,27,350,2006,0
75,1,27,350,2007,0
75,1,27,350,2008,0
75,1,27,350,2009,0
75,1,27,350,2010,0
75,1,27,350,2011,0
75,1,27,350,2012,0
75,1,27,350,2013,0
75,1,27,350,2014,0
75,1,27,350,2015,0
75,1,27,350,2016,0
75,2,22,350,1990,0
75,2,22,350,1991,0
75,2,22,350,1992,0
75,2,22,350,1993,0
75,2,22,350,1994,0
75,2,22,350,1995,0
75,2,22,350,1996,0
75,2,22,350,1997,0
75,2,22,350,1998,0
75,2,22,350,1999,0
75,2,22,350,2000,0
75,2,22,350,2001,0
75,2,22,350,2002,0
75,2,22,350,2003,0
75,2,22,350,2004,0
75,2,22,350,2005,0
75,2,22,350,2006,0
75,2,22,350,2007,0
75,2,22,350,2008,0
75,2,22,350,2009,0
75,2,22,350,2010,0
75,2,22,350,2011,0
75,2,22,350,2012,0
75,2,22,350,2013,0
75,2,22,350,2014,0
75,2,22,350,2015,0
75,2,22,350,2016,0
75,2,27,350,1990,0
75,2,27,350,1991,0
75,2,27,350,1992,0
75,2,27,350,1993,0
75,2,27,350,1994,0
75,2,27,350,1995,0
75,2,27,350,1996,0
75,2,27,350,1997,0
75,2,27,350,1998,0
75,2,27,350,1999,0
75,2,27,350,2000,0
75,2,27,350,2001,0
75,2,27,350,2002,0
75,2,27,350,2003,0
75,2,27,350,2004,0
75,2,27,350,2005,0
75,2,27,350,2006,0
75,2,27,350,2007,0
75,2,27,350,2008,0
75,2,27,350,2009,0
75,2,27,350,2010,0
75,2,27,350,2011,0
75,2,27,350,2012,0
75,2,27,350,2013,0
75,2,27,350,2014,0
75,2,27,350,2015,0
75,2,27,350,2016,0
75,3,22,350,1990,0
75,3,22,350,1991,0
75,3,22,350,1992,0
75,3,22,350,1993,0
75,3,22,350,1994,0
75,3,22,350,1995,0
75,3,22,350,1996,0
75,3,22,350,1997,0
75,3,22,350,1998,0
75,3,22,350,1999,0
75,3,22,350,2000,0
75,3,22,350,2001,0
75,3,22,350,2002,0
75,3,22,350,2003,0
75,3,22,350,2004,0
75,3,22,350,2005,0
75,3,22,350,2006,0
75,3,22,350,2007,0
75,3,22,350,2008,0
75,3,22,350,2009,0
75,3,22,350,2010,0
75,3,22,350,2011,0
75,3,22,350,2012,0
75,3,22,350,2013,0
75,3,22,350,2014,0
75,3,22,350,2015,0
75,3,22,350,2016,0
75,3,27,350,1990,0
75,3,27,350,1991,0
75,3,27,350,1992,0
75,3,27,350,1993,0
75,3,27,350,1994,0
75,3,27,350,1995,0
75,3,27,350,1996,0
75,3,27,350,1997,0
75,3,27,350,1998,0
75,3,27,350,1999,0
75,3,27,350,2000,0
75,3,27,350,2001,0
75,3,27,350,2002,0
75,3,27,350,2003,0
75,3,27,350,2004,0
75,3,27,350,2005,0
75,3,27,350,2006,0
75,3,27,350,2007,0
75,3,27,350,2008,0
75,3,27,350,2009,0
75,3,27,350,2010,0
75,3,27,350,2011,0
75,3,27,350,2012,0
75,3,27,350,2013,0
75,3,27,350,2014,0
75,3,27,350,2015,0
75,3,27,350,2016,0
76,1,22,350,1990,0
76,1,22,350,1991,0
76,1,22,350,1992,0
76,1,22,350,1993,0
76,1,22,350,1994,0
76,1,22,350,1995,0
76,1,22,350,1996,0
76,1,22,350,1997,0
76,1,22,350,1998,0
76,1,22,350,1999,0
76,1,22,350,2000,0
76,1,22,350,2001,0
76,1,22,350,2002,0
76,1,22,350,2003,0
76,1,22,350,2004,0
76,1,22,350,2005,0
76,1,22,350,2006,0
76,1,22,350,2007,0
76,1,22,350,2008,0
76,1,22,350,2009,0
76,1,22,350,2010,0
76,1,22,350,2011,0
76,1,22,350,2012,0
76,1,22,350,2013,0
76,1,22,350,2014,0
76,1,22,350,2015,0
76,1,22,350,2016,0
76,1,27,350,1990,0
76,1,27,350,1991,0
76,1,27,350,1992,0
76,1,27,350,1993,0
76,1,27,350,1994,0
76,1,27,350,1995,0
76,1,27,350,1996,0
76,1,27,350,1997,0
76,1,27,350,1998,0
76,1,27,350,1999,0
76,1,27,350,2000,0
76,1,27,350,2001,0
76,1,27,350,2002,0
76,1,27,350,2003,0
76,1,27,350,2004,0
76,1,27,350,2005,0
76,1,27,350,2006,0
76,1,27,350,2007,0
76,1,27,350,2008,0
76,1,27,350,2009,0
76,1,27,350,2010,0
76,1,27,350,2011,0
76,1,27,350,2012,0
76,1,27,350,2013,0
76,1,27,350,2014,0
76,1,27,350,2015,0
76,1,27,350,2016,0
76,2,22,350,1990,0
76,2,22,350,1991,0
76,2,22,350,1992,0
76,2,22,350,1993,0
76,2,22,350,1994,0
76,2,22,350,1995,0
76,2,22,350,1996,0
76,2,22,350,1997,0
76,2,22,350,1998,0
76,2,22,350,1999,0
76,2,22,350,2000,0
76,2,22,350,2001,0
76,2,22,350,2002,0
76,2,22,350,2003,0
76,2,22,350,2004,0
76,2,22,350,2005,0
76,2,22,350,2006,0
76,2,22,350,2007,0
76,2,22,350,2008,0
76,2,22,350,2009,0
76,2,22,350,2010,0
76,2,22,350,2011,0
76,2,22,350,2012,0
76,2,22,350,2013,0
76,2,22,350,2014,0
76,2,22,350,2015,0
76,2,22,350,2016,0
76,2,27,350,1990,0
76,2,27,350,1991,0
76,2,27,350,1992,0
76,2,27,350,1993,0
76,2,27,350,1994,0
76,2,27,350,1995,0
76,2,27,350,1996,0
76,2,27,350,1997,0
76,2,27,350,1998,0
76,2,27,350,1999,0
76,2,27,350,2000,0
76,2,27,350,2001,0
76,2,27,350,2002,0
76,2,27,350,2003,0
76,2,27,350,2004,0
76,2,27,350,2005,0
76,2,27,350,2006,0
76,2,27,350,2007,0
76,2,27,350,2008,0
76,2,27,350,2009,0
76,2,27,350,2010,0
76,2,27,350,2011,0
76,2,27,350,2012,0
76,2,27,350,2013,0
76,2,27,350,2014,0
76,2,27,350,2015,0
76,2,27,350,2016,0
76,3,22,350,1990,0
76,3,22,350,1991,0
76,3,22,350,1992,0
76,3,22,350,1993,0
76,3,22,350,1994,0
76,3,22,350,1995,0
76,3,22,350,1996,0
76,3,22,350,1997,0
76,3,22,350,1998,0
76,3,22,350,1999,0
76,3,22,350,2000,0
76,3,22,350,2001,0
76,3,22,350,2002,0
76,3,22,350,2003,0
76,3,22,350,2004,0
76,3,22,350,2005,0
76,3,22,350,2006,0
76,3,22,350,2007,0
76,3,22,350,2008,0
76,3,22,350,2009,0
76,3,22,350,2010,0
76,3,22,350,2011,0
76,3,22,350,2012,0
76,3,22,350,2013,0
76,3,22,350,2014,0
76,3,22,350,2015,0
76,3,22,350,2016,0
76,3,27,350,1990,0
76,3,27,350,1991,0
76,3,27,350,1992,0
76,3,27,350,1993,0
76,3,27,350,1994,0
76,3,27,350,1995,0
76,3,27,350,1996,0
76,3,27,350,1997,0
76,3,27,350,1998,0
76,3,27,350,1999,0
76,3,27,350,2000,0
76,3,27,350,2001,0
76,3,27,350,2002,0
76,3,27,350,2003,0
76,3,27,350,2004,0
76,3,27,350,2005,0
76,3,27,350,2006,0
76,3,27,350,2007,0
76,3,27,350,2008,0
76,3,27,350,2009,0
76,3,27,350,2010,0
76,3,27,350,2011,0
76,3,27,350,2012,0
76,3,27,350,2013,0
76,3,27,350,2014,0
76,3,27,350,2015,0
76,3,27,350,2016,0
77,1,22,350,1990,0
77,1,22,350,1991,0
77,1,22,350,1992,0
77,1,22,350,1993,0
77,1,22,350,1994,0
77,1,22,350,1995,0
77,1,22,350,1996,0
77,1,22,350,1997,0
77,1,22,350,1998,0
77,1,22,350,1999,0
77,1,22,350,2000,0
77,1,22,350,2001,0
77,1,22,350,2002,0
77,1,22,350,2003,0
77,1,22,350,2004,0
77,1,22,350,2005,0
77,1,22,350,2006,0
77,1,22,350,2007,0
77,1,22,350,2008,0
77,1,22,350,2009,0
77,1,22,350,2010,0
77,1,22,350,2011,0
77,1,22,350,2012,0
77,1,22,350,2013,0
77,1,22,350,2014,0
77,1,22,350,2015,0
77,1,22,350,2016,0
77,1,27,350,1990,0
77,1,27,350,1991,0
77,1,27,350,1992,0
77,1,27,350,1993,0
77,1,27,350,1994,0
77,1,27,350,1995,0
77,1,27,350,1996,0
77,1,27,350,1997,0
77,1,27,350,1998,0
77,1,27,350,1999,0
77,1,27,350,2000,0
77,1,27,350,2001,0
77,1,27,350,2002,0
77,1,27,350,2003,0
77,1,27,350,2004,0
77,1,27,350,2005,0
77,1,27,350,2006,0
77,1,27,350,2007,0
77,1,27,350,2008,0
77,1,27,350,2009,0
77,1,27,350,2010,0
77,1,27,350,2011,0
77,1,27,350,2012,0
77,1,27,350,2013,0
77,1,27,350,2014,0
77,1,27,350,2015,0
77,1,27,350,2016,0
77,2,22,350,1990,0
77,2,22,350,1991,0
77,2,22,350,1992,0
77,2,22,350,1993,0
77,2,22,350,1994,0
77,2,22,350,1995,0
77,2,22,350,1996,0
77,2,22,350,1997,0
77,2,22,350,1998,0
77,2,22,350,1999,0
77,2,22,350,2000,0
77,2,22,350,2001,0
77,2,22,350,2002,0
77,2,22,350,2003,0
77,2,22,350,2004,0
77,2,22,350,2005,0
77,2,22,350,2006,0
77,2,22,350,2007,0
77,2,22,350,2008,0
77,2,22,350,2009,0
77,2,22,350,2010,0
77,2,22,350,2011,0
77,2,22,350,2012,0
77,2,22,350,2013,0
77,2,22,350,2014,0
77,2,22,350,2015,0
77,2,22,350,2016,0
77,2,27,350,1990,0
77,2,27,350,1991,0
77,2,27,350,1992,0
77,2,27,350,1993,0
77,2,27,350,1994,0
77,2,27,350,1995,0
77,2,27,350,1996,0
77,2,27,350,1997,0
77,2,27,350,1998,0
77,2,27,350,1999,0
77,2,27,350,2000,0
77,2,27,350,2001,0
77,2,27,350,2002,0
77,2,27,350,2003,0
77,2,27,350,2004,0
77,2,27,350,2005,0
77,2,27,350,2006,0
77,2,27,350,2007,0
77,2,27,350,2008,0
77,2,27,350,2009,0
77,2,27,350,2010,0
77,2,27,350,2011,0
77,2,27,350,2012,0
77,2,27,350,2013,0
77,2,27,350,2014,0
77,2,27,350,2015,0
77,2,27,350,2016,0
77,3,22,350,1990,0
77,3,22,350,1991,0
77,3,22,350,1992,0
77,3,22,350,1993,0
77,3,22,350,1994,0
77,3,22,350,1995,0
77,3,22,350,1996,0
77,3,22,350,1997,0
77,3,22,350,1998,0
77,3,22,350,1999,0
77,3,22,350,2000,0
77,3,22,350,2001,0
77,3,22,350,2002,0
77,3,22,350,2003,0
77,3,22,350,2004,0
77,3,22,350,2005,0
77,3,22,350,2006,0
77,3,22,350,2007,0
77,3,22,350,2008,0
77,3,22,350,2009,0
77,3,22,350,2010,0
77,3,22,350,2011,0
77,3,22,350,2012,0
77,3,22,350,2013,0
77,3,22,350,2014,0
77,3,22,350,2015,0
77,3,22,350,2016,0
77,3,27,350,1990,0
77,3,27,350,1991,0
77,3,27,350,1992,0
77,3,27,350,1993,0
77,3,27,350,1994,0
77,3,27,350,1995,0
77,3,27,350,1996,0
77,3,27,350,1997,0
77,3,27,350,1998,0
77,3,27,350,1999,0
77,3,27,350,2000,0
77,3,27,350,2001,0
77,3,27,350,2002,0
77,3,27,350,2003,0
77,3,27,350,2004,0
77,3,27,350,2005,0
77,3,27,350,2006,0
77,3,27,350,2007,0
77,3,27,350,2008,0
77,3,27,350,2009,0
77,3,27,350,2010,0
77,3,27,350,2011,0
77,3,27,350,2012,0
77,3,27,350,2013,0
77,3,27,350,2014,0
77,3,27,350,2015,0
77,3,27,350,2016,0
78,1,22,350,1990,0
78,1,22,350,1991,0
78,1,22,350,1992,0
78,1,22,350,1993,0
78,1,22,350,1994,0
78,1,22,350,1995,0
78,1,22,350,1996,0
78,1,22,350,1997,0
78,1,22,350,1998,0
78,1,22,350,1999,0
78,1,22,350,2000,0
78,1,22,350,2001,0
78,1,22,350,2002,0
78,1,22,350,2003,0
78,1,22,350,2004,0
78,1,22,350,2005,0
78,1,22,350,2006,0
78,1,22,350,2007,0
78,1,22,350,2008,0
78,1,22,350,2009,0
78,1,22,350,2010,0
78,1,22,350,2011,0
78,1,22,350,2012,0
78,1,22,350,2013,0
78,1,22,350,2014,0
78,1,22,350,2015,0
78,1,22,350,2016,0
78,1,27,350,1990,0
78,1,27,350,1991,0
78,1,27,350,1992,0
78,1,27,350,1993,0
78,1,27,350,1994,0
78,1,27,350,1995,0
78,1,27,350,1996,0
78,1,27,350,1997,0
78,1,27,350,1998,0
78,1,27,350,1999,0
78,1,27,350,2000,0
78,1,27,350,2001,0
78,1,27,350,2002,0
78,1,27,350,2003,0
78,1,27,350,2004,0
78,1,27,350,2005,0
78,1,27,350,2006,0
78,1,27,350,2007,0
78,1,27,350,2008,0
78,1,27,350,2009,0
78,1,27,350,2010,0
78,1,27,350,2011,0
78,1,27,350,2012,0
78,1,27,350,2013,0
78,1,27,350,2014,0
78,1,27,350,2015,0
78,1,27,350,2016,0
78,2,22,350,1990,0
78,2,22,350,1991,0
78,2,22,350,1992,0
78,2,22,350,1993,0
78,2,22,350,1994,0
78,2,22,350,1995,0
78,2,22,350,1996,0
78,2,22,350,1997,0
78,2,22,350,1998,0
78,2,22,350,1999,0
78,2,22,350,2000,0
78,2,22,350,2001,0
78,2,22,350,2002,0
78,2,22,350,2003,0
78,2,22,350,2004,0
78,2,22,350,2005,0
78,2,22,350,2006,0
78,2,22,350,2007,0
78,2,22,350,2008,0
78,2,22,350,2009,0
78,2,22,350,2010,0
78,2,22,350,2011,0
78,2,22,350,2012,0
78,2,22,350,2013,0
78,2,22,350,2014,0
78,2,22,350,2015,0
78,2,22,350,2016,0
78,2,27,350,1990,0
78,2,27,350,1991,0
78,2,27,350,1992,0
78,2,27,350,1993,0
78,2,27,350,1994,0
78,2,27,350,1995,0
78,2,27,350,1996,0
78,2,27,350,1997,0
78,2,27,350,1998,0
78,2,27,350,1999,0
78,2,27,350,2000,0
78,2,27,350,2001,0
78,2,27,350,2002,0
78,2,27,350,2003,0
78,2,27,350,2004,0
78,2,27,350,2005,0
78,2,27,350,2006,0
78,2,27,350,2007,0
78,2,27,350,2008,0
78,2,27,350,2009,0
78,2,27,350,2010,0
78,2,27,350,2011,0
78,2,27,350,2012,0
78,2,27,350,2013,0
78,2,27,350,2014,0
78,2,27,350,2015,0
78,2,27,350,2016,0
78,3,22,350,1990,0
78,3,22,350,1991,0
78,3,22,350,1992,0
78,3,22,350,1993,0
78,3,22,350,1994,0
78,3,22,350,1995,0
78,3,22,350,1996,0
78,3,22,350,1997,0
78,3,22,350,1998,0
78,3,22,350,1999,0
78,3,22,350,2000,0
78,3,22,350,2001,0
78,3,22,350,2002,0
78,3,22,350,2003,0
78,3,22,350,2004,0
78,3,22,350,2005,0
78,3,22,350,2006,0
78,3,22,350,2007,0
78,3,22,350,2008,0
78,3,22,350,2009,0
78,3,22,350,2010,0
78,3,22,350,2011,0
78,3,22,350,2012,0
78,3,22,350,2013,0
78,3,22,350,2014,0
78,3,22,350,2015,0
78,3,22,350,2016,0
78,3,27,350,1990,0
78,3,27,350,1991,0
78,3,27,350,1992,0
78,3,27,350,1993,0
78,3,27,350,1994,0
78,3,27,350,1995,0
78,3,27,350,1996,0
78,3,27,350,1997,0
78,3,27,350,1998,0
78,3,27,350,1999,0
78,3,27,350,2000,0
78,3,27,350,2001,0
78,3,27,350,2002,0
78,3,27,350,2003,0
78,3,27,350,2004,0
78,3,27,350,2005,0
78,3,27,350,2006,0
78,3,27,350,2007,0
78,3,27,350,2008,0
78,3,27,350,2009,0
78,3,27,350,2010,0
78,3,27,350,2011,0
78,3,27,350,2012,0
78,3,27,350,2013,0
78,3,27,350,2014,0
78,3,27,350,2015,0
78,3,27,350,2016,0
79,1,22,350,1990,0
79,1,22,350,1991,0
79,1,22,350,1992,0
79,1,22,350,1993,0
79,1,22,350,1994,0
79,1,22,350,1995,0
79,1,22,350,1996,0
79,1,22,350,1997,0
79,1,22,350,1998,0
79,1,22,350,1999,0
79,1,22,350,2000,0
79,1,22,350,2001,0
79,1,22,350,2002,0
79,1,22,350,2003,0
79,1,22,350,2004,0
79,1,22,350,2005,0
79,1,22,350,2006,0
79,1,22,350,2007,0
79,1,22,350,2008,0
79,1,22,350,2009,0
79,1,22,350,2010,0
79,1,22,350,2011,0
79,1,22,350,2012,0
79,1,22,350,2013,0
79,1,22,350,2014,0
79,1,22,350,2015,0
79,1,22,350,2016,0
79,1,27,350,1990,0
79,1,27,350,1991,0
79,1,27,350,1992,0
79,1,27,350,1993,0
79,1,27,350,1994,0
79,1,27,350,1995,0
79,1,27,350,1996,0
79,1,27,350,1997,0
79,1,27,350,1998,0
79,1,27,350,1999,0
79,1,27,350,2000,0
79,1,27,350,2001,0
79,1,27,350,2002,0
79,1,27,350,2003,0
79,1,27,350,2004,0
79,1,27,350,2005,0
79,1,27,350,2006,0
79,1,27,350,2007,0
79,1,27,350,2008,0
79,1,27,350,2009,0
79,1,27,350,2010,0
79,1,27,350,2011,0
79,1,27,350,2012,0
79,1,27,350,2013,0
79,1,27,350,2014,0
79,1,27,350,2015,0
79,1,27,350,2016,0
79,2,22,350,1990,0
79,2,22,350,1991,0
79,2,22,350,1992,0
79,2,22,350,1993,0
79,2,22,350,1994,0
79,2,22,350,1995,0
79,2,22,350,1996,0
79,2,22,350,1997,0
79,2,22,350,1998,0
79,2,22,350,1999,0
79,2,22,350,2000,0
79,2,22,350,2001,0
79,2,22,350,2002,0
79,2,22,350,2003,0
79,2,22,350,2004,0
79,2,22,350,2005,0
79,2,22,350,2006,0
79,2,22,350,2007,0
79,2,22,350,2008,0
79,2,22,350,2009,0
79,2,22,350,2010,0
79,2,22,350,2011,0
79,2,22,350,2012,0
79,2,22,350,2013,0
79,2,22,350,2014,0
79,2,22,350,2015,0
79,2,22,350,2016,0
79,2,27,350,1990,0
79,2,27,350,1991,0
79,2,27,350,1992,0
79,2,27,350,1993,0
79,2,27,350,1994,0
79,2,27,350,1995,0
79,2,27,350,1996,0
79,2,27,350,1997,0
79,2,27,350,1998,0
79,2,27,350,1999,0
79,2,27,350,2000,0
79,2,27,350,2001,0
79,2,27,350,2002,0
79,2,27,350,2003,0
79,2,27,350,2004,0
79,2,27,350,2005,0
79,2,27,350,2006,0
79,2,27,350,2007,0
79,2,27,350,2008,0
79,2,27,350,2009,0
79,2,27,350,2010,0
79,2,27,350,2011,0
79,2,27,350,2012,0
79,2,27,350,2013,0
79,2,27,350,2014,0
79,2,27,350,2015,0
79,2,27,350,2016,0
79,3,22,350,1990,0
79,3,22,350,1991,0
79,3,22,350,1992,0
79,3,22,350,1993,0
79,3,22,350,1994,0
79,3,22,350,1995,0
79,3,22,350,1996,0
79,3,22,350,1997,0
79,3,22,350,1998,0
79,3,22,350,1999,0
79,3,22,350,2000,0
79,3,22,350,2001,0
79,3,22,350,2002,0
79,3,22,350,2003,0
79,3,22,350,2004,0
79,3,22,350,2005,0
79,3,22,350,2006,0
79,3,22,350,2007,0
79,3,22,350,2008,0
79,3,22,350,2009,0
79,3,22,350,2010,0
79,3,22,350,2011,0
79,3,22,350,2012,0
79,3,22,350,2013,0
79,3,22,350,2014,0
79,3,22,350,2015,0
79,3,22,350,2016,0
79,3,27,350,1990,0
79,3,27,350,1991,0
79,3,27,350,1992,0
79,3,27,350,1993,0
79,3,27,350,1994,0
79,3,27,350,1995,0
79,3,27,350,1996,0
79,3,27,350,1997,0
79,3,27,350,1998,0
79,3,27,350,1999,0
79,3,27,350,2000,0
79,3,27,350,2001,0
79,3,27,350,2002,0
79,3,27,350,2003,0
79,3,27,350,2004,0
79,3,27,350,2005,0
79,3,27,350,2006,0
79,3,27,350,2007,0
79,3,27,350,2008,0
79,3,27,350,2009,0
79,3,27,350,2010,0
79,3,27,350,2011,0
79,3,27,350,2012,0
79,3,27,350,2013,0
79,3,27,350,2014,0
79,3,27,350,2015,0
79,3,27,350,2016,0
80,1,22,350,1990,0
80,1,22,350,1991,0
80,1,22,350,1992,0
80,1,22,350,1993,0
80,1,22,350,1994,0
80,1,22,350,1995,0
80,1,22,350,1996,0
80,1,22,350,1997,0
80,1,22,350,1998,0
80,1,22,350,1999,0
80,1,22,350,2000,0
80,1,22,350,2001,0
80,1,22,350,2002,0
80,1,22,350,2003,0
80,1,22,350,2004,0
80,1,22,350,2005,0
80,1,22,350,2006,0
80,1,22,350,2007,0
80,1,22,350,2008,0
80,1,22,350,2009,0
80,1,22,350,2010,0
80,1,22,350,2011,0
80,1,22,350,2012,0
80,1,22,350,2013,0
80,1,22,350,2014,0
80,1,22,350,2015,0
80,1,22,350,2016,0
80,1,27,350,1990,0
80,1,27,350,1991,0
80,1,27,350,1992,0
80,1,27,350,1993,0
80,1,27,350,1994,0
80,1,27,350,1995,0
80,1,27,350,1996,0
80,1,27,350,1997,0
80,1,27,350,1998,0
80,1,27,350,1999,0
80,1,27,350,2000,0
80,1,27,350,2001,0
80,1,27,350,2002,0
80,1,27,350,2003,0
80,1,27,350,2004,0
80,1,27,350,2005,0
80,1,27,350,2006,0
80,1,27,350,2007,0
80,1,27,350,2008,0
80,1,27,350,2009,0
80,1,27,350,2010,0
80,1,27,350,2011,0
80,1,27,350,2012,0
80,1,27,350,2013,0
80,1,27,350,2014,0
80,1,27,350,2015,0
80,1,27,350,2016,0
80,2,22,350,1990,0
80,2,22,350,1991,0
80,2,22,350,1992,0
80,2,22,350,1993,0
80,2,22,350,1994,0
80,2,22,350,1995,0
80,2,22,350,1996,0
80,2,22,350,1997,0
80,2,22,350,1998,0
80,2,22,350,1999,0
80,2,22,350,2000,0
80,2,22,350,2001,0
80,2,22,350,2002,0
80,2,22,350,2003,0
80,2,22,350,2004,0
80,2,22,350,2005,0
80,2,22,350,2006,0
80,2,22,350,2007,0
80,2,22,350,2008,0
80,2,22,350,2009,0
80,2,22,350,2010,0
80,2,22,350,2011,0
80,2,22,350,2012,0
80,2,22,350,2013,0
80,2,22,350,2014,0
80,2,22,350,2015,0
80,2,22,350,2016,0
80,2,27,350,1990,0
80,2,27,350,1991,0
80,2,27,350,1992,0
80,2,27,350,1993,0
80,2,27,350,1994,0
80,2,27,350,1995,0
80,2,27,350,1996,0
80,2,27,350,1997,0
80,2,27,350,1998,0
80,2,27,350,1999,0
80,2,27,350,2000,0
80,2,27,350,2001,0
80,2,27,350,2002,0
80,2,27,350,2003,0
80,2,27,350,2004,0
80,2,27,350,2005,0
80,2,27,350,2006,0
80,2,27,350,2007,0
80,2,27,350,2008,0
80,2,27,350,2009,0
80,2,27,350,2010,0
80,2,27,350,2011,0
80,2,27,350,2012,0
80,2,27,350,2013,0
80,2,27,350,2014,0
80,2,27,350,2015,0
80,2,27,350,2016,0
80,3,22,350,1990,0
80,3,22,350,1991,0
80,3,22,350,1992,0
80,3,22,350,1993,0
80,3,22,350,1994,0
80,3,22,350,1995,0
80,3,22,350,1996,0
80,3,22,350,1997,0
80,3,22,350,1998,0
80,3,22,350,1999,0
80,3,22,350,2000,0
80,3,22,350,2001,0
80,3,22,350,2002,0
80,3,22,350,2003,0
80,3,22,350,2004,0
80,3,22,350,2005,0
80,3,22,350,2006,0
80,3,22,350,2007,0
80,3,22,350,2008,0
80,3,22,350,2009,0
80,3,22,350,2010,0
80,3,22,350,2011,0
80,3,22,350,2012,0
80,3,22,350,2013,0
80,3,22,350,2014,0
80,3,22,350,2015,0
80,3,22,350,2016,0
80,3,27,350,1990,0
80,3,27,350,1991,0
80,3,27,350,1992,0
80,3,27,350,1993,0
80,3,27,350,1994,0
80,3,27,350,1995,0
80,3,27,350,1996,0
80,3,27,350,1997,0
80,3,27,350,1998,0
80,3,27,350,1999,0
80,3,27,350,2000,0
80,3,27,350,2001,0
80,3,27,350,2002,0
80,3,27,350,2003,0
80,3,27,350,2004,0
80,3,27,350,2005,0
80,3,27,350,2006,0
80,3,27,350,2007,0
80,3,27,350,2008,0
80,3,27,350,2009,0
80,3,27,350,2010,0
80,3,27,350,2011,0
80,3,27,350,2012,0
80,3,27,350,2013,0
80,3,27,350,2014,0
80,3,27,350,2015,0
80,3,27,350,2016,0
81,1,22,350,1990,0
81,1,22,350,1991,0
81,1,22,350,1992,0
81,1,22,350,1993,0
81,1,22,350,1994,0
81,1,22,350,1995,0
81,1,22,350,1996,0
81,1,22,350,1997,0
81,1,22,350,1998,0
81,1,22,350,1999,0
81,1,22,350,2000,0
81,1,22,350,2001,0
81,1,22,350,2002,0
81,1,22,350,2003,0
81,1,22,350,2004,0
81,1,22,350,2005,0
81,1,22,350,2006,0
81,1,22,350,2007,0
81,1,22,350,2008,0
81,1,22,350,2009,0
81,1,22,350,2010,0
81,1,22,350,2011,0
81,1,22,350,2012,0
81,1,22,350,2013,0
81,1,22,350,2014,0
81,1,22,350,2015,0
81,1,22,350,2016,0
81,1,27,350,1990,0
81,1,27,350,1991,0
81,1,27,350,1992,0
81,1,27,350,1993,0
81,1,27,350,1994,0
81,1,27,350,1995,0
81,1,27,350,1996,0
81,1,27,350,1997,0
81,1,27,350,1998,0
81,1,27,350,1999,0
81,1,27,350,2000,0
81,1,27,350,2001,0
81,1,27,350,2002,0
81,1,27,350,2003,0
81,1,27,350,2004,0
81,1,27,350,2005,0
81,1,27,350,2006,0
81,1,27,350,2007,0
81,1,27,350,2008,0
81,1,27,350,2009,0
81,1,27,350,2010,0
81,1,27,350,2011,0
81,1,27,350,2012,0
81,1,27,350,2013,0
81,1,27,350,2014,0
81,1,27,350,2015,0
81,1,27,350,2016,0
81,2,22,350,1990,0
81,2,22,350,1991,0
81,2,22,350,1992,0
81,2,22,350,1993,0
81,2,22,350,1994,0
81,2,22,350,1995,0
81,2,22,350,1996,0
81,2,22,350,1997,0
81,2,22,350,1998,0
81,2,22,350,1999,0
81,2,22,350,2000,0
81,2,22,350,2001,0
81,2,22,350,2002,0
81,2,22,350,2003,0
81,2,22,350,2004,0
81,2,22,350,2005,0
81,2,22,350,2006,0
81,2,22,350,2007,0
81,2,22,350,2008,0
81,2,22,350,2009,0
81,2,22,350,2010,0
81,2,22,350,2011,0
81,2,22,350,2012,0
81,2,22,350,2013,0
81,2,22,350,2014,0
81,2,22,350,2015,0
81,2,22,350,2016,0
81,2,27,350,1990,0
81,2,27,350,1991,0
81,2,27,350,1992,0
81,2,27,350,1993,0
81,2,27,350,1994,0
81,2,27,350,1995,0
81,2,27,350,1996,0
81,2,27,350,1997,0
81,2,27,350,1998,0
81,2,27,350,1999,0
81,2,27,350,2000,0
81,2,27,350,2001,0
81,2,27,350,2002,0
81,2,27,350,2003,0
81,2,27,350,2004,0
81,2,27,350,2005,0
81,2,27,350,2006,0
81,2,27,350,2007,0
81,2,27,350,2008,0
81,2,27,350,2009,0
81,2,27,350,2010,0
81,2,27,350,2011,0
81,2,27,350,2012,0
81,2,27,350,2013,0
81,2,27,350,2014,0
81,2,27,350,2015,0
81,2,27,350,2016,0
81,3,22,350,1990,0
81,3,22,350,1991,0
81,3,22,350,1992,0
81,3,22,350,1993,0
81,3,22,350,1994,0
81,3,22,350,1995,0
81,3,22,350,1996,0
81,3,22,350,1997,0
81,3,22,350,1998,0
81,3,22,350,1999,0
81,3,22,350,2000,0
81,3,22,350,2001,0
81,3,22,350,2002,0
81,3,22,350,2003,0
81,3,22,350,2004,0
81,3,22,350,2005,0
81,3,22,350,2006,0
81,3,22,350,2007,0
81,3,22,350,2008,0
81,3,22,350,2009,0
81,3,22,350,2010,0
81,3,22,350,2011,0
81,3,22,350,2012,0
81,3,22,350,2013,0
81,3,22,350,2014,0
81,3,22,350,2015,0
81,3,22,350,2016,0
81,3,27,350,1990,0
81,3,27,350,1991,0
81,3,27,350,1992,0
81,3,27,350,1993,0
81,3,27,350,1994,0
81,3,27,350,1995,0
81,3,27,350,1996,0
81,3,27,350,1997,0
81,3,27,350,1998,0
81,3,27,350,1999,0
81,3,27,350,2000,0
81,3,27,350,2001,0
81,3,27,350,2002,0
81,3,27,350,2003,0
81,3,27,350,2004,0
81,3,27,350,2005,0
81,3,27,350,2006,0
81,3,27,350,2007,0
81,3,27,350,2008,0
81,3,27,350,2009,0
81,3,27,350,2010,0
81,3,27,350,2011,0
81,3,27,350,2012,0
81,3,27,350,2013,0
81,3,27,350,2014,0
81,3,27,350,2015,0
81,3,27,350,2016,0
82,1,22,350,1990,0
82,1,22,350,1991,0
82,1,22,350,1992,0
82,1,22,350,1993,0
82,1,22,350,1994,0
82,1,22,350,1995,0
82,1,22,350,1996,0
82,1,22,350,1997,0
82,1,22,350,1998,0
82,1,22,350,1999,0
82,1,22,350,2000,0
82,1,22,350,2001,0
82,1,22,350,2002,0
82,1,22,350,2003,0
82,1,22,350,2004,0
82,1,22,350,2005,0
82,1,22,350,2006,0
82,1,22,350,2007,0
82,1,22,350,2008,0
82,1,22,350,2009,0
82,1,22,350,2010,0
82,1,22,350,2011,0
82,1,22,350,2012,0
82,1,22,350,2013,0
82,1,22,350,2014,0
82,1,22,350,2015,0
82,1,22,350,2016,0
82,1,27,350,1990,0
82,1,27,350,1991,0
82,1,27,350,1992,0
82,1,27,350,1993,0
82,1,27,350,1994,0
82,1,27,350,1995,0
82,1,27,350,1996,0
82,1,27,350,1997,0
82,1,27,350,1998,0
82,1,27,350,1999,0
82,1,27,350,2000,0
82,1,27,350,2001,0
82,1,27,350,2002,0
82,1,27,350,2003,0
82,1,27,350,2004,0
82,1,27,350,2005,0
82,1,27,350,2006,0
82,1,27,350,2007,0
82,1,27,350,2008,0
82,1,27,350,2009,0
82,1,27,350,2010,0
82,1,27,350,2011,0
82,1,27,350,2012,0
82,1,27,350,2013,0
82,1,27,350,2014,0
82,1,27,350,2015,0
82,1,27,350,2016,0
82,2,22,350,1990,0
82,2,22,350,1991,0
82,2,22,350,1992,0
82,2,22,350,1993,0
82,2,22,350,1994,0
82,2,22,350,1995,0
82,2,22,350,1996,0
82,2,22,350,1997,0
82,2,22,350,1998,0
82,2,22,350,1999,0
82,2,22,350,2000,0
82,2,22,350,2001,0
82,2,22,350,2002,0
82,2,22,350,2003,0
82,2,22,350,2004,0
82,2,22,350,2005,0
82,2,22,350,2006,0
82,2,22,350,2007,0
82,2,22,350,2008,0
82,2,22,350,2009,0
82,2,22,350,2010,0
82,2,22,350,2011,0
82,2,22,350,2012,0
82,2,22,350,2013,0
82,2,22,350,2014,0
82,2,22,350,2015,0
82,2,22,350,2016,0
82,2,27,350,1990,0
82,2,27,350,1991,0
82,2,27,350,1992,0
82,2,27,350,1993,0
82,2,27,350,1994,0
82,2,27,350,1995,0
82,2,27,350,1996,0
82,2,27,350,1997,0
82,2,27,350,1998,0
82,2,27,350,1999,0
82,2,27,350,2000,0
82,2,27,350,2001,0
82,2,27,350,2002,0
82,2,27,350,2003,0
82,2,27,350,2004,0
82,2,27,350,2005,0
82,2,27,350,2006,0
82,2,27,350,2007,0
82,2,27,350,2008,0
82,2,27,350,2009,0
82,2,27,350,2010,0
82,2,27,350,2011,0
82,2,27,350,2012,0
82,2,27,350,2013,0
82,2,27,350,2014,0
82,2,27,350,2015,0
82,2,27,350,2016,0
82,3,22,350,1990,0
82,3,22,350,1991,0
82,3,22,350,1992,0
82,3,22,350,1993,0
82,3,22,350,1994,0
82,3,22,350,1995,0
82,3,22,350,1996,0
82,3,22,350,1997,0
82,3,22,350,1998,0
82,3,22,350,1999,0
82,3,22,350,2000,0
82,3,22,350,2001,0
82,3,22,350,2002,0
82,3,22,350,2003,0
82,3,22,350,2004,0
82,3,22,350,2005,0
82,3,22,350,2006,0
82,3,22,350,2007,0
82,3,22,350,2008,0
82,3,22,350,2009,0
82,3,22,350,2010,0
82,3,22,350,2011,0
82,3,22,350,2012,0
82,3,22,350,2013,0
82,3,22,350,2014,0
82,3,22,350,2015,0
82,3,22,350,2016,0
82,3,27,350,1990,0
82,3,27,350,1991,0
82,3,27,350,1992,0
82,3,27,350,1993,0
82,3,27,350,1994,0
82,3,27,350,1995,0
82,3,27,350,1996,0
82,3,27,350,1997,0
82,3,27,350,1998,0
82,3,27,350,1999,0
82,3,27,350,2000,0
82,3,27,350,2001,0
82,3,27,350,2002,0
82,3,27,350,2003,0
82,3,27,350,2004,0
82,3,27,350,2005,0
82,3,27,350,2006,0
82,3,27,350,2007,0
82,3,27,350,2008,0
82,3,27,350,2009,0
82,3,27,350,2010,0
82,3,27,350,2011,0
82,3,27,350,2012,0
82,3,27,350,2013,0
82,3,27,350,2014,0
82,3,27,350,2015,0
82,3,27,350,2016,0
83,1,22,350,1990,0
83,1,22,350,1991,0
83,1,22,350,1992,0
83,1,22,350,1993,0
83,1,22,350,1994,0
83,1,22,350,1995,0
83,1,22,350,1996,0
83,1,22,350,1997,0
83,1,22,350,1998,0
83,1,22,350,1999,0
83,1,22,350,2000,0
83,1,22,350,2001,0
83,1,22,350,2002,0
83,1,22,350,2003,0
83,1,22,350,2004,0
83,1,22,350,2005,0
83,1,22,350,2006,0
83,1,22,350,2007,0
83,1,22,350,2008,0
83,1,22,350,2009,0
83,1,22,350,2010,0
83,1,22,350,2011,0
83,1,22,350,2012,0
83,1,22,350,2013,0
83,1,22,350,2014,0
83,1,22,350,2015,0
83,1,22,350,2016,0
83,1,27,350,1990,0
83,1,27,350,1991,0
83,1,27,350,1992,0
83,1,27,350,1993,0
83,1,27,350,1994,0
83,1,27,350,1995,0
83,1,27,350,1996,0
83,1,27,350,1997,0
83,1,27,350,1998,0
83,1,27,350,1999,0
83,1,27,350,2000,0
83,1,27,350,2001,0
83,1,27,350,2002,0
83,1,27,350,2003,0
83,1,27,350,2004,0
83,1,27,350,2005,0
83,1,27,350,2006,0
83,1,27,350,2007,0
83,1,27,350,2008,0
83,1,27,350,2009,0
83,1,27,350,2010,0
83,1,27,350,2011,0
83,1,27,350,2012,0
83,1,27,350,2013,0
83,1,27,350,2014,0
83,1,27,350,2015,0
83,1,27,350,2016,0
83,2,22,350,1990,0
83,2,22,350,1991,0
83,2,22,350,1992,0
83,2,22,350,1993,0
83,2,22,350,1994,0
83,2,22,350,1995,0
83,2,22,350,1996,0
83,2,22,350,1997,0
83,2,22,350,1998,0
83,2,22,350,1999,0
83,2,22,350,2000,0
83,2,22,350,2001,0
83,2,22,350,2002,0
83,2,22,350,2003,0
83,2,22,350,2004,0
83,2,22,350,2005,0
83,2,22,350,2006,0
83,2,22,350,2007,0
83,2,22,350,2008,0
83,2,22,350,2009,0
83,2,22,350,2010,0
83,2,22,350,2011,0
83,2,22,350,2012,0
83,2,22,350,2013,0
83,2,22,350,2014,0
83,2,22,350,2015,0
83,2,22,350,2016,0
83,2,27,350,1990,0
83,2,27,350,1991,0
83,2,27,350,1992,0
83,2,27,350,1993,0
83,2,27,350,1994,0
83,2,27,350,1995,0
83,2,27,350,1996,0
83,2,27,350,1997,0
83,2,27,350,1998,0
83,2,27,350,1999,0
83,2,27,350,2000,0
83,2,27,350,2001,0
83,2,27,350,2002,0
83,2,27,350,2003,0
83,2,27,350,2004,0
83,2,27,350,2005,0
83,2,27,350,2006,0
83,2,27,350,2007,0
83,2,27,350,2008,0
83,2,27,350,2009,0
83,2,27,350,2010,0
83,2,27,350,2011,0
83,2,27,350,2012,0
83,2,27,350,2013,0
83,2,27,350,2014,0
83,2,27,350,2015,0
83,2,27,350,2016,0
83,3,22,350,1990,0
83,3,22,350,1991,0
83,3,22,350,1992,0
83,3,22,350,1993,0
83,3,22,350,1994,0
83,3,22,350,1995,0
83,3,22,350,1996,0
83,3,22,350,1997,0
83,3,22,350,1998,0
83,3,22,350,1999,0
83,3,22,350,2000,0
83,3,22,350,2001,0
83,3,22,350,2002,0
83,3,22,350,2003,0
83,3,22,350,2004,0
83,3,22,350,2005,0
83,3,22,350,2006,0
83,3,22,350,2007,0
83,3,22,350,2008,0
83,3,22,350,2009,0
83,3,22,350,2010,0
83,3,22,350,2011,0
83,3,22,350,2012,0
83,3,22,350,2013,0
83,3,22,350,2014,0
83,3,22,350,2015,0
83,3,22,350,2016,0
83,3,27,350,1990,0
83,3,27,350,1991,0
83,3,27,350,1992,0
83,3,27,350,1993,0
83,3,27,350,1994,0
83,3,27,350,1995,0
83,3,27,350,1996,0
83,3,27,350,1997,0
83,3,27,350,1998,0
83,3,27,350,1999,0
83,3,27,350,2000,0
83,3,27,350,2001,0
83,3,27,350,2002,0
83,3,27,350,2003,0
83,3,27,350,2004,0
83,3,27,350,2005,0
83,3,27,350,2006,0
83,3,27,350,2007,0
83,3,27,350,2008,0
83,3,27,350,2009,0
83,3,27,350,2010,0
83,3,27,350,2011,0
83,3,27,350,2012,0
83,3,27,350,2013,0
83,3,27,350,2014,0
83,3,27,350,2015,0
83,3,27,350,2016,0
84,1,22,350,1990,0
84,1,22,350,1991,0
84,1,22,350,1992,0
84,1,22,350,1993,0
84,1,22,350,1994,0
84,1,22,350,1995,0
84,1,22,350,1996,0
84,1,22,350,1997,0
84,1,22,350,1998,0
84,1,22,350,1999,0
84,1,22,350,2000,0
84,1,22,350,2001,0
84,1,22,350,2002,0
84,1,22,350,2003,0
84,1,22,350,2004,0
84,1,22,350,2005,0
84,1,22,350,2006,0
84,1,22,350,2007,0
84,1,22,350,2008,0
84,1,22,350,2009,0
84,1,22,350,2010,0
84,1,22,350,2011,0
84,1,22,350,2012,0
84,1,22,350,2013,0
84,1,22,350,2014,0
84,1,22,350,2015,0
84,1,22,350,2016,0
84,1,27,350,1990,0
84,1,27,350,1991,0
84,1,27,350,1992,0
84,1,27,350,1993,0
84,1,27,350,1994,0
84,1,27,350,1995,0
84,1,27,350,1996,0
84,1,27,350,1997,0
84,1,27,350,1998,0
84,1,27,350,1999,0
84,1,27,350,2000,0
84,1,27,350,2001,0
84,1,27,350,2002,0
84,1,27,350,2003,0
84,1,27,350,2004,0
84,1,27,350,2005,0
84,1,27,350,2006,0
84,1,27,350,2007,0
84,1,27,350,2008,0
84,1,27,350,2009,0
84,1,27,350,2010,0
84,1,27,350,2011,0
84,1,27,350,2012,0
84,1,27,350,2013,0
84,1,27,350,2014,0
84,1,27,350,2015,0
84,1,27,350,2016,0
84,2,22,350,1990,0
84,2,22,350,1991,0
84,2,22,350,1992,0
84,2,22,350,1993,0
84,2,22,350,1994,0
84,2,22,350,1995,0
84,2,22,350,1996,0
84,2,22,350,1997,0
84,2,22,350,1998,0
84,2,22,350,1999,0
84,2,22,350,2000,0
84,2,22,350,2001,0
84,2,22,350,2002,0
84,2,22,350,2003,0
84,2,22,350,2004,0
84,2,22,350,2005,0
84,2,22,350,2006,0
84,2,22,350,2007,0
84,2,22,350,2008,0
84,2,22,350,2009,0
84,2,22,350,2010,0
84,2,22,350,2011,0
84,2,22,350,2012,0
84,2,22,350,2013,0
84,2,22,350,2014,0
84,2,22,350,2015,0
84,2,22,350,2016,0
84,2,27,350,1990,0
84,2,27,350,1991,0
84,2,27,350,1992,0
84,2,27,350,1993,0
84,2,27,350,1994,0
84,2,27,350,1995,0
84,2,27,350,1996,0
84,2,27,350,1997,0
84,2,27,350,1998,0
84,2,27,350,1999,0
84,2,27,350,2000,0
84,2,27,350,2001,0
84,2,27,350,2002,0
84,2,27,350,2003,0
84,2,27,350,2004,0
84,2,27,350,2005,0
84,2,27,350,2006,0
84,2,27,350,2007,0
84,2,27,350,2008,0
84,2,27,350,2009,0
84,2,27,350,2010,0
84,2,27,350,2011,0
84,2,27,350,2012,0
84,2,27,350,2013,0
84,2,27,350,2014,0
84,2,27,350,2015,0
84,2,27,350,2016,0
84,3,22,350,1990,0
84,3,22,350,1991,0
84,3,22,350,1992,0
84,3,22,350,1993,0
84,3,22,350,1994,0
84,3,22,350,1995,0
84,3,22,350,1996,0
84,3,22,350,1997,0
84,3,22,350,1998,0
84,3,22,350,1999,0
84,3,22,350,2000,0
84,3,22,350,2001,0
84,3,22,350,2002,0
84,3,22,350,2003,0
84,3,22,350,2004,0
84,3,22,350,2005,0
84,3,22,350,2006,0
84,3,22,350,2007,0
84,3,22,350,2008,0
84,3,22,350,2009,0
84,3,22,350,2010,0
84,3,22,350,2011,0
84,3,22,350,2012,0
84,3,22,350,2013,0
84,3,22,350,2014,0
84,3,22,350,2015,0
84,3,22,350,2016,0
84,3,27,350,1990,0
84,3,27,350,1991,0
84,3,27,350,1992,0
84,3,27,350,1993,0
84,3,27,350,1994,0
84,3,27,350,1995,0
84,3,27,350,1996,0
84,3,27,350,1997,0
84,3,27,350,1998,0
84,3,27,350,1999,0
84,3,27,350,2000,0
84,3,27,350,2001,0
84,3,27,350,2002,0
84,3,27,350,2003,0
84,3,27,350,2004,0
84,3,27,350,2005,0
84,3,27,350,2006,0
84,3,27,350,2007,0
84,3,27,350,2008,0
84,3,27,350,2009,0
84,3,27,350,2010,0
84,3,27,350,2011,0
84,3,27,350,2012,0
84,3,27,350,2013,0
84,3,27,350,2014,0
84,3,27,350,2015,0
84,3,27,350,2016,0
85,1,22,350,1990,0
85,1,22,350,1991,0
85,1,22,350,1992,0
85,1,22,350,1993,0
85,1,22,350,1994,0
85,1,22,350,1995,0
85,1,22,350,1996,0
85,1,22,350,1997,0
85,1,22,350,1998,0
85,1,22,350,1999,0
85,1,22,350,2000,0
85,1,22,350,2001,0
85,1,22,350,2002,0
85,1,22,350,2003,0
85,1,22,350,2004,0
85,1,22,350,2005,0
85,1,22,350,2006,0
85,1,22,350,2007,0
85,1,22,350,2008,0
85,1,22,350,2009,0
85,1,22,350,2010,0
85,1,22,350,2011,0
85,1,22,350,2012,0
85,1,22,350,2013,0
85,1,22,350,2014,0
85,1,22,350,2015,0
85,1,22,350,2016,0
85,1,27,350,1990,0
85,1,27,350,1991,0
85,1,27,350,1992,0
85,1,27,350,1993,0
85,1,27,350,1994,0
85,1,27,350,1995,0
85,1,27,350,1996,0
85,1,27,350,1997,0
85,1,27,350,1998,0
85,1,27,350,1999,0
85,1,27,350,2000,0
85,1,27,350,2001,0
85,1,27,350,2002,0
85,1,27,350,2003,0
85,1,27,350,2004,0
85,1,27,350,2005,0
85,1,27,350,2006,0
85,1,27,350,2007,0
85,1,27,350,2008,0
85,1,27,350,2009,0
85,1,27,350,2010,0
85,1,27,350,2011,0
85,1,27,350,2012,0
85,1,27,350,2013,0
85,1,27,350,2014,0
85,1,27,350,2015,0
85,1,27,350,2016,0
85,2,22,350,1990,0
85,2,22,350,1991,0
85,2,22,350,1992,0
85,2,22,350,1993,0
85,2,22,350,1994,0
85,2,22,350,1995,0
85,2,22,350,1996,0
85,2,22,350,1997,0
85,2,22,350,1998,0
85,2,22,350,1999,0
85,2,22,350,2000,0
85,2,22,350,2001,0
85,2,22,350,2002,0
85,2,22,350,2003,0
85,2,22,350,2004,0
85,2,22,350,2005,0
85,2,22,350,2006,0
85,2,22,350,2007,0
85,2,22,350,2008,0
85,2,22,350,2009,0
85,2,22,350,2010,0
85,2,22,350,2011,0
85,2,22,350,2012,0
85,2,22,350,2013,0
85,2,22,350,2014,0
85,2,22,350,2015,0
85,2,22,350,2016,0
85,2,27,350,1990,0
85,2,27,350,1991,0
85,2,27,350,1992,0
85,2,27,350,1993,0
85,2,27,350,1994,0
85,2,27,350,1995,0
85,2,27,350,1996,0
85,2,27,350,1997,0
85,2,27,350,1998,0
85,2,27,350,1999,0
85,2,27,350,2000,0
85,2,27,350,2001,0
85,2,27,350,2002,0
85,2,27,350,2003,0
85,2,27,350,2004,0
85,2,27,350,2005,0
85,2,27,350,2006,0
85,2,27,350,2007,0
85,2,27,350,2008,0
85,2,27,350,2009,0
85,2,27,350,2010,0
85,2,27,350,2011,0
85,2,27,350,2012,0
85,2,27,350,2013,0
85,2,27,350,2014,0
85,2,27,350,2015,0
85,2,27,350,2016,0
85,3,22,350,1990,0
85,3,22,350,1991,0
85,3,22,350,1992,0
85,3,22,350,1993,0
85,3,22,350,1994,0
85,3,22,350,1995,0
85,3,22,350,1996,0
85,3,22,350,1997,0
85,3,22,350,1998,0
85,3,22,350,1999,0
85,3,22,350,2000,0
85,3,22,350,2001,0
85,3,22,350,2002,0
85,3,22,350,2003,0
85,3,22,350,2004,0
85,3,22,350,2005,0
85,3,22,350,2006,0
85,3,22,350,2007,0
85,3,22,350,2008,0
85,3,22,350,2009,0
85,3,22,350,2010,0
85,3,22,350,2011,0
85,3,22,350,2012,0
85,3,22,350,2013,0
85,3,22,350,2014,0
85,3,22,350,2015,0
85,3,22,350,2016,0
85,3,27,350,1990,0
85,3,27,350,1991,0
85,3,27,350,1992,0
85,3,27,350,1993,0
85,3,27,350,1994,0
85,3,27,350,1995,0
85,3,27,350,1996,0
85,3,27,350,1997,0
85,3,27,350,1998,0
85,3,27,350,1999,0
85,3,27,350,2000,0
85,3,27,350,2001,0
85,3,27,350,2002,0
85,3,27,350,2003,0
85,3,27,350,2004,0
85,3,27,350,2005,0
85,3,27,350,2006,0
85,3,27,350,2007,0
85,3,27,350,2008,0
85,3,27,350,2009,0
85,3,27,350,2010,0
85,3,27,350,2011,0
85,3,27,350,2012,0
85,3,27,350,2013,0
85,3,27,350,2014,0
85,3,27,350,2015,0
85,3,27,350,2016,0
86,1,22,350,1990,0
86,1,22,350,1991,0
86,1,22,350,1992,0
86,1,22,350,1993,0
86,1,22,350,1994,0
86,1,22,350,1995,0
86,1,22,350,1996,0
86,1,22,350,1997,0
86,1,22,350,1998,0
86,1,22,350,1999,0
86,1,22,350,2000,0
86,1,22,350,2001,0
86,1,22,350,2002,0
86,1,22,350,2003,0
86,1,22,350,2004,0
86,1,22,350,2005,0
86,1,22,350,2006,0
86,1,22,350,2007,0
86,1,22,350,2008,0
86,1,22,350,2009,0
86,1,22,350,2010,0
86,1,22,350,2011,0
86,1,22,350,2012,0
86,1,22,350,2013,0
86,1,22,350,2014,0
86,1,22,350,2015,0
86,1,22,350,2016,0
86,1,27,350,1990,0
86,1,27,350,1991,0
86,1,27,350,1992,0
86,1,27,350,1993,0
86,1,27,350,1994,0
86,1,27,350,1995,0
86,1,27,350,1996,0
86,1,27,350,1997,0
86,1,27,350,1998,0
86,1,27,350,1999,0
86,1,27,350,2000,0
86,1,27,350,2001,0
86,1,27,350,2002,0
86,1,27,350,2003,0
86,1,27,350,2004,0
86,1,27,350,2005,0
86,1,27,350,2006,0
86,1,27,350,2007,0
86,1,27,350,2008,0
86,1,27,350,2009,0
86,1,27,350,2010,0
86,1,27,350,2011,0
86,1,27,350,2012,0
86,1,27,350,2013,0
86,1,27,350,2014,0
86,1,27,350,2015,0
86,1,27,350,2016,0
86,2,22,350,1990,0
86,2,22,350,1991,0
86,2,22,350,1992,0
86,2,22,350,1993,0
86,2,22,350,1994,0
86,2,22,350,1995,0
86,2,22,350,1996,0
86,2,22,350,1997,0
86,2,22,350,1998,0
86,2,22,350,1999,0
86,2,22,350,2000,0
86,2,22,350,2001,0
86,2,22,350,2002,0
86,2,22,350,2003,0
86,2,22,350,2004,0
86,2,22,350,2005,0
86,2,22,350,2006,0
86,2,22,350,2007,0
86,2,22,350,2008,0
86,2,22,350,2009,0
86,2,22,350,2010,0
86,2,22,350,2011,0
86,2,22,350,2012,0
86,2,22,350,2013,0
86,2,22,350,2014,0
86,2,22,350,2015,0
86,2,22,350,2016,0
86,2,27,350,1990,0
86,2,27,350,1991,0
86,2,27,350,1992,0
86,2,27,350,1993,0
86,2,27,350,1994,0
86,2,27,350,1995,0
86,2,27,350,1996,0
86,2,27,350,1997,0
86,2,27,350,1998,0
86,2,27,350,1999,0
86,2,27,350,2000,0
86,2,27,350,2001,0
86,2,27,350,2002,0
86,2,27,350,2003,0
86,2,27,350,2004,0
86,2,27,350,2005,0
86,2,27,350,2006,0
86,2,27,350,2007,0
86,2,27,350,2008,0
86,2,27,350,2009,0
86,2,27,350,2010,0
86,2,27,350,2011,0
86,2,27,350,2012,0
86,2,27,350,2013,0
86,2,27,350,2014,0
86,2,27,350,2015,0
86,2,27,350,2016,0
86,3,22,350,1990,0
86,3,22,350,1991,0
86,3,22,350,1992,0
86,3,22,350,1993,0
86,3,22,350,1994,0
86,3,22,350,1995,0
86,3,22,350,1996,0
86,3,22,350,1997,0
86,3,22,350,1998,0
86,3,22,350,1999,0
86,3,22,350,2000,0
86,3,22,350,2001,0
86,3,22,350,2002,0
86,3,22,350,2003,0
86,3,22,350,2004,0
86,3,22,350,2005,0
86,3,22,350,2006,0
86,3,22,350,2007,0
86,3,22,350,2008,0
86,3,22,350,2009,0
86,3,22,350,2010,0
86,3,22,350,2011,0
86,3,22,350,2012,0
86,3,22,350,2013,0
86,3,22,350,2014,0
86,3,22,350,2015,0
86,3,22,350,2016,0
86,3,27,350,1990,0
86,3,27,350,1991,0
86,3,27,350,1992,0
86,3,27,350,1993,0
86,3,27,350,1994,0
86,3,27,350,1995,0
86,3,27,350,1996,0
86,3,27,350,1997,0
86,3,27,350,1998,0
86,3,27,350,1999,0
86,3,27,350,2000,0
86,3,27,350,2001,0
86,3,27,350,2002,0
86,3,27,350,2003,0
86,3,27,350,2004,0
86,3,27,350,2005,0
86,3,27,350,2006,0
86,3,27,350,2007,0
86,3,27,350,2008,0
86,3,27,350,2009,0
86,3,27,350,2010,0
86,3,27,350,2011,0
86,3,27,350,2012,0
86,3,27,350,2013,0
86,3,27,350,2014,0
86,3,27,350,2015,0
86,3,27,350,2016,0
87,1,22,350,1990,0
87,1,22,350,1991,0
87,1,22,350,1992,0
87,1,22,350,1993,0
87,1,22,350,1994,0
87,1,22,350,1995,0
87,1,22,350,1996,0
87,1,22,350,1997,0
87,1,22,350,1998,0
87,1,22,350,1999,0
87,1,22,350,2000,0
87,1,22,350,2001,0
87,1,22,350,2002,0
87,1,22,350,2003,0
87,1,22,350,2004,0
87,1,22,350,2005,0
87,1,22,350,2006,0
87,1,22,350,2007,0
87,1,22,350,2008,0
87,1,22,350,2009,0
87,1,22,350,2010,0
87,1,22,350,2011,0
87,1,22,350,2012,0
87,1,22,350,2013,0
87,1,22,350,2014,0
87,1,22,350,2015,0
87,1,22,350,2016,0
87,1,27,350,1990,0
87,1,27,350,1991,0
87,1,27,350,1992,0
87,1,27,350,1993,0
87,1,27,350,1994,0
87,1,27,350,1995,0
87,1,27,350,1996,0
87,1,27,350,1997,0
87,1,27,350,1998,0
87,1,27,350,1999,0
87,1,27,350,2000,0
87,1,27,350,2001,0
87,1,27,350,2002,0
87,1,27,350,2003,0
87,1,27,350,2004,0
87,1,27,350,2005,0
87,1,27,350,2006,0
87,1,27,350,2007,0
87,1,27,350,2008,0
87,1,27,350,2009,0
87,1,27,350,2010,0
87,1,27,350,2011,0
87,1,27,350,2012,0
87,1,27,350,2013,0
87,1,27,350,2014,0
87,1,27,350,2015,0
87,1,27,350,2016,0
87,2,22,350,1990,0
87,2,22,350,1991,0
87,2,22,350,1992,0
87,2,22,350,1993,0
87,2,22,350,1994,0
87,2,22,350,1995,0
87,2,22,350,1996,0
87,2,22,350,1997,0
87,2,22,350,1998,0
87,2,22,350,1999,0
87,2,22,350,2000,0
87,2,22,350,2001,0
87,2,22,350,2002,0
87,2,22,350,2003,0
87,2,22,350,2004,0
87,2,22,350,2005,0
87,2,22,350,2006,0
87,2,22,350,2007,0
87,2,22,350,2008,0
87,2,22,350,2009,0
87,2,22,350,2010,0
87,2,22,350,2011,0
87,2,22,350,2012,0
87,2,22,350,2013,0
87,2,22,350,2014,0
87,2,22,350,2015,0
87,2,22,350,2016,0
87,2,27,350,1990,0
87,2,27,350,1991,0
87,2,27,350,1992,0
87,2,27,350,1993,0
87,2,27,350,1994,0
87,2,27,350,1995,0
87,2,27,350,1996,0
87,2,27,350,1997,0
87,2,27,350,1998,0
87,2,27,350,1999,0
87,2,27,350,2000,0
87,2,27,350,2001,0
87,2,27,350,2002,0
87,2,27,350,2003,0
87,2,27,350,2004,0
87,2,27,350,2005,0
87,2,27,350,2006,0
87,2,27,350,2007,0
87,2,27,350,2008,0
87,2,27,350,2009,0
87,2,27,350,2010,0
87,2,27,350,2011,0
87,2,27,350,2012,0
87,2,27,350,2013,0
87,2,27,350,2014,0
87,2,27,350,2015,0
87,2,27,350,2016,0
87,3,22,350,1990,0
87,3,22,350,1991,0
87,3,22,350,1992,0
87,3,22,350,1993,0
87,3,22,350,1994,0
87,3,22,350,1995,0
87,3,22,350,1996,0
87,3,22,350,1997,0
87,3,22,350,1998,0
87,3,22,350,1999,0
87,3,22,350,2000,0
87,3,22,350,2001,0
87,3,22,350,2002,0
87,3,22,350,2003,0
87,3,22,350,2004,0
87,3,22,350,2005,0
87,3,22,350,2006,0
87,3,22,350,2007,0
87,3,22,350,2008,0
87,3,22,350,2009,0
87,3,22,350,2010,0
87,3,22,350,2011,0
87,3,22,350,2012,0
87,3,22,350,2013,0
87,3,22,350,2014,0
87,3,22,350,2015,0
87,3,22,350,2016,0
87,3,27,350,1990,0
87,3,27,350,1991,0
87,3,27,350,1992,0
87,3,27,350,1993,0
87,3,27,350,1994,0
87,3,27,350,1995,0
87,3,27,350,1996,0
87,3,27,350,1997,0
87,3,27,350,1998,0
87,3,27,350,1999,0
87,3,27,350,2000,0
87,3,27,350,2001,0
87,3,27,350,2002,0
87,3,27,350,2003,0
87,3,27,350,2004,0
87,3,27,350,2005,0
87,3,27,350,2006,0
87,3,27,350,2007,0
87,3,27,350,2008,0
87,3,27,350,2009,0
87,3,27,350,2010,0
87,3,27,350,2011,0
87,3,27,350,2012,0
87,3,27,350,2013,0
87,3,27,350,2014,0
87,3,27,350,2015,0
87,3,27,350,2016,0
88,1,22,350,1990,0
88,1,22,350,1991,0
88,1,22,350,1992,0
88,1,22,350,1993,0
88,1,22,350,1994,0
88,1,22,350,1995,0
88,1,22,350,1996,0
88,1,22,350,1997,0
88,1,22,350,1998,0
88,1,22,350,1999,0
88,1,22,350,2000,0
88,1,22,350,2001,0
88,1,22,350,2002,0
88,1,22,350,2003,0
88,1,22,350,2004,0
88,1,22,350,2005,0
88,1,22,350,2006,0
88,1,22,350,2007,0
88,1,22,350,2008,0
88,1,22,350,2009,0
88,1,22,350,2010,0
88,1,22,350,2011,0
88,1,22,350,2012,0
88,1,22,350,2013,0
88,1,22,350,2014,0
88,1,22,350,2015,0
88,1,22,350,2016,0
88,1,27,350,1990,0
88,1,27,350,1991,0
88,1,27,350,1992,0
88,1,27,350,1993,0
88,1,27,350,1994,0
88,1,27,350,1995,0
88,1,27,350,1996,0
88,1,27,350,1997,0
88,1,27,350,1998,0
88,1,27,350,1999,0
88,1,27,350,2000,0
88,1,27,350,2001,0
88,1,27,350,2002,0
88,1,27,350,2003,0
88,1,27,350,2004,0
88,1,27,350,2005,0
88,1,27,350,2006,0
88,1,27,350,2007,0
88,1,27,350,2008,0
88,1,27,350,2009,0
88,1,27,350,2010,0
88,1,27,350,2011,0
88,1,27,350,2012,0
88,1,27,350,2013,0
88,1,27,350,2014,0
88,1,27,350,2015,0
88,1,27,350,2016,0
88,2,22,350,1990,0
88,2,22,350,1991,0
88,2,22,350,1992,0
88,2,22,350,1993,0
88,2,22,350,1994,0
88,2,22,350,1995,0
88,2,22,350,1996,0
88,2,22,350,1997,0
88,2,22,350,1998,0
88,2,22,350,1999,0
88,2,22,350,2000,0
88,2,22,350,2001,0
88,2,22,350,2002,0
88,2,22,350,2003,0
88,2,22,350,2004,0
88,2,22,350,2005,0
88,2,22,350,2006,0
88,2,22,350,2007,0
88,2,22,350,2008,0
88,2,22,350,2009,0
88,2,22,350,2010,0
88,2,22,350,2011,0
88,2,22,350,2012,0
88,2,22,350,2013,0
88,2,22,350,2014,0
88,2,22,350,2015,0
88,2,22,350,2016,0
88,2,27,350,1990,0
88,2,27,350,1991,0
88,2,27,350,1992,0
88,2,27,350,1993,0
88,2,27,350,1994,0
88,2,27,350,1995,0
88,2,27,350,1996,0
88,2,27,350,1997,0
88,2,27,350,1998,0
88,2,27,350,1999,0
88,2,27,350,2000,0
88,2,27,350,2001,0
88,2,27,350,2002,0
88,2,27,350,2003,0
88,2,27,350,2004,0
88,2,27,350,2005,0
88,2,27,350,2006,0
88,2,27,350,2007,0
88,2,27,350,2008,0
88,2,27,350,2009,0
88,2,27,350,2010,0
88,2,27,350,2011,0
88,2,27,350,2012,0
88,2,27,350,2013,0
88,2,27,350,2014,0
88,2,27,350,2015,0
88,2,27,350,2016,0
88,3,22,350,1990,0
88,3,22,350,1991,0
88,3,22,350,1992,0
88,3,22,350,1993,0
88,3,22,350,1994,0
88,3,22,350,1995,0
88,3,22,350,1996,0
88,3,22,350,1997,0
88,3,22,350,1998,0
88,3,22,350,1999,0
88,3,22,350,2000,0
88,3,22,350,2001,0
88,3,22,350,2002,0
88,3,22,350,2003,0
88,3,22,350,2004,0
88,3,22,350,2005,0
88,3,22,350,2006,0
88,3,22,350,2007,0
88,3,22,350,2008,0
88,3,22,350,2009,0
88,3,22,350,2010,0
88,3,22,350,2011,0
88,3,22,350,2012,0
88,3,22,350,2013,0
88,3,22,350,2014,0
88,3,22,350,2015,0
88,3,22,350,2016,0
88,3,27,350,1990,0
88,3,27,350,1991,0
88,3,27,350,1992,0
88,3,27,350,1993,0
88,3,27,350,1994,0
88,3,27,350,1995,0
88,3,27,350,1996,0
88,3,27,350,1997,0
88,3,27,350,1998,0
88,3,27,350,1999,0
88,3,27,350,2000,0
88,3,27,350,2001,0
88,3,27,350,2002,0
88,3,27,350,2003,0
88,3,27,350,2004,0
88,3,27,350,2005,0
88,3,27,350,2006,0
88,3,27,350,2007,0
88,3,27,350,2008,0
88,3,27,350,2009,0
88,3,27,350,2010,0
88,3,27,350,2011,0
88,3,27,350,2012,0
88,3,27,350,2013,0
88,3,27,350,2014,0
88,3,27,350,2015,0
88,3,27,350,2016,0
89,1,22,350,1990,0
89,1,22,350,1991,0
89,1,22,350,1992,0
89,1,22,350,1993,0
89,1,22,350,1994,0
89,1,22,350,1995,0
89,1,22,350,1996,0
89,1,22,350,1997,0
89,1,22,350,1998,0
89,1,22,350,1999,0
89,1,22,350,2000,0
89,1,22,350,2001,0
89,1,22,350,2002,0
89,1,22,350,2003,0
89,1,22,350,2004,0
89,1,22,350,2005,0
89,1,22,350,2006,0
89,1,22,350,2007,0
89,1,22,350,2008,0
89,1,22,350,2009,0
89,1,22,350,2010,0
89,1,22,350,2011,0
89,1,22,350,2012,0
89,1,22,350,2013,0
89,1,22,350,2014,0
89,1,22,350,2015,0
89,1,22,350,2016,0
89,1,27,350,1990,0
89,1,27,350,1991,0
89,1,27,350,1992,0
89,1,27,350,1993,0
89,1,27,350,1994,0
89,1,27,350,1995,0
89,1,27,350,1996,0
89,1,27,350,1997,0
89,1,27,350,1998,0
89,1,27,350,1999,0
89,1,27,350,2000,0
89,1,27,350,2001,0
89,1,27,350,2002,0
89,1,27,350,2003,0
89,1,27,350,2004,0
89,1,27,350,2005,0
89,1,27,350,2006,0
89,1,27,350,2007,0
89,1,27,350,2008,0
89,1,27,350,2009,0
89,1,27,350,2010,0
89,1,27,350,2011,0
89,1,27,350,2012,0
89,1,27,350,2013,0
89,1,27,350,2014,0
89,1,27,350,2015,0
89,1,27,350,2016,0
89,2,22,350,1990,0
89,2,22,350,1991,0
89,2,22,350,1992,0
89,2,22,350,1993,0
89,2,22,350,1994,0
89,2,22,350,1995,0
89,2,22,350,1996,0
89,2,22,350,1997,0
89,2,22,350,1998,0
89,2,22,350,1999,0
89,2,22,350,2000,0
89,2,22,350,2001,0
89,2,22,350,2002,0
89,2,22,350,2003,0
89,2,22,350,2004,0
89,2,22,350,2005,0
89,2,22,350,2006,0
89,2,22,350,2007,0
89,2,22,350,2008,0
89,2,22,350,2009,0
89,2,22,350,2010,0
89,2,22,350,2011,0
89,2,22,350,2012,0
89,2,22,350,2013,0
89,2,22,350,2014,0
89,2,22,350,2015,0
89,2,22,350,2016,0
89,2,27,350,1990,0
89,2,27,350,1991,0
89,2,27,350,1992,0
89,2,27,350,1993,0
89,2,27,350,1994,0
89,2,27,350,1995,0
89,2,27,350,1996,0
89,2,27,350,1997,0
89,2,27,350,1998,0
89,2,27,350,1999,0
89,2,27,350,2000,0
89,2,27,350,2001,0
89,2,27,350,2002,0
89,2,27,350,2003,0
89,2,27,350,2004,0
89,2,27,350,2005,0
89,2,27,350,2006,0
89,2,27,350,2007,0
89,2,27,350,2008,0
89,2,27,350,2009,0
89,2,27,350,2010,0
89,2,27,350,2011,0
89,2,27,350,2012,0
89,2,27,350,2013,0
89,2,27,350,2014,0
89,2,27,350,2015,0
89,2,27,350,2016,0
89,3,22,350,1990,0
89,3,22,350,1991,0
89,3,22,350,1992,0
89,3,22,350,1993,0
89,3,22,350,1994,0
89,3,22,350,1995,0
89,3,22,350,1996,0
89,3,22,350,1997,0
89,3,22,350,1998,0
89,3,22,350,1999,0
89,3,22,350,2000,0
89,3,22,350,2001,0
89,3,22,350,2002,0
89,3,22,350,2003,0
89,3,22,350,2004,0
89,3,22,350,2005,0
89,3,22,350,2006,0
89,3,22,350,2007,0
89,3,22,350,2008,0
89,3,22,350,2009,0
89,3,22,350,2010,0
89,3,22,350,2011,0
89,3,22,350,2012,0
89,3,22,350,2013,0
89,3,22,350,2014,0
89,3,22,350,2015,0
89,3,22,350,2016,0
89,3,27,350,1990,0
89,3,27,350,1991,0
89,3,27,350,1992,0
89,3,27,350,1993,0
89,3,27,350,1994,0
89,3,27,350,1995,0
89,3,27,350,1996,0
89,3,27,350,1997,0
89,3,27,350,1998,0
89,3,27,350,1999,0
89,3,27,350,2000,0
89,3,27,350,2001,0
89,3,27,350,2002,0
89,3,27,350,2003,0
89,3,27,350,2004,0
89,3,27,350,2005,0
89,3,27,350,2006,0
89,3,27,350,2007,0
89,3,27,350,2008,0
89,3,27,350,2009,0
89,3,27,350,2010,0
89,3,27,350,2011,0
89,3,27,350,2012,0
89,3,27,350,2013,0
89,3,27,350,2014,0
89,3,27,350,2015,0
89,3,27,350,2016,0
90,1,22,350,1990,0
90,1,22,350,1991,0
90,1,22,350,1992,0
90,1,22,350,1993,0
90,1,22,350,1994,0
90,1,22,350,1995,0
90,1,22,350,1996,0
90,1,22,350,1997,0
90,1,22,350,1998,0
90,1,22,350,1999,0
90,1,22,350,2000,0
90,1,22,350,2001,0
90,1,22,350,2002,0
90,1,22,350,2003,0
90,1,22,350,2004,0
90,1,22,350,2005,0
90,1,22,350,2006,0
90,1,22,350,2007,0
90,1,22,350,2008,0
90,1,22,350,2009,0
90,1,22,350,2010,0
90,1,22,350,2011,0
90,1,22,350,2012,0
90,1,22,350,2013,0
90,1,22,350,2014,0
90,1,22,350,2015,0
90,1,22,350,2016,0
90,1,27,350,1990,0
90,1,27,350,1991,0
90,1,27,350,1992,0
90,1,27,350,1993,0
90,1,27,350,1994,0
90,1,27,350,1995,0
90,1,27,350,1996,0
90,1,27,350,1997,0
90,1,27,350,1998,0
90,1,27,350,1999,0
90,1,27,350,2000,0
90,1,27,350,2001,0
90,1,27,350,2002,0
90,1,27,350,2003,0
90,1,27,350,2004,0
90,1,27,350,2005,0
90,1,27,350,2006,0
90,1,27,350,2007,0
90,1,27,350,2008,0
90,1,27,350,2009,0
90,1,27,350,2010,0
90,1,27,350,2011,0
90,1,27,350,2012,0
90,1,27,350,2013,0
90,1,27,350,2014,0
90,1,27,350,2015,0
90,1,27,350,2016,0
90,2,22,350,1990,0
90,2,22,350,1991,0
90,2,22,350,1992,0
90,2,22,350,1993,0
90,2,22,350,1994,0
90,2,22,350,1995,0
90,2,22,350,1996,0
90,2,22,350,1997,0
90,2,22,350,1998,0
90,2,22,350,1999,0
90,2,22,350,2000,0
90,2,22,350,2001,0
90,2,22,350,2002,0
90,2,22,350,2003,0
90,2,22,350,2004,0
90,2,22,350,2005,0
90,2,22,350,2006,0
90,2,22,350,2007,0
90,2,22,350,2008,0
90,2,22,350,2009,0
90,2,22,350,2010,0
90,2,22,350,2011,0
90,2,22,350,2012,0
90,2,22,350,2013,0
90,2,22,350,2014,0
90,2,22,350,2015,0
90,2,22,350,2016,0
90,2,27,350,1990,0
90,2,27,350,1991,0
90,2,27,350,1992,0
90,2,27,350,1993,0
90,2,27,350,1994,0
90,2,27,350,1995,0
90,2,27,350,1996,0
90,2,27,350,1997,0
90,2,27,350,1998,0
90,2,27,350,1999,0
90,2,27,350,2000,0
90,2,27,350,2001,0
90,2,27,350,2002,0
90,2,27,350,2003,0
90,2,27,350,2004,0
90,2,27,350,2005,0
90,2,27,350,2006,0
90,2,27,350,2007,0
90,2,27,350,2008,0
90,2,27,350,2009,0
90,2,27,350,2010,0
90,2,27,350,2011,0
90,2,27,350,2012,0
90,2,27,350,2013,0
90,2,27,350,2014,0
90,2,27,350,2015,0
90,2,27,350,2016,0
90,3,22,350,1990,0
90,3,22,350,1991,0
90,3,22,350,1992,0
90,3,22,350,1993,0
90,3,22,350,1994,0
90,3,22,350,1995,0
90,3,22,350,1996,0
90,3,22,350,1997,0
90,3,22,350,1998,0
90,3,22,350,1999,0
90,3,22,350,2000,0
90,3,22,350,2001,0
90,3,22,350,2002,0
90,3,22,350,2003,0
90,3,22,350,2004,0
90,3,22,350,2005,0
90,3,22,350,2006,0
90,3,22,350,2007,0
90,3,22,350,2008,0
90,3,22,350,2009,0
90,3,22,350,2010,0
90,3,22,350,2011,0
90,3,22,350,2012,0
90,3,22,350,2013,0
90,3,22,350,2014,0
90,3,22,350,2015,0
90,3,22,350,2016,0
90,3,27,350,1990,0
90,3,27,350,1991,0
90,3,27,350,1992,0
90,3,27,350,1993,0
90,3,27,350,1994,0
90,3,27,350,1995,0
90,3,27,350,1996,0
90,3,27,350,1997,0
90,3,27,350,1998,0
90,3,27,350,1999,0
90,3,27,350,2000,0
90,3,27,350,2001,0
90,3,27,350,2002,0
90,3,27,350,2003,0
90,3,27,350,2004,0
90,3,27,350,2005,0
90,3,27,350,2006,0
90,3,27,350,2007,0
90,3,27,350,2008,0
90,3,27,350,2009,0
90,3,27,350,2010,0
90,3,27,350,2011,0
90,3,27,350,2012,0
90,3,27,350,2013,0
90,3,27,350,2014,0
90,3,27,350,2015,0
90,3,27,350,2016,0
91,1,22,350,1990,0
91,1,22,350,1991,0
91,1,22,350,1992,0
91,1,22,350,1993,0
91,1,22,350,1994,0
91,1,22,350,1995,0
91,1,22,350,1996,0
91,1,22,350,1997,0
91,1,22,350,1998,0
91,1,22,350,1999,0
91,1,22,350,2000,0
91,1,22,350,2001,0
91,1,22,350,2002,0
91,1,22,350,2003,0
91,1,22,350,2004,0
91,1,22,350,2005,0
91,1,22,350,2006,0
91,1,22,350,2007,0
91,1,22,350,2008,0
91,1,22,350,2009,0
91,1,22,350,2010,0
91,1,22,350,2011,0
91,1,22,350,2012,0
91,1,22,350,2013,0
91,1,22,350,2014,0
91,1,22,350,2015,0
91,1,22,350,2016,0
91,1,27,350,1990,0
91,1,27,350,1991,0
91,1,27,350,1992,0
91,1,27,350,1993,0
91,1,27,350,1994,0
91,1,27,350,1995,0
91,1,27,350,1996,0
91,1,27,350,1997,0
91,1,27,350,1998,0
91,1,27,350,1999,0
91,1,27,350,2000,0
91,1,27,350,2001,0
91,1,27,350,2002,0
91,1,27,350,2003,0
91,1,27,350,2004,0
91,1,27,350,2005,0
91,1,27,350,2006,0
91,1,27,350,2007,0
91,1,27,350,2008,0
91,1,27,350,2009,0
91,1,27,350,2010,0
91,1,27,350,2011,0
91,1,27,350,2012,0
91,1,27,350,2013,0
91,1,27,350,2014,0
91,1,27,350,2015,0
91,1,27,350,2016,0
91,2,22,350,1990,0
91,2,22,350,1991,0
91,2,22,350,1992,0
91,2,22,350,1993,0
91,2,22,350,1994,0
91,2,22,350,1995,0
91,2,22,350,1996,0
91,2,22,350,1997,0
91,2,22,350,1998,0
91,2,22,350,1999,0
91,2,22,350,2000,0
91,2,22,350,2001,0
91,2,22,350,2002,0
91,2,22,350,2003,0
91,2,22,350,2004,0
91,2,22,350,2005,0
91,2,22,350,2006,0
91,2,22,350,2007,0
91,2,22,350,2008,0
91,2,22,350,2009,0
91,2,22,350,2010,0
91,2,22,350,2011,0
91,2,22,350,2012,0
91,2,22,350,2013,0
91,2,22,350,2014,0
91,2,22,350,2015,0
91,2,22,350,2016,0
91,2,27,350,1990,0
91,2,27,350,1991,0
91,2,27,350,1992,0
91,2,27,350,1993,0
91,2,27,350,1994,0
91,2,27,350,1995,0
91,2,27,350,1996,0
91,2,27,350,1997,0
91,2,27,350,1998,0
91,2,27,350,1999,0
91,2,27,350,2000,0
91,2,27,350,2001,0
91,2,27,350,2002,0
91,2,27,350,2003,0
91,2,27,350,2004,0
91,2,27,350,2005,0
91,2,27,350,2006,0
91,2,27,350,2007,0
91,2,27,350,2008,0
91,2,27,350,2009,0
91,2,27,350,2010,0
91,2,27,350,2011,0
91,2,27,350,2012,0
91,2,27,350,2013,0
91,2,27,350,2014,0
91,2,27,350,2015,0
91,2,27,350,2016,0
91,3,22,350,1990,0
91,3,22,350,1991,0
91,3,22,350,1992,0
91,3,22,350,1993,0
91,3,22,350,1994,0
91,3,22,350,1995,0
91,3,22,350,1996,0
91,3,22,350,1997,0
91,3,22,350,1998,0
91,3,22,350,1999,0
91,3,22,350,2000,0
91,3,22,350,2001,0
91,3,22,350,2002,0
91,3,22,350,2003,0
91,3,22,350,2004,0
91,3,22,350,2005,0
91,3,22,350,2006,0
91,3,22,350,2007,0
91,3,22,350,2008,0
91,3,22,350,2009,0
91,3,22,350,2010,0
91,3,22,350,2011,0
91,3,22,350,2012,0
91,3,22,350,2013,0
91,3,22,350,2014,0
91,3,22,350,2015,0
91,3,22,350,2016,0
91,3,27,350,1990,0
91,3,27,350,1991,0
91,3,27,350,1992,0
91,3,27,350,1993,0
91,3,27,350,1994,0
91,3,27,350,1995,0
91,3,27,350,1996,0
91,3,27,350,1997,0
91,3,27,350,1998,0
91,3,27,350,1999,0
91,3,27,350,2000,0
91,3,27,350,2001,0
91,3,27,350,2002,0
91,3,27,350,2003,0
91,3,27,350,2004,0
91,3,27,350,2005,0
91,3,27,350,2006,0
91,3,27,350,2007,0
91,3,27,350,2008,0
91,3,27,350,2009,0
91,3,27,350,2010,0
91,3,27,350,2011,0
91,3,27,350,2012,0
91,3,27,350,2013,0
91,3,27,350,2014,0
91,3,27,350,2015,0
91,3,27,350,2016,0
92,1,22,350,1990,0
92,1,22,350,1991,0
92,1,22,350,1992,0
92,1,22,350,1993,0
92,1,22,350,1994,0
92,1,22,350,1995,0
92,1,22,350,1996,0
92,1,22,350,1997,0
92,1,22,350,1998,0
92,1,22,350,1999,0
92,1,22,350,2000,0
92,1,22,350,2001,0
92,1,22,350,2002,0
92,1,22,350,2003,0
92,1,22,350,2004,0
92,1,22,350,2005,0
92,1,22,350,2006,0
92,1,22,350,2007,0
92,1,22,350,2008,0
92,1,22,350,2009,0
92,1,22,350,2010,0
92,1,22,350,2011,0
92,1,22,350,2012,0
92,1,22,350,2013,0
92,1,22,350,2014,0
92,1,22,350,2015,0
92,1,22,350,2016,0
92,1,27,350,1990,0
92,1,27,350,1991,0
92,1,27,350,1992,0
92,1,27,350,1993,0
92,1,27,350,1994,0
92,1,27,350,1995,0
92,1,27,350,1996,0
92,1,27,350,1997,0
92,1,27,350,1998,0
92,1,27,350,1999,0
92,1,27,350,2000,0
92,1,27,350,2001,0
92,1,27,350,2002,0
92,1,27,350,2003,0
92,1,27,350,2004,0
92,1,27,350,2005,0
92,1,27,350,2006,0
92,1,27,350,2007,0
92,1,27,350,2008,0
92,1,27,350,2009,0
92,1,27,350,2010,0
92,1,27,350,2011,0
92,1,27,350,2012,0
92,1,27,350,2013,0
92,1,27,350,2014,0
92,1,27,350,2015,0
92,1,27,350,2016,0
92,2,22,350,1990,0
92,2,22,350,1991,0
92,2,22,350,1992,0
92,2,22,350,1993,0
92,2,22,350,1994,0
92,2,22,350,1995,0
92,2,22,350,1996,0
92,2,22,350,1997,0
92,2,22,350,1998,0
92,2,22,350,1999,0
92,2,22,350,2000,0
92,2,22,350,2001,0
92,2,22,350,2002,0
92,2,22,350,2003,0
92,2,22,350,2004,0
92,2,22,350,2005,0
92,2,22,350,2006,0
92,2,22,350,2007,0
92,2,22,350,2008,0
92,2,22,350,2009,0
92,2,22,350,2010,0
92,2,22,350,2011,0
92,2,22,350,2012,0
92,2,22,350,2013,0
92,2,22,350,2014,0
92,2,22,350,2015,0
92,2,22,350,2016,0
92,2,27,350,1990,0
92,2,27,350,1991,0
92,2,27,350,1992,0
92,2,27,350,1993,0
92,2,27,350,1994,0
92,2,27,350,1995,0
92,2,27,350,1996,0
92,2,27,350,1997,0
92,2,27,350,1998,0
92,2,27,350,1999,0
92,2,27,350,2000,0
92,2,27,350,2001,0
92,2,27,350,2002,0
92,2,27,350,2003,0
92,2,27,350,2004,0
92,2,27,350,2005,0
92,2,27,350,2006,0
92,2,27,350,2007,0
92,2,27,350,2008,0
92,2,27,350,2009,0
92,2,27,350,2010,0
92,2,27,350,2011,0
92,2,27,350,2012,0
92,2,27,350,2013,0
92,2,27,350,2014,0
92,2,27,350,2015,0
92,2,27,350,2016,0
92,3,22,350,1990,0
92,3,22,350,1991,0
92,3,22,350,1992,0
92,3,22,350,1993,0
92,3,22,350,1994,0
92,3,22,350,1995,0
92,3,22,350,1996,0
92,3,22,350,1997,0
92,3,22,350,1998,0
92,3,22,350,1999,0
92,3,22,350,2000,0
92,3,22,350,2001,0
92,3,22,350,2002,0
92,3,22,350,2003,0
92,3,22,350,2004,0
92,3,22,350,2005,0
92,3,22,350,2006,0
92,3,22,350,2007,0
92,3,22,350,2008,0
92,3,22,350,2009,0
92,3,22,350,2010,0
92,3,22,350,2011,0
92,3,22,350,2012,0
92,3,22,350,2013,0
92,3,22,350,2014,0
92,3,22,350,2015,0
92,3,22,350,2016,0
92,3,27,350,1990,0
92,3,27,350,1991,0
92,3,27,350,1992,0
92,3,27,350,1993,0
92,3,27,350,1994,0
92,3,27,350,1995,0
92,3,27,350,1996,0
92,3,27,350,1997,0
92,3,27,350,1998,0
92,3,27,350,1999,0
92,3,27,350,2000,0
92,3,27,350,2001,0
92,3,27,350,2002,0
92,3,27,350,2003,0
92,3,27,350,2004,0
92,3,27,350,2005,0
92,3,27,350,2006,0
92,3,27,350,2007,0
92,3,27,350,2008,0
92,3,27,350,2009,0
92,3,27,350,2010,0
92,3,27,350,2011,0
92,3,27,350,2012,0
92,3,27,350,2013,0
92,3,27,350,2014,0
92,3,27,350,2015,0
92,3,27,350,2016,0
93,1,22,350,1990,0
93,1,22,350,1991,0
93,1,22,350,1992,0
93,1,22,350,1993,0
93,1,22,350,1994,0
93,1,22,350,1995,0
93,1,22,350,1996,0
93,1,22,350,1997,0
93,1,22,350,1998,0
93,1,22,350,1999,0
93,1,22,350,2000,0
93,1,22,350,2001,0
93,1,22,350,2002,0
93,1,22,350,2003,0
93,1,22,350,2004,0
93,1,22,350,2005,0
93,1,22,350,2006,0
93,1,22,350,2007,0
93,1,22,350,2008,0
93,1,22,350,2009,0
93,1,22,350,2010,0
93,1,22,350,2011,0
93,1,22,350,2012,0
93,1,22,350,2013,0
93,1,22,350,2014,0
93,1,22,350,2015,0
93,1,22,350,2016,0
93,1,27,350,1990,0
93,1,27,350,1991,0
93,1,27,350,1992,0
93,1,27,350,1993,0
93,1,27,350,1994,0
93,1,27,350,1995,0
93,1,27,350,1996,0
93,1,27,350,1997,0
93,1,27,350,1998,0
93,1,27,350,1999,0
93,1,27,350,2000,0
93,1,27,350,2001,0
93,1,27,350,2002,0
93,1,27,350,2003,0
93,1,27,350,2004,0
93,1,27,350,2005,0
93,1,27,350,2006,0
93,1,27,350,2007,0
93,1,27,350,2008,0
93,1,27,350,2009,0
93,1,27,350,2010,0
93,1,27,350,2011,0
93,1,27,350,2012,0
93,1,27,350,2013,0
93,1,27,350,2014,0
93,1,27,350,2015,0
93,1,27,350,2016,0
93,2,22,350,1990,0
93,2,22,350,1991,0
93,2,22,350,1992,0
93,2,22,350,1993,0
93,2,22,350,1994,0
93,2,22,350,1995,0
93,2,22,350,1996,0
93,2,22,350,1997,0
93,2,22,350,1998,0
93,2,22,350,1999,0
93,2,22,350,2000,0
93,2,22,350,2001,0
93,2,22,350,2002,0
93,2,22,350,2003,0
93,2,22,350,2004,0
93,2,22,350,2005,0
93,2,22,350,2006,0
93,2,22,350,2007,0
93,2,22,350,2008,0
93,2,22,350,2009,0
93,2,22,350,2010,0
93,2,22,350,2011,0
93,2,22,350,2012,0
93,2,22,350,2013,0
93,2,22,350,2014,0
93,2,22,350,2015,0
93,2,22,350,2016,0
93,2,27,350,1990,0
93,2,27,350,1991,0
93,2,27,350,1992,0
93,2,27,350,1993,0
93,2,27,350,1994,0
93,2,27,350,1995,0
93,2,27,350,1996,0
93,2,27,350,1997,0
93,2,27,350,1998,0
93,2,27,350,1999,0
93,2,27,350,2000,0
93,2,27,350,2001,0
93,2,27,350,2002,0
93,2,27,350,2003,0
93,2,27,350,2004,0
93,2,27,350,2005,0
93,2,27,350,2006,0
93,2,27,350,2007,0
93,2,27,350,2008,0
93,2,27,350,2009,0
93,2,27,350,2010,0
93,2,27,350,2011,0
93,2,27,350,2012,0
93,2,27,350,2013,0
93,2,27,350,2014,0
93,2,27,350,2015,0
93,2,27,350,2016,0
93,3,22,350,1990,0
93,3,22,350,1991,0
93,3,22,350,1992,0
93,3,22,350,1993,0
93,3,22,350,1994,0
93,3,22,350,1995,0
93,3,22,350,1996,0
93,3,22,350,1997,0
93,3,22,350,1998,0
93,3,22,350,1999,0
93,3,22,350,2000,0
93,3,22,350,2001,0
93,3,22,350,2002,0
93,3,22,350,2003,0
93,3,22,350,2004,0
93,3,22,350,2005,0
93,3,22,350,2006,0
93,3,22,350,2007,0
93,3,22,350,2008,0
93,3,22,350,2009,0
93,3,22,350,2010,0
93,3,22,350,2011,0
93,3,22,350,2012,0
93,3,22,350,2013,0
93,3,22,350,2014,0
93,3,22,350,2015,0
93,3,22,350,2016,0
93,3,27,350,1990,0
93,3,27,350,1991,0
93,3,27,350,1992,0
93,3,27,350,1993,0
93,3,27,350,1994,0
93,3,27,350,1995,0
93,3,27,350,1996,0
93,3,27,350,1997,0
93,3,27,350,1998,0
93,3,27,350,1999,0
93,3,27,350,2000,0
93,3,27,350,2001,0
93,3,27,350,2002,0
93,3,27,350,2003,0
93,3,27,350,2004,0
93,3,27,350,2005,0
93,3,27,350,2006,0
93,3,27,350,2007,0
93,3,27,350,2008,0
93,3,27,350,2009,0
93,3,27,350,2010,0
93,3,27,350,2011,0
93,3,27,350,2012,0
93,3,27,350,2013,0
93,3,27,350,2014,0
93,3,27,350,2015,0
93,3,27,350,2016,0
94,1,22,350,1990,0
94,1,22,350,1991,0
94,1,22,350,1992,0
94,1,22,350,1993,0
94,1,22,350,1994,0
94,1,22,350,1995,0
94,1,22,350,1996,0
94,1,22,350,1997,0
94,1,22,350,1998,0
94,1,22,350,1999,0
94,1,22,350,2000,0
94,1,22,350,2001,0
94,1,22,350,2002,0
94,1,22,350,2003,0
94,1,22,350,2004,0
94,1,22,350,2005,0
94,1,22,350,2006,0
94,1,22,350,2007,0
94,1,22,350,2008,0
94,1,22,350,2009,0
94,1,22,350,2010,0
94,1,22,350,2011,0
94,1,22,350,2012,0
94,1,22,350,2013,0
94,1,22,350,2014,0
94,1,22,350,2015,0
94,1,22,350,2016,0
94,1,27,350,1990,0
94,1,27,350,1991,0
94,1,27,350,1992,0
94,1,27,350,1993,0
94,1,27,350,1994,0
94,1,27,350,1995,0
94,1,27,350,1996,0
94,1,27,350,1997,0
94,1,27,350,1998,0
94,1,27,350,1999,0
94,1,27,350,2000,0
94,1,27,350,2001,0
94,1,27,350,2002,0
94,1,27,350,2003,0
94,1,27,350,2004,0
94,1,27,350,2005,0
94,1,27,350,2006,0
94,1,27,350,2007,0
94,1,27,350,2008,0
94,1,27,350,2009,0
94,1,27,350,2010,0
94,1,27,350,2011,0
94,1,27,350,2012,0
94,1,27,350,2013,0
94,1,27,350,2014,0
94,1,27,350,2015,0
94,1,27,350,2016,0
94,2,22,350,1990,0
94,2,22,350,1991,0
94,2,22,350,1992,0
94,2,22,350,1993,0
94,2,22,350,1994,0
94,2,22,350,1995,0
94,2,22,350,1996,0
94,2,22,350,1997,0
94,2,22,350,1998,0
94,2,22,350,1999,0
94,2,22,350,2000,0
94,2,22,350,2001,0
94,2,22,350,2002,0
94,2,22,350,2003,0
94,2,22,350,2004,0
94,2,22,350,2005,0
94,2,22,350,2006,0
94,2,22,350,2007,0
94,2,22,350,2008,0
94,2,22,350,2009,0
94,2,22,350,2010,0
94,2,22,350,2011,0
94,2,22,350,2012,0
94,2,22,350,2013,0
94,2,22,350,2014,0
94,2,22,350,2015,0
94,2,22,350,2016,0
94,2,27,350,1990,0
94,2,27,350,1991,0
94,2,27,350,1992,0
94,2,27,350,1993,0
94,2,27,350,1994,0
94,2,27,350,1995,0
94,2,27,350,1996,0
94,2,27,350,1997,0
94,2,27,350,1998,0
94,2,27,350,1999,0
94,2,27,350,2000,0
94,2,27,350,2001,0
94,2,27,350,2002,0
94,2,27,350,2003,0
94,2,27,350,2004,0
94,2,27,350,2005,0
94,2,27,350,2006,0
94,2,27,350,2007,0
94,2,27,350,2008,0
94,2,27,350,2009,0
94,2,27,350,2010,0
94,2,27,350,2011,0
94,2,27,350,2012,0
94,2,27,350,2013,0
94,2,27,350,2014,0
94,2,27,350,2015,0
94,2,27,350,2016,0
94,3,22,350,1990,0
94,3,22,350,1991,0
94,3,22,350,1992,0
94,3,22,350,1993,0
94,3,22,350,1994,0
94,3,22,350,1995,0
94,3,22,350,1996,0
94,3,22,350,1997,0
94,3,22,350,1998,0
94,3,22,350,1999,0
94,3,22,350,2000,0
94,3,22,350,2001,0
94,3,22,350,2002,0
94,3,22,350,2003,0
94,3,22,350,2004,0
94,3,22,350,2005,0
94,3,22,350,2006,0
94,3,22,350,2007,0
94,3,22,350,2008,0
94,3,22,350,2009,0
94,3,22,350,2010,0
94,3,22,350,2011,0
94,3,22,350,2012,0
94,3,22,350,2013,0
94,3,22,350,2014,0
94,3,22,350,2015,0
94,3,22,350,2016,0
94,3,27,350,1990,0
94,3,27,350,1991,0
94,3,27,350,1992,0
94,3,27,350,1993,0
94,3,27,350,1994,0
94,3,27,350,1995,0
94,3,27,350,1996,0
94,3,27,350,1997,0
94,3,27,350,1998,0
94,3,27,350,1999,0
94,3,27,350,2000,0
94,3,27,350,2001,0
94,3,27,350,2002,0
94,3,27,350,2003,0
94,3,27,350,2004,0
94,3,27,350,2005,0
94,3,27,350,2006,0
94,3,27,350,2007,0
94,3,27,350,2008,0
94,3,27,350,2009,0
94,3,27,350,2010,0
94,3,27,350,2011,0
94,3,27,350,2012,0
94,3,27,350,2013,0
94,3,27,350,2014,0
94,3,27,350,2015,0
94,3,27,350,2016,0
95,1,22,350,1990,0
95,1,22,350,1991,0
95,1,22,350,1992,0
95,1,22,350,1993,0
95,1,22,350,1994,0
95,1,22,350,1995,0
95,1,22,350,1996,0
95,1,22,350,1997,0
95,1,22,350,1998,0
95,1,22,350,1999,0
95,1,22,350,2000,0
95,1,22,350,2001,0
95,1,22,350,2002,0
95,1,22,350,2003,0
95,1,22,350,2004,0
95,1,22,350,2005,0
95,1,22,350,2006,0
95,1,22,350,2007,0
95,1,22,350,2008,0
95,1,22,350,2009,0
95,1,22,350,2010,0
95,1,22,350,2011,0
95,1,22,350,2012,0
95,1,22,350,2013,0
95,1,22,350,2014,0
95,1,22,350,2015,0
95,1,22,350,2016,0
95,1,27,350,1990,0
95,1,27,350,1991,0
95,1,27,350,1992,0
95,1,27,350,1993,0
95,1,27,350,1994,0
95,1,27,350,1995,0
95,1,27,350,1996,0
95,1,27,350,1997,0
95,1,27,350,1998,0
95,1,27,350,1999,0
95,1,27,350,2000,0
95,1,27,350,2001,0
95,1,27,350,2002,0
95,1,27,350,2003,0
95,1,27,350,2004,0
95,1,27,350,2005,0
95,1,27,350,2006,0
95,1,27,350,2007,0
95,1,27,350,2008,0
95,1,27,350,2009,0
95,1,27,350,2010,0
95,1,27,350,2011,0
95,1,27,350,2012,0
95,1,27,350,2013,0
95,1,27,350,2014,0
95,1,27,350,2015,0
95,1,27,350,2016,0
95,2,22,350,1990,0
95,2,22,350,1991,0
95,2,22,350,1992,0
95,2,22,350,1993,0
95,2,22,350,1994,0
95,2,22,350,1995,0
95,2,22,350,1996,0
95,2,22,350,1997,0
95,2,22,350,1998,0
95,2,22,350,1999,0
95,2,22,350,2000,0
95,2,22,350,2001,0
95,2,22,350,2002,0
95,2,22,350,2003,0
95,2,22,350,2004,0
95,2,22,350,2005,0
95,2,22,350,2006,0
95,2,22,350,2007,0
95,2,22,350,2008,0
95,2,22,350,2009,0
95,2,22,350,2010,0
95,2,22,350,2011,0
95,2,22,350,2012,0
95,2,22,350,2013,0
95,2,22,350,2014,0
95,2,22,350,2015,0
95,2,22,350,2016,0
95,2,27,350,1990,0
95,2,27,350,1991,0
95,2,27,350,1992,0
95,2,27,350,1993,0
95,2,27,350,1994,0
95,2,27,350,1995,0
95,2,27,350,1996,0
95,2,27,350,1997,0
95,2,27,350,1998,0
95,2,27,350,1999,0
95,2,27,350,2000,0
95,2,27,350,2001,0
95,2,27,350,2002,0
95,2,27,350,2003,0
95,2,27,350,2004,0
95,2,27,350,2005,0
95,2,27,350,2006,0
95,2,27,350,2007,0
95,2,27,350,2008,0
95,2,27,350,2009,0
95,2,27,350,2010,0
95,2,27,350,2011,0
95,2,27,350,2012,0
95,2,27,350,2013,0
95,2,27,350,2014,0
95,2,27,350,2015,0
95,2,27,350,2016,0
95,3,22,350,1990,0
95,3,22,350,1991,0
95,3,22,350,1992,0
95,3,22,350,1993,0
95,3,22,350,1994,0
95,3,22,350,1995,0
95,3,22,350,1996,0
95,3,22,350,1997,0
95,3,22,350,1998,0
95,3,22,350,1999,0
95,3,22,350,2000,0
95,3,22,350,2001,0
95,3,22,350,2002,0
95,3,22,350,2003,0
95,3,22,350,2004,0
95,3,22,350,2005,0
95,3,22,350,2006,0
95,3,22,350,2007,0
95,3,22,350,2008,0
95,3,22,350,2009,0
95,3,22,350,2010,0
95,3,22,350,2011,0
95,3,22,350,2012,0
95,3,22,350,2013,0
95,3,22,350,2014,0
95,3,22,350,2015,0
95,3,22,350,2016,0
95,3,27,350,1990,0
95,3,27,350,1991,0
95,3,27,350,1992,0
95,3,27,350,1993,0
95,3,27,350,1994,0
95,3,27,350,1995,0
95,3,27,350,1996,0
95,3,27,350,1997,0
95,3,27,350,1998,0
95,3,27,350,1999,0
95,3,27,350,2000,0
95,3,27,350,2001,0
95,3,27,350,2002,0
95,3,27,350,2003,0
95,3,27,350,2004,0
95,3,27,350,2005,0
95,3,27,350,2006,0
95,3,27,350,2007,0
95,3,27,350,2008,0
95,3,27,350,2009,0
95,3,27,350,2010,0
95,3,27,350,2011,0
95,3,27,350,2012,0
95,3,27,350,2013,0
95,3,27,350,2014,0
95,3,27,350,2015,0
95,3,27,350,2016,0
97,1,22,350,1990,0
97,1,22,350,1991,0
97,1,22,350,1992,0
97,1,22,350,1993,0
97,1,22,350,1994,0
97,1,22,350,1995,0
97,1,22,350,1996,0
97,1,22,350,1997,0
97,1,22,350,1998,0
97,1,22,350,1999,0
97,1,22,350,2000,0
97,1,22,350,2001,0
97,1,22,350,2002,0
97,1,22,350,2003,0
97,1,22,350,2004,0
97,1,22,350,2005,0
97,1,22,350,2006,0
97,1,22,350,2007,0
97,1,22,350,2008,0
97,1,22,350,2009,0
97,1,22,350,2010,0
97,1,22,350,2011,0
97,1,22,350,2012,0
97,1,22,350,2013,0
97,1,22,350,2014,0
97,1,22,350,2015,0
97,1,22,350,2016,0
97,1,27,350,1990,0
97,1,27,350,1991,0
97,1,27,350,1992,0
97,1,27,350,1993,0
97,1,27,350,1994,0
97,1,27,350,1995,0
97,1,27,350,1996,0
97,1,27,350,1997,0
97,1,27,350,1998,0
97,1,27,350,1999,0
97,1,27,350,2000,0
97,1,27,350,2001,0
97,1,27,350,2002,0
97,1,27,350,2003,0
97,1,27,350,2004,0
97,1,27,350,2005,0
97,1,27,350,2006,0
97,1,27,350,2007,0
97,1,27,350,2008,0
97,1,27,350,2009,0
97,1,27,350,2010,0
97,1,27,350,2011,0
97,1,27,350,2012,0
97,1,27,350,2013,0
97,1,27,350,2014,0
97,1,27,350,2015,0
97,1,27,350,2016,0
97,2,22,350,1990,0
97,2,22,350,1991,0
97,2,22,350,1992,0
97,2,22,350,1993,0
97,2,22,350,1994,0
97,2,22,350,1995,0
97,2,22,350,1996,0
97,2,22,350,1997,0
97,2,22,350,1998,0
97,2,22,350,1999,0
97,2,22,350,2000,0
97,2,22,350,2001,0
97,2,22,350,2002,0
97,2,22,350,2003,0
97,2,22,350,2004,0
97,2,22,350,2005,0
97,2,22,350,2006,0
97,2,22,350,2007,0
97,2,22,350,2008,0
97,2,22,350,2009,0
97,2,22,350,2010,0
97,2,22,350,2011,0
97,2,22,350,2012,0
97,2,22,350,2013,0
97,2,22,350,2014,0
97,2,22,350,2015,0
97,2,22,350,2016,0
97,2,27,350,1990,0
97,2,27,350,1991,0
97,2,27,350,1992,0
97,2,27,350,1993,0
97,2,27,350,1994,0
97,2,27,350,1995,0
97,2,27,350,1996,0
97,2,27,350,1997,0
97,2,27,350,1998,0
97,2,27,350,1999,0
97,2,27,350,2000,0
97,2,27,350,2001,0
97,2,27,350,2002,0
97,2,27,350,2003,0
97,2,27,350,2004,0
97,2,27,350,2005,0
97,2,27,350,2006,0
97,2,27,350,2007,0
97,2,27,350,2008,0
97,2,27,350,2009,0
97,2,27,350,2010,0
97,2,27,350,2011,0
97,2,27,350,2012,0
97,2,27,350,2013,0
97,2,27,350,2014,0
97,2,27,350,2015,0
97,2,27,350,2016,0
97,3,22,350,1990,0
97,3,22,350,1991,0
97,3,22,350,1992,0
97,3,22,350,1993,0
97,3,22,350,1994,0
97,3,22,350,1995,0
97,3,22,350,1996,0
97,3,22,350,1997,0
97,3,22,350,1998,0
97,3,22,350,1999,0
97,3,22,350,2000,0
97,3,22,350,2001,0
97,3,22,350,2002,0
97,3,22,350,2003,0
97,3,22,350,2004,0
97,3,22,350,2005,0
97,3,22,350,2006,0
97,3,22,350,2007,0
97,3,22,350,2008,0
97,3,22,350,2009,0
97,3,22,350,2010,0
97,3,22,350,2011,0
97,3,22,350,2012,0
97,3,22,350,2013,0
97,3,22,350,2014,0
97,3,22,350,2015,0
97,3,22,350,2016,0
97,3,27,350,1990,0
97,3,27,350,1991,0
97,3,27,350,1992,0
97,3,27,350,1993,0
97,3,27,350,1994,0
97,3,27,350,1995,0
97,3,27,350,1996,0
97,3,27,350,1997,0
97,3,27,350,1998,0
97,3,27,350,1999,0
97,3,27,350,2000,0
97,3,27,350,2001,0
97,3,27,350,2002,0
97,3,27,350,2003,0
97,3,27,350,2004,0
97,3,27,350,2005,0
97,3,27,350,2006,0
97,3,27,350,2007,0
97,3,27,350,2008,0
97,3,27,350,2009,0
97,3,27,350,2010,0
97,3,27,350,2011,0
97,3,27,350,2012,0
97,3,27,350,2013,0
97,3,27,350,2014,0
97,3,27,350,2015,0
97,3,27,350,2016,0
98,1,22,350,1990,0
98,1,22,350,1991,0
98,1,22,350,1992,0
98,1,22,350,1993,0
98,1,22,350,1994,0
98,1,22,350,1995,0
98,1,22,350,1996,0
98,1,22,350,1997,0
98,1,22,350,1998,0
98,1,22,350,1999,0
98,1,22,350,2000,0
98,1,22,350,2001,0
98,1,22,350,2002,0
98,1,22,350,2003,0
98,1,22,350,2004,0
98,1,22,350,2005,0
98,1,22,350,2006,0
98,1,22,350,2007,0
98,1,22,350,2008,0
98,1,22,350,2009,0
98,1,22,350,2010,0
98,1,22,350,2011,0
98,1,22,350,2012,0
98,1,22,350,2013,0
98,1,22,350,2014,0
98,1,22,350,2015,0
98,1,22,350,2016,0
98,1,27,350,1990,0
98,1,27,350,1991,0
98,1,27,350,1992,0
98,1,27,350,1993,0
98,1,27,350,1994,0
98,1,27,350,1995,0
98,1,27,350,1996,0
98,1,27,350,1997,0
98,1,27,350,1998,0
98,1,27,350,1999,0
98,1,27,350,2000,0
98,1,27,350,2001,0
98,1,27,350,2002,0
98,1,27,350,2003,0
98,1,27,350,2004,0
98,1,27,350,2005,0
98,1,27,350,2006,0
98,1,27,350,2007,0
98,1,27,350,2008,0
98,1,27,350,2009,0
98,1,27,350,2010,0
98,1,27,350,2011,0
98,1,27,350,2012,0
98,1,27,350,2013,0
98,1,27,350,2014,0
98,1,27,350,2015,0
98,1,27,350,2016,0
98,2,22,350,1990,0
98,2,22,350,1991,0
98,2,22,350,1992,0
98,2,22,350,1993,0
98,2,22,350,1994,0
98,2,22,350,1995,0
98,2,22,350,1996,0
98,2,22,350,1997,0
98,2,22,350,1998,0
98,2,22,350,1999,0
98,2,22,350,2000,0
98,2,22,350,2001,0
98,2,22,350,2002,0
98,2,22,350,2003,0
98,2,22,350,2004,0
98,2,22,350,2005,0
98,2,22,350,2006,0
98,2,22,350,2007,0
98,2,22,350,2008,0
98,2,22,350,2009,0
98,2,22,350,2010,0
98,2,22,350,2011,0
98,2,22,350,2012,0
98,2,22,350,2013,0
98,2,22,350,2014,0
98,2,22,350,2015,0
98,2,22,350,2016,0
98,2,27,350,1990,0
98,2,27,350,1991,0
98,2,27,350,1992,0
98,2,27,350,1993,0
98,2,27,350,1994,0
98,2,27,350,1995,0
98,2,27,350,1996,0
98,2,27,350,1997,0
98,2,27,350,1998,0
98,2,27,350,1999,0
98,2,27,350,2000,0
98,2,27,350,2001,0
98,2,27,350,2002,0
98,2,27,350,2003,0
98,2,27,350,2004,0
98,2,27,350,2005,0
98,2,27,350,2006,0
98,2,27,350,2007,0
98,2,27,350,2008,0
98,2,27,350,2009,0
98,2,27,350,2010,0
98,2,27,350,2011,0
98,2,27,350,2012,0
98,2,27,350,2013,0
98,2,27,350,2014,0
98,2,27,350,2015,0
98,2,27,350,2016,0
98,3,22,350,1990,0
98,3,22,350,1991,0
98,3,22,350,1992,0
98,3,22,350,1993,0
98,3,22,350,1994,0
98,3,22,350,1995,0
98,3,22,350,1996,0
98,3,22,350,1997,0
98,3,22,350,1998,0
98,3,22,350,1999,0
98,3,22,350,2000,0
98,3,22,350,2001,0
98,3,22,350,2002,0
98,3,22,350,2003,0
98,3,22,350,2004,0
98,3,22,350,2005,0
98,3,22,350,2006,0
98,3,22,350,2007,0
98,3,22,350,2008,0
98,3,22,350,2009,0
98,3,22,350,2010,0
98,3,22,350,2011,0
98,3,22,350,2012,0
98,3,22,350,2013,0
98,3,22,350,2014,0
98,3,22,350,2015,0
98,3,22,350,2016,0
98,3,27,350,1990,0
98,3,27,350,1991,0
98,3,27,350,1992,0
98,3,27,350,1993,0
98,3,27,350,1994,0
98,3,27,350,1995,0
98,3,27,350,1996,0
98,3,27,350,1997,0
98,3,27,350,1998,0
98,3,27,350,1999,0
98,3,27,350,2000,0
98,3,27,350,2001,0
98,3,27,350,2002,0
98,3,27,350,2003,0
98,3,27,350,2004,0
98,3,27,350,2005,0
98,3,27,350,2006,0
98,3,27,350,2007,0
98,3,27,350,2008,0
98,3,27,350,2009,0
98,3,27,350,2010,0
98,3,27,350,2011,0
98,3,27,350,2012,0
98,3,27,350,2013,0
98,3,27,350,2014,0
98,3,27,350,2015,0
98,3,27,350,2016,0
99,1,22,350,1990,0
99,1,22,350,1991,0
99,1,22,350,1992,0
99,1,22,350,1993,0
99,1,22,350,1994,0
99,1,22,350,1995,0
99,1,22,350,1996,0
99,1,22,350,1997,0
99,1,22,350,1998,0
99,1,22,350,1999,0
99,1,22,350,2000,0
99,1,22,350,2001,0
99,1,22,350,2002,0
99,1,22,350,2003,0
99,1,22,350,2004,0
99,1,22,350,2005,0
99,1,22,350,2006,0
99,1,22,350,2007,0
99,1,22,350,2008,0
99,1,22,350,2009,0
99,1,22,350,2010,0
99,1,22,350,2011,0
99,1,22,350,2012,0
99,1,22,350,2013,0
99,1,22,350,2014,0
99,1,22,350,2015,0
99,1,22,350,2016,0
99,1,27,350,1990,0
99,1,27,350,1991,0
99,1,27,350,1992,0
99,1,27,350,1993,0
99,1,27,350,1994,0
99,1,27,350,1995,0
99,1,27,350,1996,0
99,1,27,350,1997,0
99,1,27,350,1998,0
99,1,27,350,1999,0
99,1,27,350,2000,0
99,1,27,350,2001,0
99,1,27,350,2002,0
99,1,27,350,2003,0
99,1,27,350,2004,0
99,1,27,350,2005,0
99,1,27,350,2006,0
99,1,27,350,2007,0
99,1,27,350,2008,0
99,1,27,350,2009,0
99,1,27,350,2010,0
99,1,27,350,2011,0
99,1,27,350,2012,0
99,1,27,350,2013,0
99,1,27,350,2014,0
99,1,27,350,2015,0
99,1,27,350,2016,0
99,2,22,350,1990,0
99,2,22,350,1991,0
99,2,22,350,1992,0
99,2,22,350,1993,0
99,2,22,350,1994,0
99,2,22,350,1995,0
99,2,22,350,1996,0
99,2,22,350,1997,0
99,2,22,350,1998,0
99,2,22,350,1999,0
99,2,22,350,2000,0
99,2,22,350,2001,0
99,2,22,350,2002,0
99,2,22,350,2003,0
99,2,22,350,2004,0
99,2,22,350,2005,0
99,2,22,350,2006,0
99,2,22,350,2007,0
99,2,22,350,2008,0
99,2,22,350,2009,0
99,2,22,350,2010,0
99,2,22,350,2011,0
99,2,22,350,2012,0
99,2,22,350,2013,0
99,2,22,350,2014,0
99,2,22,350,2015,0
99,2,22,350,2016,0
99,2,27,350,1990,0
99,2,27,350,1991,0
99,2,27,350,1992,0
99,2,27,350,1993,0
99,2,27,350,1994,0
99,2,27,350,1995,0
99,2,27,350,1996,0
99,2,27,350,1997,0
99,2,27,350,1998,0
99,2,27,350,1999,0
99,2,27,350,2000,0
99,2,27,350,2001,0
99,2,27,350,2002,0
99,2,27,350,2003,0
99,2,27,350,2004,0
99,2,27,350,2005,0
99,2,27,350,2006,0
99,2,27,350,2007,0
99,2,27,350,2008,0
99,2,27,350,2009,0
99,2,27,350,2010,0
99,2,27,350,2011,0
99,2,27,350,2012,0
99,2,27,350,2013,0
99,2,27,350,2014,0
99,2,27,350,2015,0
99,2,27,350,2016,0
99,3,22,350,1990,0
99,3,22,350,1991,0
99,3,22,350,1992,0
99,3,22,350,1993,0
99,3,22,350,1994,0
99,3,22,350,1995,0
99,3,22,350,1996,0
99,3,22,350,1997,0
99,3,22,350,1998,0
99,3,22,350,1999,0
99,3,22,350,2000,0
99,3,22,350,2001,0
99,3,22,350,2002,0
99,3,22,350,2003,0
99,3,22,350,2004,0
99,3,22,350,2005,0
99,3,22,350,2006,0
99,3,22,350,2007,0
99,3,22,350,2008,0
99,3,22,350,2009,0
99,3,22,350,2010,0
99,3,22,350,2011,0
99,3,22,350,2012,0
99,3,22,350,2013,0
99,3,22,350,2014,0
99,3,22,350,2015,0
99,3,22,350,2016,0
99,3,27,350,1990,0
99,3,27,350,1991,0
99,3,27,350,1992,0
99,3,27,350,1993,0
99,3,27,350,1994,0
99,3,27,350,1995,0
99,3,27,350,1996,0
99,3,27,350,1997,0
99,3,27,350,1998,0
99,3,27,350,1999,0
99,3,27,350,2000,0
99,3,27,350,2001,0
99,3,27,350,2002,0
99,3,27,350,2003,0
99,3,27,350,2004,0
99,3,27,350,2005,0
99,3,27,350,2006,0
99,3,27,350,2007,0
99,3,27,350,2008,0
99,3,27,350,2009,0
99,3,27,350,2010,0
99,3,27,350,2011,0
99,3,27,350,2012,0
99,3,27,350,2013,0
99,3,27,350,2014,0
99,3,27,350,2015,0
99,3,27,350,2016,0
101,1,22,350,1990,0
101,1,22,350,1991,0
101,1,22,350,1992,0
101,1,22,350,1993,0
101,1,22,350,1994,0
101,1,22,350,1995,0
101,1,22,350,1996,0
101,1,22,350,1997,0
101,1,22,350,1998,0
101,1,22,350,1999,0
101,1,22,350,2000,0
101,1,22,350,2001,0
101,1,22,350,2002,0
101,1,22,350,2003,0
101,1,22,350,2004,0
101,1,22,350,2005,0
101,1,22,350,2006,0
101,1,22,350,2007,0
101,1,22,350,2008,0
101,1,22,350,2009,0
101,1,22,350,2010,0
101,1,22,350,2011,0
101,1,22,350,2012,0
101,1,22,350,2013,0
101,1,22,350,2014,0
101,1,22,350,2015,0
101,1,22,350,2016,0
101,1,27,350,1990,0
101,1,27,350,1991,0
101,1,27,350,1992,0
101,1,27,350,1993,0
101,1,27,350,1994,0
101,1,27,350,1995,0
101,1,27,350,1996,0
101,1,27,350,1997,0
101,1,27,350,1998,0
101,1,27,350,1999,0
101,1,27,350,2000,0
101,1,27,350,2001,0
101,1,27,350,2002,0
101,1,27,350,2003,0
101,1,27,350,2004,0
101,1,27,350,2005,0
101,1,27,350,2006,0
101,1,27,350,2007,0
101,1,27,350,2008,0
101,1,27,350,2009,0
101,1,27,350,2010,0
101,1,27,350,2011,0
101,1,27,350,2012,0
101,1,27,350,2013,0
101,1,27,350,2014,0
101,1,27,350,2015,0
101,1,27,350,2016,0
101,2,22,350,1990,0
101,2,22,350,1991,0
101,2,22,350,1992,0
101,2,22,350,1993,0
101,2,22,350,1994,0
101,2,22,350,1995,0
101,2,22,350,1996,0
101,2,22,350,1997,0
101,2,22,350,1998,0
101,2,22,350,1999,0
101,2,22,350,2000,0
101,2,22,350,2001,0
101,2,22,350,2002,0
101,2,22,350,2003,0
101,2,22,350,2004,0
101,2,22,350,2005,0
101,2,22,350,2006,0
101,2,22,350,2007,0
101,2,22,350,2008,0
101,2,22,350,2009,0
101,2,22,350,2010,0
101,2,22,350,2011,0
101,2,22,350,2012,0
101,2,22,350,2013,0
101,2,22,350,2014,0
101,2,22,350,2015,0
101,2,22,350,2016,0
101,2,27,350,1990,0
101,2,27,350,1991,0
101,2,27,350,1992,0
101,2,27,350,1993,0
101,2,27,350,1994,0
101,2,27,350,1995,0
101,2,27,350,1996,0
101,2,27,350,1997,0
101,2,27,350,1998,0
101,2,27,350,1999,0
101,2,27,350,2000,0
101,2,27,350,2001,0
101,2,27,350,2002,0
101,2,27,350,2003,0
101,2,27,350,2004,0
101,2,27,350,2005,0
101,2,27,350,2006,0
101,2,27,350,2007,0
101,2,27,350,2008,0
101,2,27,350,2009,0
101,2,27,350,2010,0
101,2,27,350,2011,0
101,2,27,350,2012,0
101,2,27,350,2013,0
101,2,27,350,2014,0
101,2,27,350,2015,0
101,2,27,350,2016,0
101,3,22,350,1990,0
101,3,22,350,1991,0
101,3,22,350,1992,0
101,3,22,350,1993,0
101,3,22,350,1994,0
101,3,22,350,1995,0
101,3,22,350,1996,0
101,3,22,350,1997,0
101,3,22,350,1998,0
101,3,22,350,1999,0
101,3,22,350,2000,0
101,3,22,350,2001,0
101,3,22,350,2002,0
101,3,22,350,2003,0
101,3,22,350,2004,0
101,3,22,350,2005,0
101,3,22,350,2006,0
101,3,22,350,2007,0
101,3,22,350,2008,0
101,3,22,350,2009,0
101,3,22,350,2010,0
101,3,22,350,2011,0
101,3,22,350,2012,0
101,3,22,350,2013,0
101,3,22,350,2014,0
101,3,22,350,2015,0
101,3,22,350,2016,0
101,3,27,350,1990,0
101,3,27,350,1991,0
101,3,27,350,1992,0
101,3,27,350,1993,0
101,3,27,350,1994,0
101,3,27,350,1995,0
101,3,27,350,1996,0
101,3,27,350,1997,0
101,3,27,350,1998,0
101,3,27,350,1999,0
101,3,27,350,2000,0
101,3,27,350,2001,0
101,3,27,350,2002,0
101,3,27,350,2003,0
101,3,27,350,2004,0
101,3,27,350,2005,0
101,3,27,350,2006,0
101,3,27,350,2007,0
101,3,27,350,2008,0
101,3,27,350,2009,0
101,3,27,350,2010,0
101,3,27,350,2011,0
101,3,27,350,2012,0
101,3,27,350,2013,0
101,3,27,350,2014,0
101,3,27,350,2015,0
101,3,27,350,2016,0
102,1,22,350,1990,0
102,1,22,350,1991,0
102,1,22,350,1992,0
102,1,22,350,1993,0
102,1,22,350,1994,0
102,1,22,350,1995,0
102,1,22,350,1996,0
102,1,22,350,1997,0
102,1,22,350,1998,0
102,1,22,350,1999,0
102,1,22,350,2000,0
102,1,22,350,2001,0
102,1,22,350,2002,0
102,1,22,350,2003,0
102,1,22,350,2004,0
102,1,22,350,2005,0
102,1,22,350,2006,0
102,1,22,350,2007,0
102,1,22,350,2008,0
102,1,22,350,2009,0
102,1,22,350,2010,0
102,1,22,350,2011,0
102,1,22,350,2012,0
102,1,22,350,2013,0
102,1,22,350,2014,0
102,1,22,350,2015,0
102,1,22,350,2016,0
102,1,27,350,1990,0
102,1,27,350,1991,0
102,1,27,350,1992,0
102,1,27,350,1993,0
102,1,27,350,1994,0
102,1,27,350,1995,0
102,1,27,350,1996,0
102,1,27,350,1997,0
102,1,27,350,1998,0
102,1,27,350,1999,0
102,1,27,350,2000,0
102,1,27,350,2001,0
102,1,27,350,2002,0
102,1,27,350,2003,0
102,1,27,350,2004,0
102,1,27,350,2005,0
102,1,27,350,2006,0
102,1,27,350,2007,0
102,1,27,350,2008,0
102,1,27,350,2009,0
102,1,27,350,2010,0
102,1,27,350,2011,0
102,1,27,350,2012,0
102,1,27,350,2013,0
102,1,27,350,2014,0
102,1,27,350,2015,0
102,1,27,350,2016,0
102,2,22,350,1990,0
102,2,22,350,1991,0
102,2,22,350,1992,0
102,2,22,350,1993,0
102,2,22,350,1994,0
102,2,22,350,1995,0
102,2,22,350,1996,0
102,2,22,350,1997,0
102,2,22,350,1998,0
102,2,22,350,1999,0
102,2,22,350,2000,0
102,2,22,350,2001,0
102,2,22,350,2002,0
102,2,22,350,2003,0
102,2,22,350,2004,0
102,2,22,350,2005,0
102,2,22,350,2006,0
102,2,22,350,2007,0
102,2,22,350,2008,0
102,2,22,350,2009,0
102,2,22,350,2010,0
102,2,22,350,2011,0
102,2,22,350,2012,0
102,2,22,350,2013,0
102,2,22,350,2014,0
102,2,22,350,2015,0
102,2,22,350,2016,0
102,2,27,350,1990,0
102,2,27,350,1991,0
102,2,27,350,1992,0
102,2,27,350,1993,0
102,2,27,350,1994,0
102,2,27,350,1995,0
102,2,27,350,1996,0
102,2,27,350,1997,0
102,2,27,350,1998,0
102,2,27,350,1999,0
102,2,27,350,2000,0
102,2,27,350,2001,0
102,2,27,350,2002,0
102,2,27,350,2003,0
102,2,27,350,2004,0
102,2,27,350,2005,0
102,2,27,350,2006,0
102,2,27,350,2007,0
102,2,27,350,2008,0
102,2,27,350,2009,0
102,2,27,350,2010,0
102,2,27,350,2011,0
102,2,27,350,2012,0
102,2,27,350,2013,0
102,2,27,350,2014,0
102,2,27,350,2015,0
102,2,27,350,2016,0
102,3,22,350,1990,0
102,3,22,350,1991,0
102,3,22,350,1992,0
102,3,22,350,1993,0
102,3,22,350,1994,0
102,3,22,350,1995,0
102,3,22,350,1996,0
102,3,22,350,1997,0
102,3,22,350,1998,0
102,3,22,350,1999,0
102,3,22,350,2000,0
102,3,22,350,2001,0
102,3,22,350,2002,0
102,3,22,350,2003,0
102,3,22,350,2004,0
102,3,22,350,2005,0
102,3,22,350,2006,0
102,3,22,350,2007,0
102,3,22,350,2008,0
102,3,22,350,2009,0
102,3,22,350,2010,0
102,3,22,350,2011,0
102,3,22,350,2012,0
102,3,22,350,2013,0
102,3,22,350,2014,0
102,3,22,350,2015,0
102,3,22,350,2016,0
102,3,27,350,1990,0
102,3,27,350,1991,0
102,3,27,350,1992,0
102,3,27,350,1993,0
102,3,27,350,1994,0
102,3,27,350,1995,0
102,3,27,350,1996,0
102,3,27,350,1997,0
102,3,27,350,1998,0
102,3,27,350,1999,0
102,3,27,350,2000,0
102,3,27,350,2001,0
102,3,27,350,2002,0
102,3,27,350,2003,0
102,3,27,350,2004,0
102,3,27,350,2005,0
102,3,27,350,2006,0
102,3,27,350,2007,0
102,3,27,350,2008,0
102,3,27,350,2009,0
102,3,27,350,2010,0
102,3,27,350,2011,0
102,3,27,350,2012,0
102,3,27,350,2013,0
102,3,27,350,2014,0
102,3,27,350,2015,0
102,3,27,350,2016,0
105,1,22,350,1990,0
105,1,22,350,1991,0
105,1,22,350,1992,0
105,1,22,350,1993,0
105,1,22,350,1994,0
105,1,22,350,1995,0
105,1,22,350,1996,0
105,1,22,350,1997,0
105,1,22,350,1998,0
105,1,22,350,1999,0
105,1,22,350,2000,0
105,1,22,350,2001,0
105,1,22,350,2002,0
105,1,22,350,2003,0
105,1,22,350,2004,0
105,1,22,350,2005,0
105,1,22,350,2006,0
105,1,22,350,2007,0
105,1,22,350,2008,0
105,1,22,350,2009,0
105,1,22,350,2010,0
105,1,22,350,2011,0
105,1,22,350,2012,0
105,1,22,350,2013,0
105,1,22,350,2014,0
105,1,22,350,2015,0
105,1,22,350,2016,0
105,1,27,350,1990,0
105,1,27,350,1991,0
105,1,27,350,1992,0
105,1,27,350,1993,0
105,1,27,350,1994,0
105,1,27,350,1995,0
105,1,27,350,1996,0
105,1,27,350,1997,0
105,1,27,350,1998,0
105,1,27,350,1999,0
105,1,27,350,2000,0
105,1,27,350,2001,0
105,1,27,350,2002,0
105,1,27,350,2003,0
105,1,27,350,2004,0
105,1,27,350,2005,0
105,1,27,350,2006,0
105,1,27,350,2007,0
105,1,27,350,2008,0
105,1,27,350,2009,0
105,1,27,350,2010,0
105,1,27,350,2011,0
105,1,27,350,2012,0
105,1,27,350,2013,0
105,1,27,350,2014,0
105,1,27,350,2015,0
105,1,27,350,2016,0
105,2,22,350,1990,0
105,2,22,350,1991,0
105,2,22,350,1992,0
105,2,22,350,1993,0
105,2,22,350,1994,0
105,2,22,350,1995,0
105,2,22,350,1996,0
105,2,22,350,1997,0
105,2,22,350,1998,0
105,2,22,350,1999,0
105,2,22,350,2000,0
105,2,22,350,2001,0
105,2,22,350,2002,0
105,2,22,350,2003,0
105,2,22,350,2004,0
105,2,22,350,2005,0
105,2,22,350,2006,0
105,2,22,350,2007,0
105,2,22,350,2008,0
105,2,22,350,2009,0
105,2,22,350,2010,0
105,2,22,350,2011,0
105,2,22,350,2012,0
105,2,22,350,2013,0
105,2,22,350,2014,0
105,2,22,350,2015,0
105,2,22,350,2016,0
105,2,27,350,1990,0
105,2,27,350,1991,0
105,2,27,350,1992,0
105,2,27,350,1993,0
105,2,27,350,1994,0
105,2,27,350,1995,0
105,2,27,350,1996,0
105,2,27,350,1997,0
105,2,27,350,1998,0
105,2,27,350,1999,0
105,2,27,350,2000,0
105,2,27,350,2001,0
105,2,27,350,2002,0
105,2,27,350,2003,0
105,2,27,350,2004,0
105,2,27,350,2005,0
105,2,27,350,2006,0
105,2,27,350,2007,0
105,2,27,350,2008,0
105,2,27,350,2009,0
105,2,27,350,2010,0
105,2,27,350,2011,0
105,2,27,350,2012,0
105,2,27,350,2013,0
105,2,27,350,2014,0
105,2,27,350,2015,0
105,2,27,350,2016,0
105,3,22,350,1990,0
105,3,22,350,1991,0
105,3,22,350,1992,0
105,3,22,350,1993,0
105,3,22,350,1994,0
105,3,22,350,1995,0
105,3,22,350,1996,0
105,3,22,350,1997,0
105,3,22,350,1998,0
105,3,22,350,1999,0
105,3,22,350,2000,0
105,3,22,350,2001,0
105,3,22,350,2002,0
105,3,22,350,2003,0
105,3,22,350,2004,0
105,3,22,350,2005,0
105,3,22,350,2006,0
105,3,22,350,2007,0
105,3,22,350,2008,0
105,3,22,350,2009,0
105,3,22,350,2010,0
105,3,22,350,2011,0
105,3,22,350,2012,0
105,3,22,350,2013,0
105,3,22,350,2014,0
105,3,22,350,2015,0
105,3,22,350,2016,0
105,3,27,350,1990,0
105,3,27,350,1991,0
105,3,27,350,1992,0
105,3,27,350,1993,0
105,3,27,350,1994,0
105,3,27,350,1995,0
105,3,27,350,1996,0
105,3,27,350,1997,0
105,3,27,350,1998,0
105,3,27,350,1999,0
105,3,27,350,2000,0
105,3,27,350,2001,0
105,3,27,350,2002,0
105,3,27,350,2003,0
105,3,27,350,2004,0
105,3,27,350,2005,0
105,3,27,350,2006,0
105,3,27,350,2007,0
105,3,27,350,2008,0
105,3,27,350,2009,0
105,3,27,350,2010,0
105,3,27,350,2011,0
105,3,27,350,2012,0
105,3,27,350,2013,0
105,3,27,350,2014,0
105,3,27,350,2015,0
105,3,27,350,2016,0
106,1,22,350,1990,0
106,1,22,350,1991,0
106,1,22,350,1992,0
106,1,22,350,1993,0
106,1,22,350,1994,0
106,1,22,350,1995,0
106,1,22,350,1996,0
106,1,22,350,1997,0
106,1,22,350,1998,0
106,1,22,350,1999,0
106,1,22,350,2000,0
106,1,22,350,2001,0
106,1,22,350,2002,0
106,1,22,350,2003,0
106,1,22,350,2004,0
106,1,22,350,2005,0
106,1,22,350,2006,0
106,1,22,350,2007,0
106,1,22,350,2008,0
106,1,22,350,2009,0
106,1,22,350,2010,0
106,1,22,350,2011,0
106,1,22,350,2012,0
106,1,22,350,2013,0
106,1,22,350,2014,0
106,1,22,350,2015,0
106,1,22,350,2016,0
106,1,27,350,1990,0
106,1,27,350,1991,0
106,1,27,350,1992,0
106,1,27,350,1993,0
106,1,27,350,1994,0
106,1,27,350,1995,0
106,1,27,350,1996,0
106,1,27,350,1997,0
106,1,27,350,1998,0
106,1,27,350,1999,0
106,1,27,350,2000,0
106,1,27,350,2001,0
106,1,27,350,2002,0
106,1,27,350,2003,0
106,1,27,350,2004,0
106,1,27,350,2005,0
106,1,27,350,2006,0
106,1,27,350,2007,0
106,1,27,350,2008,0
106,1,27,350,2009,0
106,1,27,350,2010,0
106,1,27,350,2011,0
106,1,27,350,2012,0
106,1,27,350,2013,0
106,1,27,350,2014,0
106,1,27,350,2015,0
106,1,27,350,2016,0
106,2,22,350,1990,0
106,2,22,350,1991,0
106,2,22,350,1992,0
106,2,22,350,1993,0
106,2,22,350,1994,0
106,2,22,350,1995,0
106,2,22,350,1996,0
106,2,22,350,1997,0
106,2,22,350,1998,0
106,2,22,350,1999,0
106,2,22,350,2000,0
106,2,22,350,2001,0
106,2,22,350,2002,0
106,2,22,350,2003,0
106,2,22,350,2004,0
106,2,22,350,2005,0
106,2,22,350,2006,0
106,2,22,350,2007,0
106,2,22,350,2008,0
106,2,22,350,2009,0
106,2,22,350,2010,0
106,2,22,350,2011,0
106,2,22,350,2012,0
106,2,22,350,2013,0
106,2,22,350,2014,0
106,2,22,350,2015,0
106,2,22,350,2016,0
106,2,27,350,1990,0
106,2,27,350,1991,0
106,2,27,350,1992,0
106,2,27,350,1993,0
106,2,27,350,1994,0
106,2,27,350,1995,0
106,2,27,350,1996,0
106,2,27,350,1997,0
106,2,27,350,1998,0
106,2,27,350,1999,0
106,2,27,350,2000,0
106,2,27,350,2001,0
106,2,27,350,2002,0
106,2,27,350,2003,0
106,2,27,350,2004,0
106,2,27,350,2005,0
106,2,27,350,2006,0
106,2,27,350,2007,0
106,2,27,350,2008,0
106,2,27,350,2009,0
106,2,27,350,2010,0
106,2,27,350,2011,0
106,2,27,350,2012,0
106,2,27,350,2013,0
106,2,27,350,2014,0
106,2,27,350,2015,0
106,2,27,350,2016,0
106,3,22,350,1990,0
106,3,22,350,1991,0
106,3,22,350,1992,0
106,3,22,350,1993,0
106,3,22,350,1994,0
106,3,22,350,1995,0
106,3,22,350,1996,0
106,3,22,350,1997,0
106,3,22,350,1998,0
106,3,22,350,1999,0
106,3,22,350,2000,0
106,3,22,350,2001,0
106,3,22,350,2002,0
106,3,22,350,2003,0
106,3,22,350,2004,0
106,3,22,350,2005,0
106,3,22,350,2006,0
106,3,22,350,2007,0
106,3,22,350,2008,0
106,3,22,350,2009,0
106,3,22,350,2010,0
106,3,22,350,2011,0
106,3,22,350,2012,0
106,3,22,350,2013,0
106,3,22,350,2014,0
106,3,22,350,2015,0
106,3,22,350,2016,0
106,3,27,350,1990,0
106,3,27,350,1991,0
106,3,27,350,1992,0
106,3,27,350,1993,0
106,3,27,350,1994,0
106,3,27,350,1995,0
106,3,27,350,1996,0
106,3,27,350,1997,0
106,3,27,350,1998,0
106,3,27,350,1999,0
106,3,27,350,2000,0
106,3,27,350,2001,0
106,3,27,350,2002,0
106,3,27,350,2003,0
106,3,27,350,2004,0
106,3,27,350,2005,0
106,3,27,350,2006,0
106,3,27,350,2007,0
106,3,27,350,2008,0
106,3,27,350,2009,0
106,3,27,350,2010,0
106,3,27,350,2011,0
106,3,27,350,2012,0
106,3,27,350,2013,0
106,3,27,350,2014,0
106,3,27,350,2015,0
106,3,27,350,2016,0
107,1,22,350,1990,0
107,1,22,350,1991,0
107,1,22,350,1992,0
107,1,22,350,1993,0
107,1,22,350,1994,0
107,1,22,350,1995,0
107,1,22,350,1996,0
107,1,22,350,1997,0
107,1,22,350,1998,0
107,1,22,350,1999,0
107,1,22,350,2000,0
107,1,22,350,2001,0
107,1,22,350,2002,0
107,1,22,350,2003,0
107,1,22,350,2004,0
107,1,22,350,2005,0
107,1,22,350,2006,0
107,1,22,350,2007,0
107,1,22,350,2008,0
107,1,22,350,2009,0
107,1,22,350,2010,0
107,1,22,350,2011,0
107,1,22,350,2012,0
107,1,22,350,2013,0
107,1,22,350,2014,0
107,1,22,350,2015,0
107,1,22,350,2016,0
107,1,27,350,1990,0
107,1,27,350,1991,0
107,1,27,350,1992,0
107,1,27,350,1993,0
107,1,27,350,1994,0
107,1,27,350,1995,0
107,1,27,350,1996,0
107,1,27,350,1997,0
107,1,27,350,1998,0
107,1,27,350,1999,0
107,1,27,350,2000,0
107,1,27,350,2001,0
107,1,27,350,2002,0
107,1,27,350,2003,0
107,1,27,350,2004,0
107,1,27,350,2005,0
107,1,27,350,2006,0
107,1,27,350,2007,0
107,1,27,350,2008,0
107,1,27,350,2009,0
107,1,27,350,2010,0
107,1,27,350,2011,0
107,1,27,350,2012,0
107,1,27,350,2013,0
107,1,27,350,2014,0
107,1,27,350,2015,0
107,1,27,350,2016,0
107,2,22,350,1990,0
107,2,22,350,1991,0
107,2,22,350,1992,0
107,2,22,350,1993,0
107,2,22,350,1994,0
107,2,22,350,1995,0
107,2,22,350,1996,0
107,2,22,350,1997,0
107,2,22,350,1998,0
107,2,22,350,1999,0
107,2,22,350,2000,0
107,2,22,350,2001,0
107,2,22,350,2002,0
107,2,22,350,2003,0
107,2,22,350,2004,0
107,2,22,350,2005,0
107,2,22,350,2006,0
107,2,22,350,2007,0
107,2,22,350,2008,0
107,2,22,350,2009,0
107,2,22,350,2010,0
107,2,22,350,2011,0
107,2,22,350,2012,0
107,2,22,350,2013,0
107,2,22,350,2014,0
107,2,22,350,2015,0
107,2,22,350,2016,0
107,2,27,350,1990,0
107,2,27,350,1991,0
107,2,27,350,1992,0
107,2,27,350,1993,0
107,2,27,350,1994,0
107,2,27,350,1995,0
107,2,27,350,1996,0
107,2,27,350,1997,0
107,2,27,350,1998,0
107,2,27,350,1999,0
107,2,27,350,2000,0
107,2,27,350,2001,0
107,2,27,350,2002,0
107,2,27,350,2003,0
107,2,27,350,2004,0
107,2,27,350,2005,0
107,2,27,350,2006,0
107,2,27,350,2007,0
107,2,27,350,2008,0
107,2,27,350,2009,0
107,2,27,350,2010,0
107,2,27,350,2011,0
107,2,27,350,2012,0
107,2,27,350,2013,0
107,2,27,350,2014,0
107,2,27,350,2015,0
107,2,27,350,2016,0
107,3,22,350,1990,0
107,3,22,350,1991,0
107,3,22,350,1992,0
107,3,22,350,1993,0
107,3,22,350,1994,0
107,3,22,350,1995,0
107,3,22,350,1996,0
107,3,22,350,1997,0
107,3,22,350,1998,0
107,3,22,350,1999,0
107,3,22,350,2000,0
107,3,22,350,2001,0
107,3,22,350,2002,0
107,3,22,350,2003,0
107,3,22,350,2004,0
107,3,22,350,2005,0
107,3,22,350,2006,0
107,3,22,350,2007,0
107,3,22,350,2008,0
107,3,22,350,2009,0
107,3,22,350,2010,0
107,3,22,350,2011,0
107,3,22,350,2012,0
107,3,22,350,2013,0
107,3,22,350,2014,0
107,3,22,350,2015,0
107,3,22,350,2016,0
107,3,27,350,1990,0
107,3,27,350,1991,0
107,3,27,350,1992,0
107,3,27,350,1993,0
107,3,27,350,1994,0
107,3,27,350,1995,0
107,3,27,350,1996,0
107,3,27,350,1997,0
107,3,27,350,1998,0
107,3,27,350,1999,0
107,3,27,350,2000,0
107,3,27,350,2001,0
107,3,27,350,2002,0
107,3,27,350,2003,0
107,3,27,350,2004,0
107,3,27,350,2005,0
107,3,27,350,2006,0
107,3,27,350,2007,0
107,3,27,350,2008,0
107,3,27,350,2009,0
107,3,27,350,2010,0
107,3,27,350,2011,0
107,3,27,350,2012,0
107,3,27,350,2013,0
107,3,27,350,2014,0
107,3,27,350,2015,0
107,3,27,350,2016,0
108,1,22,350,1990,0
108,1,22,350,1991,0
108,1,22,350,1992,0
108,1,22,350,1993,0
108,1,22,350,1994,0
108,1,22,350,1995,0
108,1,22,350,1996,0
108,1,22,350,1997,0
108,1,22,350,1998,0
108,1,22,350,1999,0
108,1,22,350,2000,0
108,1,22,350,2001,0
108,1,22,350,2002,0
108,1,22,350,2003,0
108,1,22,350,2004,0
108,1,22,350,2005,0
108,1,22,350,2006,0
108,1,22,350,2007,0
108,1,22,350,2008,0
108,1,22,350,2009,0
108,1,22,350,2010,0
108,1,22,350,2011,0
108,1,22,350,2012,0
108,1,22,350,2013,0
108,1,22,350,2014,0
108,1,22,350,2015,0
108,1,22,350,2016,0
108,1,27,350,1990,0
108,1,27,350,1991,0
108,1,27,350,1992,0
108,1,27,350,1993,0
108,1,27,350,1994,0
108,1,27,350,1995,0
108,1,27,350,1996,0
108,1,27,350,1997,0
108,1,27,350,1998,0
108,1,27,350,1999,0
108,1,27,350,2000,0
108,1,27,350,2001,0
108,1,27,350,2002,0
108,1,27,350,2003,0
108,1,27,350,2004,0
108,1,27,350,2005,0
108,1,27,350,2006,0
108,1,27,350,2007,0
108,1,27,350,2008,0
108,1,27,350,2009,0
108,1,27,350,2010,0
108,1,27,350,2011,0
108,1,27,350,2012,0
108,1,27,350,2013,0
108,1,27,350,2014,0
108,1,27,350,2015,0
108,1,27,350,2016,0
108,2,22,350,1990,0
108,2,22,350,1991,0
108,2,22,350,1992,0
108,2,22,350,1993,0
108,2,22,350,1994,0
108,2,22,350,1995,0
108,2,22,350,1996,0
108,2,22,350,1997,0
108,2,22,350,1998,0
108,2,22,350,1999,0
108,2,22,350,2000,0
108,2,22,350,2001,0
108,2,22,350,2002,0
108,2,22,350,2003,0
108,2,22,350,2004,0
108,2,22,350,2005,0
108,2,22,350,2006,0
108,2,22,350,2007,0
108,2,22,350,2008,0
108,2,22,350,2009,0
108,2,22,350,2010,0
108,2,22,350,2011,0
108,2,22,350,2012,0
108,2,22,350,2013,0
108,2,22,350,2014,0
108,2,22,350,2015,0
108,2,22,350,2016,0
108,2,27,350,1990,0
108,2,27,350,1991,0
108,2,27,350,1992,0
108,2,27,350,1993,0
108,2,27,350,1994,0
108,2,27,350,1995,0
108,2,27,350,1996,0
108,2,27,350,1997,0
108,2,27,350,1998,0
108,2,27,350,1999,0
108,2,27,350,2000,0
108,2,27,350,2001,0
108,2,27,350,2002,0
108,2,27,350,2003,0
108,2,27,350,2004,0
108,2,27,350,2005,0
108,2,27,350,2006,0
108,2,27,350,2007,0
108,2,27,350,2008,0
108,2,27,350,2009,0
108,2,27,350,2010,0
108,2,27,350,2011,0
108,2,27,350,2012,0
108,2,27,350,2013,0
108,2,27,350,2014,0
108,2,27,350,2015,0
108,2,27,350,2016,0
108,3,22,350,1990,0
108,3,22,350,1991,0
108,3,22,350,1992,0
108,3,22,350,1993,0
108,3,22,350,1994,0
108,3,22,350,1995,0
108,3,22,350,1996,0
108,3,22,350,1997,0
108,3,22,350,1998,0
108,3,22,350,1999,0
108,3,22,350,2000,0
108,3,22,350,2001,0
108,3,22,350,2002,0
108,3,22,350,2003,0
108,3,22,350,2004,0
108,3,22,350,2005,0
108,3,22,350,2006,0
108,3,22,350,2007,0
108,3,22,350,2008,0
108,3,22,350,2009,0
108,3,22,350,2010,0
108,3,22,350,2011,0
108,3,22,350,2012,0
108,3,22,350,2013,0
108,3,22,350,2014,0
108,3,22,350,2015,0
108,3,22,350,2016,0
108,3,27,350,1990,0
108,3,27,350,1991,0
108,3,27,350,1992,0
108,3,27,350,1993,0
108,3,27,350,1994,0
108,3,27,350,1995,0
108,3,27,350,1996,0
108,3,27,350,1997,0
108,3,27,350,1998,0
108,3,27,350,1999,0
108,3,27,350,2000,0
108,3,27,350,2001,0
108,3,27,350,2002,0
108,3,27,350,2003,0
108,3,27,350,2004,0
108,3,27,350,2005,0
108,3,27,350,2006,0
108,3,27,350,2007,0
108,3,27,350,2008,0
108,3,27,350,2009,0
108,3,27,350,2010,0
108,3,27,350,2011,0
108,3,27,350,2012,0
108,3,27,350,2013,0
108,3,27,350,2014,0
108,3,27,350,2015,0
108,3,27,350,2016,0
109,1,22,350,1990,0
109,1,22,350,1991,0
109,1,22,350,1992,0
109,1,22,350,1993,0
109,1,22,350,1994,0
109,1,22,350,1995,0
109,1,22,350,1996,0
109,1,22,350,1997,0
109,1,22,350,1998,0
109,1,22,350,1999,0
109,1,22,350,2000,0
109,1,22,350,2001,0
109,1,22,350,2002,0
109,1,22,350,2003,0
109,1,22,350,2004,0
109,1,22,350,2005,0
109,1,22,350,2006,0
109,1,22,350,2007,0
109,1,22,350,2008,0
109,1,22,350,2009,0
109,1,22,350,2010,0
109,1,22,350,2011,0
109,1,22,350,2012,0
109,1,22,350,2013,0
109,1,22,350,2014,0
109,1,22,350,2015,0
109,1,22,350,2016,0
109,1,27,350,1990,0
109,1,27,350,1991,0
109,1,27,350,1992,0
109,1,27,350,1993,0
109,1,27,350,1994,0
109,1,27,350,1995,0
109,1,27,350,1996,0
109,1,27,350,1997,0
109,1,27,350,1998,0
109,1,27,350,1999,0
109,1,27,350,2000,0
109,1,27,350,2001,0
109,1,27,350,2002,0
109,1,27,350,2003,0
109,1,27,350,2004,0
109,1,27,350,2005,0
109,1,27,350,2006,0
109,1,27,350,2007,0
109,1,27,350,2008,0
109,1,27,350,2009,0
109,1,27,350,2010,0
109,1,27,350,2011,0
109,1,27,350,2012,0
109,1,27,350,2013,0
109,1,27,350,2014,0
109,1,27,350,2015,0
109,1,27,350,2016,0
109,2,22,350,1990,0
109,2,22,350,1991,0
109,2,22,350,1992,0
109,2,22,350,1993,0
109,2,22,350,1994,0
109,2,22,350,1995,0
109,2,22,350,1996,0
109,2,22,350,1997,0
109,2,22,350,1998,0
109,2,22,350,1999,0
109,2,22,350,2000,0
109,2,22,350,2001,0
109,2,22,350,2002,0
109,2,22,350,2003,0
109,2,22,350,2004,0
109,2,22,350,2005,0
109,2,22,350,2006,0
109,2,22,350,2007,0
109,2,22,350,2008,0
109,2,22,350,2009,0
109,2,22,350,2010,0
109,2,22,350,2011,0
109,2,22,350,2012,0
109,2,22,350,2013,0
109,2,22,350,2014,0
109,2,22,350,2015,0
109,2,22,350,2016,0
109,2,27,350,1990,0
109,2,27,350,1991,0
109,2,27,350,1992,0
109,2,27,350,1993,0
109,2,27,350,1994,0
109,2,27,350,1995,0
109,2,27,350,1996,0
109,2,27,350,1997,0
109,2,27,350,1998,0
109,2,27,350,1999,0
109,2,27,350,2000,0
109,2,27,350,2001,0
109,2,27,350,2002,0
109,2,27,350,2003,0
109,2,27,350,2004,0
109,2,27,350,2005,0
109,2,27,350,2006,0
109,2,27,350,2007,0
109,2,27,350,2008,0
109,2,27,350,2009,0
109,2,27,350,2010,0
109,2,27,350,2011,0
109,2,27,350,2012,0
109,2,27,350,2013,0
109,2,27,350,2014,0
109,2,27,350,2015,0
109,2,27,350,2016,0
109,3,22,350,1990,0
109,3,22,350,1991,0
109,3,22,350,1992,0
109,3,22,350,1993,0
109,3,22,350,1994,0
109,3,22,350,1995,0
109,3,22,350,1996,0
109,3,22,350,1997,0
109,3,22,350,1998,0
109,3,22,350,1999,0
109,3,22,350,2000,0
109,3,22,350,2001,0
109,3,22,350,2002,0
109,3,22,350,2003,0
109,3,22,350,2004,0
109,3,22,350,2005,0
109,3,22,350,2006,0
109,3,22,350,2007,0
109,3,22,350,2008,0
109,3,22,350,2009,0
109,3,22,350,2010,0
109,3,22,350,2011,0
109,3,22,350,2012,0
109,3,22,350,2013,0
109,3,22,350,2014,0
109,3,22,350,2015,0
109,3,22,350,2016,0
109,3,27,350,1990,0
109,3,27,350,1991,0
109,3,27,350,1992,0
109,3,27,350,1993,0
109,3,27,350,1994,0
109,3,27,350,1995,0
109,3,27,350,1996,0
109,3,27,350,1997,0
109,3,27,350,1998,0
109,3,27,350,1999,0
109,3,27,350,2000,0
109,3,27,350,2001,0
109,3,27,350,2002,0
109,3,27,350,2003,0
109,3,27,350,2004,0
109,3,27,350,2005,0
109,3,27,350,2006,0
109,3,27,350,2007,0
109,3,27,350,2008,0
109,3,27,350,2009,0
109,3,27,350,2010,0
109,3,27,350,2011,0
109,3,27,350,2012,0
109,3,27,350,2013,0
109,3,27,350,2014,0
109,3,27,350,2015,0
109,3,27,350,2016,0
110,1,22,350,1990,0
110,1,22,350,1991,0
110,1,22,350,1992,0
110,1,22,350,1993,0
110,1,22,350,1994,0
110,1,22,350,1995,0
110,1,22,350,1996,0
110,1,22,350,1997,0
110,1,22,350,1998,0
110,1,22,350,1999,0
110,1,22,350,2000,0
110,1,22,350,2001,0
110,1,22,350,2002,0
110,1,22,350,2003,0
110,1,22,350,2004,0
110,1,22,350,2005,0
110,1,22,350,2006,0
110,1,22,350,2007,0
110,1,22,350,2008,0
110,1,22,350,2009,0
110,1,22,350,2010,0
110,1,22,350,2011,0
110,1,22,350,2012,0
110,1,22,350,2013,0
110,1,22,350,2014,0
110,1,22,350,2015,0
110,1,22,350,2016,0
110,1,27,350,1990,0
110,1,27,350,1991,0
110,1,27,350,1992,0
110,1,27,350,1993,0
110,1,27,350,1994,0
110,1,27,350,1995,0
110,1,27,350,1996,0
110,1,27,350,1997,0
110,1,27,350,1998,0
110,1,27,350,1999,0
110,1,27,350,2000,0
110,1,27,350,2001,0
110,1,27,350,2002,0
110,1,27,350,2003,0
110,1,27,350,2004,0
110,1,27,350,2005,0
110,1,27,350,2006,0
110,1,27,350,2007,0
110,1,27,350,2008,0
110,1,27,350,2009,0
110,1,27,350,2010,0
110,1,27,350,2011,0
110,1,27,350,2012,0
110,1,27,350,2013,0
110,1,27,350,2014,0
110,1,27,350,2015,0
110,1,27,350,2016,0
110,2,22,350,1990,0
110,2,22,350,1991,0
110,2,22,350,1992,0
110,2,22,350,1993,0
110,2,22,350,1994,0
110,2,22,350,1995,0
110,2,22,350,1996,0
110,2,22,350,1997,0
110,2,22,350,1998,0
110,2,22,350,1999,0
110,2,22,350,2000,0
110,2,22,350,2001,0
110,2,22,350,2002,0
110,2,22,350,2003,0
110,2,22,350,2004,0
110,2,22,350,2005,0
110,2,22,350,2006,0
110,2,22,350,2007,0
110,2,22,350,2008,0
110,2,22,350,2009,0
110,2,22,350,2010,0
110,2,22,350,2011,0
110,2,22,350,2012,0
110,2,22,350,2013,0
110,2,22,350,2014,0
110,2,22,350,2015,0
110,2,22,350,2016,0
110,2,27,350,1990,0
110,2,27,350,1991,0
110,2,27,350,1992,0
110,2,27,350,1993,0
110,2,27,350,1994,0
110,2,27,350,1995,0
110,2,27,350,1996,0
110,2,27,350,1997,0
110,2,27,350,1998,0
110,2,27,350,1999,0
110,2,27,350,2000,0
110,2,27,350,2001,0
110,2,27,350,2002,0
110,2,27,350,2003,0
110,2,27,350,2004,0
110,2,27,350,2005,0
110,2,27,350,2006,0
110,2,27,350,2007,0
110,2,27,350,2008,0
110,2,27,350,2009,0
110,2,27,350,2010,0
110,2,27,350,2011,0
110,2,27,350,2012,0
110,2,27,350,2013,0
110,2,27,350,2014,0
110,2,27,350,2015,0
110,2,27,350,2016,0
110,3,22,350,1990,0
110,3,22,350,1991,0
110,3,22,350,1992,0
110,3,22,350,1993,0
110,3,22,350,1994,0
110,3,22,350,1995,0
110,3,22,350,1996,0
110,3,22,350,1997,0
110,3,22,350,1998,0
110,3,22,350,1999,0
110,3,22,350,2000,0
110,3,22,350,2001,0
110,3,22,350,2002,0
110,3,22,350,2003,0
110,3,22,350,2004,0
110,3,22,350,2005,0
110,3,22,350,2006,0
110,3,22,350,2007,0
110,3,22,350,2008,0
110,3,22,350,2009,0
110,3,22,350,2010,0
110,3,22,350,2011,0
110,3,22,350,2012,0
110,3,22,350,2013,0
110,3,22,350,2014,0
110,3,22,350,2015,0
110,3,22,350,2016,0
110,3,27,350,1990,0
110,3,27,350,1991,0
110,3,27,350,1992,0
110,3,27,350,1993,0
110,3,27,350,1994,0
110,3,27,350,1995,0
110,3,27,350,1996,0
110,3,27,350,1997,0
110,3,27,350,1998,0
110,3,27,350,1999,0
110,3,27,350,2000,0
110,3,27,350,2001,0
110,3,27,350,2002,0
110,3,27,350,2003,0
110,3,27,350,2004,0
110,3,27,350,2005,0
110,3,27,350,2006,0
110,3,27,350,2007,0
110,3,27,350,2008,0
110,3,27,350,2009,0
110,3,27,350,2010,0
110,3,27,350,2011,0
110,3,27,350,2012,0
110,3,27,350,2013,0
110,3,27,350,2014,0
110,3,27,350,2015,0
110,3,27,350,2016,0
111,1,22,350,1990,0
111,1,22,350,1991,0
111,1,22,350,1992,0
111,1,22,350,1993,0
111,1,22,350,1994,0
111,1,22,350,1995,0
111,1,22,350,1996,0
111,1,22,350,1997,0
111,1,22,350,1998,0
111,1,22,350,1999,0
111,1,22,350,2000,0
111,1,22,350,2001,0
111,1,22,350,2002,0
111,1,22,350,2003,0
111,1,22,350,2004,0
111,1,22,350,2005,0
111,1,22,350,2006,0
111,1,22,350,2007,0
111,1,22,350,2008,0
111,1,22,350,2009,0
111,1,22,350,2010,0
111,1,22,350,2011,0
111,1,22,350,2012,0
111,1,22,350,2013,0
111,1,22,350,2014,0
111,1,22,350,2015,0
111,1,22,350,2016,0
111,1,27,350,1990,0
111,1,27,350,1991,0
111,1,27,350,1992,0
111,1,27,350,1993,0
111,1,27,350,1994,0
111,1,27,350,1995,0
111,1,27,350,1996,0
111,1,27,350,1997,0
111,1,27,350,1998,0
111,1,27,350,1999,0
111,1,27,350,2000,0
111,1,27,350,2001,0
111,1,27,350,2002,0
111,1,27,350,2003,0
111,1,27,350,2004,0
111,1,27,350,2005,0
111,1,27,350,2006,0
111,1,27,350,2007,0
111,1,27,350,2008,0
111,1,27,350,2009,0
111,1,27,350,2010,0
111,1,27,350,2011,0
111,1,27,350,2012,0
111,1,27,350,2013,0
111,1,27,350,2014,0
111,1,27,350,2015,0
111,1,27,350,2016,0
111,2,22,350,1990,0
111,2,22,350,1991,0
111,2,22,350,1992,0
111,2,22,350,1993,0
111,2,22,350,1994,0
111,2,22,350,1995,0
111,2,22,350,1996,0
111,2,22,350,1997,0
111,2,22,350,1998,0
111,2,22,350,1999,0
111,2,22,350,2000,0
111,2,22,350,2001,0
111,2,22,350,2002,0
111,2,22,350,2003,0
111,2,22,350,2004,0
111,2,22,350,2005,0
111,2,22,350,2006,0
111,2,22,350,2007,0
111,2,22,350,2008,0
111,2,22,350,2009,0
111,2,22,350,2010,0
111,2,22,350,2011,0
111,2,22,350,2012,0
111,2,22,350,2013,0
111,2,22,350,2014,0
111,2,22,350,2015,0
111,2,22,350,2016,0
111,2,27,350,1990,0
111,2,27,350,1991,0
111,2,27,350,1992,0
111,2,27,350,1993,0
111,2,27,350,1994,0
111,2,27,350,1995,0
111,2,27,350,1996,0
111,2,27,350,1997,0
111,2,27,350,1998,0
111,2,27,350,1999,0
111,2,27,350,2000,0
111,2,27,350,2001,0
111,2,27,350,2002,0
111,2,27,350,2003,0
111,2,27,350,2004,0
111,2,27,350,2005,0
111,2,27,350,2006,0
111,2,27,350,2007,0
111,2,27,350,2008,0
111,2,27,350,2009,0
111,2,27,350,2010,0
111,2,27,350,2011,0
111,2,27,350,2012,0
111,2,27,350,2013,0
111,2,27,350,2014,0
111,2,27,350,2015,0
111,2,27,350,2016,0
111,3,22,350,1990,0
111,3,22,350,1991,0
111,3,22,350,1992,0
111,3,22,350,1993,0
111,3,22,350,1994,0
111,3,22,350,1995,0
111,3,22,350,1996,0
111,3,22,350,1997,0
111,3,22,350,1998,0
111,3,22,350,1999,0
111,3,22,350,2000,0
111,3,22,350,2001,0
111,3,22,350,2002,0
111,3,22,350,2003,0
111,3,22,350,2004,0
111,3,22,350,2005,0
111,3,22,350,2006,0
111,3,22,350,2007,0
111,3,22,350,2008,0
111,3,22,350,2009,0
111,3,22,350,2010,0
111,3,22,350,2011,0
111,3,22,350,2012,0
111,3,22,350,2013,0
111,3,22,350,2014,0
111,3,22,350,2015,0
111,3,22,350,2016,0
111,3,27,350,1990,0
111,3,27,350,1991,0
111,3,27,350,1992,0
111,3,27,350,1993,0
111,3,27,350,1994,0
111,3,27,350,1995,0
111,3,27,350,1996,0
111,3,27,350,1997,0
111,3,27,350,1998,0
111,3,27,350,1999,0
111,3,27,350,2000,0
111,3,27,350,2001,0
111,3,27,350,2002,0
111,3,27,350,2003,0
111,3,27,350,2004,0
111,3,27,350,2005,0
111,3,27,350,2006,0
111,3,27,350,2007,0
111,3,27,350,2008,0
111,3,27,350,2009,0
111,3,27,350,2010,0
111,3,27,350,2011,0
111,3,27,350,2012,0
111,3,27,350,2013,0
111,3,27,350,2014,0
111,3,27,350,2015,0
111,3,27,350,2016,0
112,1,22,350,1990,0
112,1,22,350,1991,0
112,1,22,350,1992,0
112,1,22,350,1993,0
112,1,22,350,1994,0
112,1,22,350,1995,0
112,1,22,350,1996,0
112,1,22,350,1997,0
112,1,22,350,1998,0
112,1,22,350,1999,0
112,1,22,350,2000,0
112,1,22,350,2001,0
112,1,22,350,2002,0
112,1,22,350,2003,0
112,1,22,350,2004,0
112,1,22,350,2005,0
112,1,22,350,2006,0
112,1,22,350,2007,0
112,1,22,350,2008,0
112,1,22,350,2009,0
112,1,22,350,2010,0
112,1,22,350,2011,0
112,1,22,350,2012,0
112,1,22,350,2013,0
112,1,22,350,2014,0
112,1,22,350,2015,0
112,1,22,350,2016,0
112,1,27,350,1990,0
112,1,27,350,1991,0
112,1,27,350,1992,0
112,1,27,350,1993,0
112,1,27,350,1994,0
112,1,27,350,1995,0
112,1,27,350,1996,0
112,1,27,350,1997,0
112,1,27,350,1998,0
112,1,27,350,1999,0
112,1,27,350,2000,0
112,1,27,350,2001,0
112,1,27,350,2002,0
112,1,27,350,2003,0
112,1,27,350,2004,0
112,1,27,350,2005,0
112,1,27,350,2006,0
112,1,27,350,2007,0
112,1,27,350,2008,0
112,1,27,350,2009,0
112,1,27,350,2010,0
112,1,27,350,2011,0
112,1,27,350,2012,0
112,1,27,350,2013,0
112,1,27,350,2014,0
112,1,27,350,2015,0
112,1,27,350,2016,0
112,2,22,350,1990,0
112,2,22,350,1991,0
112,2,22,350,1992,0
112,2,22,350,1993,0
112,2,22,350,1994,0
112,2,22,350,1995,0
112,2,22,350,1996,0
112,2,22,350,1997,0
112,2,22,350,1998,0
112,2,22,350,1999,0
112,2,22,350,2000,0
112,2,22,350,2001,0
112,2,22,350,2002,0
112,2,22,350,2003,0
112,2,22,350,2004,0
112,2,22,350,2005,0
112,2,22,350,2006,0
112,2,22,350,2007,0
112,2,22,350,2008,0
112,2,22,350,2009,0
112,2,22,350,2010,0
112,2,22,350,2011,0
112,2,22,350,2012,0
112,2,22,350,2013,0
112,2,22,350,2014,0
112,2,22,350,2015,0
112,2,22,350,2016,0
112,2,27,350,1990,0
112,2,27,350,1991,0
112,2,27,350,1992,0
112,2,27,350,1993,0
112,2,27,350,1994,0
112,2,27,350,1995,0
112,2,27,350,1996,0
112,2,27,350,1997,0
112,2,27,350,1998,0
112,2,27,350,1999,0
112,2,27,350,2000,0
112,2,27,350,2001,0
112,2,27,350,2002,0
112,2,27,350,2003,0
112,2,27,350,2004,0
112,2,27,350,2005,0
112,2,27,350,2006,0
112,2,27,350,2007,0
112,2,27,350,2008,0
112,2,27,350,2009,0
112,2,27,350,2010,0
112,2,27,350,2011,0
112,2,27,350,2012,0
112,2,27,350,2013,0
112,2,27,350,2014,0
112,2,27,350,2015,0
112,2,27,350,2016,0
112,3,22,350,1990,0
112,3,22,350,1991,0
112,3,22,350,1992,0
112,3,22,350,1993,0
112,3,22,350,1994,0
112,3,22,350,1995,0
112,3,22,350,1996,0
112,3,22,350,1997,0
112,3,22,350,1998,0
112,3,22,350,1999,0
112,3,22,350,2000,0
112,3,22,350,2001,0
112,3,22,350,2002,0
112,3,22,350,2003,0
112,3,22,350,2004,0
112,3,22,350,2005,0
112,3,22,350,2006,0
112,3,22,350,2007,0
112,3,22,350,2008,0
112,3,22,350,2009,0
112,3,22,350,2010,0
112,3,22,350,2011,0
112,3,22,350,2012,0
112,3,22,350,2013,0
112,3,22,350,2014,0
112,3,22,350,2015,0
112,3,22,350,2016,0
112,3,27,350,1990,0
112,3,27,350,1991,0
112,3,27,350,1992,0
112,3,27,350,1993,0
112,3,27,350,1994,0
112,3,27,350,1995,0
112,3,27,350,1996,0
112,3,27,350,1997,0
112,3,27,350,1998,0
112,3,27,350,1999,0
112,3,27,350,2000,0
112,3,27,350,2001,0
112,3,27,350,2002,0
112,3,27,350,2003,0
112,3,27,350,2004,0
112,3,27,350,2005,0
112,3,27,350,2006,0
112,3,27,350,2007,0
112,3,27,350,2008,0
112,3,27,350,2009,0
112,3,27,350,2010,0
112,3,27,350,2011,0
112,3,27,350,2012,0
112,3,27,350,2013,0
112,3,27,350,2014,0
112,3,27,350,2015,0
112,3,27,350,2016,0
113,1,22,350,1990,0
113,1,22,350,1991,0
113,1,22,350,1992,0
113,1,22,350,1993,0
113,1,22,350,1994,0
113,1,22,350,1995,0
113,1,22,350,1996,0
113,1,22,350,1997,0
113,1,22,350,1998,0
113,1,22,350,1999,0
113,1,22,350,2000,0
113,1,22,350,2001,0
113,1,22,350,2002,0
113,1,22,350,2003,0
113,1,22,350,2004,0
113,1,22,350,2005,0
113,1,22,350,2006,0
113,1,22,350,2007,0
113,1,22,350,2008,0
113,1,22,350,2009,0
113,1,22,350,2010,0
113,1,22,350,2011,0
113,1,22,350,2012,0
113,1,22,350,2013,0
113,1,22,350,2014,0
113,1,22,350,2015,0
113,1,22,350,2016,0
113,1,27,350,1990,0
113,1,27,350,1991,0
113,1,27,350,1992,0
113,1,27,350,1993,0
113,1,27,350,1994,0
113,1,27,350,1995,0
113,1,27,350,1996,0
113,1,27,350,1997,0
113,1,27,350,1998,0
113,1,27,350,1999,0
113,1,27,350,2000,0
113,1,27,350,2001,0
113,1,27,350,2002,0
113,1,27,350,2003,0
113,1,27,350,2004,0
113,1,27,350,2005,0
113,1,27,350,2006,0
113,1,27,350,2007,0
113,1,27,350,2008,0
113,1,27,350,2009,0
113,1,27,350,2010,0
113,1,27,350,2011,0
113,1,27,350,2012,0
113,1,27,350,2013,0
113,1,27,350,2014,0
113,1,27,350,2015,0
113,1,27,350,2016,0
113,2,22,350,1990,0
113,2,22,350,1991,0
113,2,22,350,1992,0
113,2,22,350,1993,0
113,2,22,350,1994,0
113,2,22,350,1995,0
113,2,22,350,1996,0
113,2,22,350,1997,0
113,2,22,350,1998,0
113,2,22,350,1999,0
113,2,22,350,2000,0
113,2,22,350,2001,0
113,2,22,350,2002,0
113,2,22,350,2003,0
113,2,22,350,2004,0
113,2,22,350,2005,0
113,2,22,350,2006,0
113,2,22,350,2007,0
113,2,22,350,2008,0
113,2,22,350,2009,0
113,2,22,350,2010,0
113,2,22,350,2011,0
113,2,22,350,2012,0
113,2,22,350,2013,0
113,2,22,350,2014,0
113,2,22,350,2015,0
113,2,22,350,2016,0
113,2,27,350,1990,0
113,2,27,350,1991,0
113,2,27,350,1992,0
113,2,27,350,1993,0
113,2,27,350,1994,0
113,2,27,350,1995,0
113,2,27,350,1996,0
113,2,27,350,1997,0
113,2,27,350,1998,0
113,2,27,350,1999,0
113,2,27,350,2000,0
113,2,27,350,2001,0
113,2,27,350,2002,0
113,2,27,350,2003,0
113,2,27,350,2004,0
113,2,27,350,2005,0
113,2,27,350,2006,0
113,2,27,350,2007,0
113,2,27,350,2008,0
113,2,27,350,2009,0
113,2,27,350,2010,0
113,2,27,350,2011,0
113,2,27,350,2012,0
113,2,27,350,2013,0
113,2,27,350,2014,0
113,2,27,350,2015,0
113,2,27,350,2016,0
113,3,22,350,1990,0
113,3,22,350,1991,0
113,3,22,350,1992,0
113,3,22,350,1993,0
113,3,22,350,1994,0
113,3,22,350,1995,0
113,3,22,350,1996,0
113,3,22,350,1997,0
113,3,22,350,1998,0
113,3,22,350,1999,0
113,3,22,350,2000,0
113,3,22,350,2001,0
113,3,22,350,2002,0
113,3,22,350,2003,0
113,3,22,350,2004,0
113,3,22,350,2005,0
113,3,22,350,2006,0
113,3,22,350,2007,0
113,3,22,350,2008,0
113,3,22,350,2009,0
113,3,22,350,2010,0
113,3,22,350,2011,0
113,3,22,350,2012,0
113,3,22,350,2013,0
113,3,22,350,2014,0
113,3,22,350,2015,0
113,3,22,350,2016,0
113,3,27,350,1990,0
113,3,27,350,1991,0
113,3,27,350,1992,0
113,3,27,350,1993,0
113,3,27,350,1994,0
113,3,27,350,1995,0
113,3,27,350,1996,0
113,3,27,350,1997,0
113,3,27,350,1998,0
113,3,27,350,1999,0
113,3,27,350,2000,0
113,3,27,350,2001,0
113,3,27,350,2002,0
113,3,27,350,2003,0
113,3,27,350,2004,0
113,3,27,350,2005,0
113,3,27,350,2006,0
113,3,27,350,2007,0
113,3,27,350,2008,0
113,3,27,350,2009,0
113,3,27,350,2010,0
113,3,27,350,2011,0
113,3,27,350,2012,0
113,3,27,350,2013,0
113,3,27,350,2014,0
113,3,27,350,2015,0
113,3,27,350,2016,0
114,1,22,350,1990,0
114,1,22,350,1991,0
114,1,22,350,1992,0
114,1,22,350,1993,0
114,1,22,350,1994,0
114,1,22,350,1995,0
114,1,22,350,1996,0
114,1,22,350,1997,0
114,1,22,350,1998,0
114,1,22,350,1999,0
114,1,22,350,2000,0
114,1,22,350,2001,0
114,1,22,350,2002,0
114,1,22,350,2003,0
114,1,22,350,2004,0
114,1,22,350,2005,0
114,1,22,350,2006,0
114,1,22,350,2007,0
114,1,22,350,2008,0
114,1,22,350,2009,0
114,1,22,350,2010,0
114,1,22,350,2011,0
114,1,22,350,2012,0
114,1,22,350,2013,0
114,1,22,350,2014,0
114,1,22,350,2015,0
114,1,22,350,2016,0
114,1,27,350,1990,0
114,1,27,350,1991,0
114,1,27,350,1992,0
114,1,27,350,1993,0
114,1,27,350,1994,0
114,1,27,350,1995,0
114,1,27,350,1996,0
114,1,27,350,1997,0
114,1,27,350,1998,0
114,1,27,350,1999,0
114,1,27,350,2000,0
114,1,27,350,2001,0
114,1,27,350,2002,0
114,1,27,350,2003,0
114,1,27,350,2004,0
114,1,27,350,2005,0
114,1,27,350,2006,0
114,1,27,350,2007,0
114,1,27,350,2008,0
114,1,27,350,2009,0
114,1,27,350,2010,0
114,1,27,350,2011,0
114,1,27,350,2012,0
114,1,27,350,2013,0
114,1,27,350,2014,0
114,1,27,350,2015,0
114,1,27,350,2016,0
114,2,22,350,1990,0
114,2,22,350,1991,0
114,2,22,350,1992,0
114,2,22,350,1993,0
114,2,22,350,1994,0
114,2,22,350,1995,0
114,2,22,350,1996,0
114,2,22,350,1997,0
114,2,22,350,1998,0
114,2,22,350,1999,0
114,2,22,350,2000,0
114,2,22,350,2001,0
114,2,22,350,2002,0
114,2,22,350,2003,0
114,2,22,350,2004,0
114,2,22,350,2005,0
114,2,22,350,2006,0
114,2,22,350,2007,0
114,2,22,350,2008,0
114,2,22,350,2009,0
114,2,22,350,2010,0
114,2,22,350,2011,0
114,2,22,350,2012,0
114,2,22,350,2013,0
114,2,22,350,2014,0
114,2,22,350,2015,0
114,2,22,350,2016,0
114,2,27,350,1990,0
114,2,27,350,1991,0
114,2,27,350,1992,0
114,2,27,350,1993,0
114,2,27,350,1994,0
114,2,27,350,1995,0
114,2,27,350,1996,0
114,2,27,350,1997,0
114,2,27,350,1998,0
114,2,27,350,1999,0
114,2,27,350,2000,0
114,2,27,350,2001,0
114,2,27,350,2002,0
114,2,27,350,2003,0
114,2,27,350,2004,0
114,2,27,350,2005,0
114,2,27,350,2006,0
114,2,27,350,2007,0
114,2,27,350,2008,0
114,2,27,350,2009,0
114,2,27,350,2010,0
114,2,27,350,2011,0
114,2,27,350,2012,0
114,2,27,350,2013,0
114,2,27,350,2014,0
114,2,27,350,2015,0
114,2,27,350,2016,0
114,3,22,350,1990,0
114,3,22,350,1991,0
114,3,22,350,1992,0
114,3,22,350,1993,0
114,3,22,350,1994,0
114,3,22,350,1995,0
114,3,22,350,1996,0
114,3,22,350,1997,0
114,3,22,350,1998,0
114,3,22,350,1999,0
114,3,22,350,2000,0
114,3,22,350,2001,0
114,3,22,350,2002,0
114,3,22,350,2003,0
114,3,22,350,2004,0
114,3,22,350,2005,0
114,3,22,350,2006,0
114,3,22,350,2007,0
114,3,22,350,2008,0
114,3,22,350,2009,0
114,3,22,350,2010,0
114,3,22,350,2011,0
114,3,22,350,2012,0
114,3,22,350,2013,0
114,3,22,350,2014,0
114,3,22,350,2015,0
114,3,22,350,2016,0
114,3,27,350,1990,0
114,3,27,350,1991,0
114,3,27,350,1992,0
114,3,27,350,1993,0
114,3,27,350,1994,0
114,3,27,350,1995,0
114,3,27,350,1996,0
114,3,27,350,1997,0
114,3,27,350,1998,0
114,3,27,350,1999,0
114,3,27,350,2000,0
114,3,27,350,2001,0
114,3,27,350,2002,0
114,3,27,350,2003,0
114,3,27,350,2004,0
114,3,27,350,2005,0
114,3,27,350,2006,0
114,3,27,350,2007,0
114,3,27,350,2008,0
114,3,27,350,2009,0
114,3,27,350,2010,0
114,3,27,350,2011,0
114,3,27,350,2012,0
114,3,27,350,2013,0
114,3,27,350,2014,0
114,3,27,350,2015,0
114,3,27,350,2016,0
115,1,22,350,1990,0
115,1,22,350,1991,0
115,1,22,350,1992,0
115,1,22,350,1993,0
115,1,22,350,1994,0
115,1,22,350,1995,0
115,1,22,350,1996,0
115,1,22,350,1997,0
115,1,22,350,1998,0
115,1,22,350,1999,0
115,1,22,350,2000,0
115,1,22,350,2001,0
115,1,22,350,2002,0
115,1,22,350,2003,0
115,1,22,350,2004,0
115,1,22,350,2005,0
115,1,22,350,2006,0
115,1,22,350,2007,0
115,1,22,350,2008,0
115,1,22,350,2009,0
115,1,22,350,2010,0
115,1,22,350,2011,0
115,1,22,350,2012,0
115,1,22,350,2013,0
115,1,22,350,2014,0
115,1,22,350,2015,0
115,1,22,350,2016,0
115,1,27,350,1990,0
115,1,27,350,1991,0
115,1,27,350,1992,0
115,1,27,350,1993,0
115,1,27,350,1994,0
115,1,27,350,1995,0
115,1,27,350,1996,0
115,1,27,350,1997,0
115,1,27,350,1998,0
115,1,27,350,1999,0
115,1,27,350,2000,0
115,1,27,350,2001,0
115,1,27,350,2002,0
115,1,27,350,2003,0
115,1,27,350,2004,0
115,1,27,350,2005,0
115,1,27,350,2006,0
115,1,27,350,2007,0
115,1,27,350,2008,0
115,1,27,350,2009,0
115,1,27,350,2010,0
115,1,27,350,2011,0
115,1,27,350,2012,0
115,1,27,350,2013,0
115,1,27,350,2014,0
115,1,27,350,2015,0
115,1,27,350,2016,0
115,2,22,350,1990,0
115,2,22,350,1991,0
115,2,22,350,1992,0
115,2,22,350,1993,0
115,2,22,350,1994,0
115,2,22,350,1995,0
115,2,22,350,1996,0
115,2,22,350,1997,0
115,2,22,350,1998,0
115,2,22,350,1999,0
115,2,22,350,2000,0
115,2,22,350,2001,0
115,2,22,350,2002,0
115,2,22,350,2003,0
115,2,22,350,2004,0
115,2,22,350,2005,0
115,2,22,350,2006,0
115,2,22,350,2007,0
115,2,22,350,2008,0
115,2,22,350,2009,0
115,2,22,350,2010,0
115,2,22,350,2011,0
115,2,22,350,2012,0
115,2,22,350,2013,0
115,2,22,350,2014,0
115,2,22,350,2015,0
115,2,22,350,2016,0
115,2,27,350,1990,0
115,2,27,350,1991,0
115,2,27,350,1992,0
115,2,27,350,1993,0
115,2,27,350,1994,0
115,2,27,350,1995,0
115,2,27,350,1996,0
115,2,27,350,1997,0
115,2,27,350,1998,0
115,2,27,350,1999,0
115,2,27,350,2000,0
115,2,27,350,2001,0
115,2,27,350,2002,0
115,2,27,350,2003,0
115,2,27,350,2004,0
115,2,27,350,2005,0
115,2,27,350,2006,0
115,2,27,350,2007,0
115,2,27,350,2008,0
115,2,27,350,2009,0
115,2,27,350,2010,0
115,2,27,350,2011,0
115,2,27,350,2012,0
115,2,27,350,2013,0
115,2,27,350,2014,0
115,2,27,350,2015,0
115,2,27,350,2016,0
115,3,22,350,1990,0
115,3,22,350,1991,0
115,3,22,350,1992,0
115,3,22,350,1993,0
115,3,22,350,1994,0
115,3,22,350,1995,0
115,3,22,350,1996,0
115,3,22,350,1997,0
115,3,22,350,1998,0
115,3,22,350,1999,0
115,3,22,350,2000,0
115,3,22,350,2001,0
115,3,22,350,2002,0
115,3,22,350,2003,0
115,3,22,350,2004,0
115,3,22,350,2005,0
115,3,22,350,2006,0
115,3,22,350,2007,0
115,3,22,350,2008,0
115,3,22,350,2009,0
115,3,22,350,2010,0
115,3,22,350,2011,0
115,3,22,350,2012,0
115,3,22,350,2013,0
115,3,22,350,2014,0
115,3,22,350,2015,0
115,3,22,350,2016,0
115,3,27,350,1990,0
115,3,27,350,1991,0
115,3,27,350,1992,0
115,3,27,350,1993,0
115,3,27,350,1994,0
115,3,27,350,1995,0
115,3,27,350,1996,0
115,3,27,350,1997,0
115,3,27,350,1998,0
115,3,27,350,1999,0
115,3,27,350,2000,0
115,3,27,350,2001,0
115,3,27,350,2002,0
115,3,27,350,2003,0
115,3,27,350,2004,0
115,3,27,350,2005,0
115,3,27,350,2006,0
115,3,27,350,2007,0
115,3,27,350,2008,0
115,3,27,350,2009,0
115,3,27,350,2010,0
115,3,27,350,2011,0
115,3,27,350,2012,0
115,3,27,350,2013,0
115,3,27,350,2014,0
115,3,27,350,2015,0
115,3,27,350,2016,0
116,1,22,350,1990,0
116,1,22,350,1991,0
116,1,22,350,1992,0
116,1,22,350,1993,0
116,1,22,350,1994,0
116,1,22,350,1995,0
116,1,22,350,1996,0
116,1,22,350,1997,0
116,1,22,350,1998,0
116,1,22,350,1999,0
116,1,22,350,2000,0
116,1,22,350,2001,0
116,1,22,350,2002,0
116,1,22,350,2003,0
116,1,22,350,2004,0
116,1,22,350,2005,0
116,1,22,350,2006,0
116,1,22,350,2007,0
116,1,22,350,2008,0
116,1,22,350,2009,0
116,1,22,350,2010,0
116,1,22,350,2011,0
116,1,22,350,2012,0
116,1,22,350,2013,0
116,1,22,350,2014,0
116,1,22,350,2015,0
116,1,22,350,2016,0
116,1,27,350,1990,0
116,1,27,350,1991,0
116,1,27,350,1992,0
116,1,27,350,1993,0
116,1,27,350,1994,0
116,1,27,350,1995,0
116,1,27,350,1996,0
116,1,27,350,1997,0
116,1,27,350,1998,0
116,1,27,350,1999,0
116,1,27,350,2000,0
116,1,27,350,2001,0
116,1,27,350,2002,0
116,1,27,350,2003,0
116,1,27,350,2004,0
116,1,27,350,2005,0
116,1,27,350,2006,0
116,1,27,350,2007,0
116,1,27,350,2008,0
116,1,27,350,2009,0
116,1,27,350,2010,0
116,1,27,350,2011,0
116,1,27,350,2012,0
116,1,27,350,2013,0
116,1,27,350,2014,0
116,1,27,350,2015,0
116,1,27,350,2016,0
116,2,22,350,1990,0
116,2,22,350,1991,0
116,2,22,350,1992,0
116,2,22,350,1993,0
116,2,22,350,1994,0
116,2,22,350,1995,0
116,2,22,350,1996,0
116,2,22,350,1997,0
116,2,22,350,1998,0
116,2,22,350,1999,0
116,2,22,350,2000,0
116,2,22,350,2001,0
116,2,22,350,2002,0
116,2,22,350,2003,0
116,2,22,350,2004,0
116,2,22,350,2005,0
116,2,22,350,2006,0
116,2,22,350,2007,0
116,2,22,350,2008,0
116,2,22,350,2009,0
116,2,22,350,2010,0
116,2,22,350,2011,0
116,2,22,350,2012,0
116,2,22,350,2013,0
116,2,22,350,2014,0
116,2,22,350,2015,0
116,2,22,350,2016,0
116,2,27,350,1990,0
116,2,27,350,1991,0
116,2,27,350,1992,0
116,2,27,350,1993,0
116,2,27,350,1994,0
116,2,27,350,1995,0
116,2,27,350,1996,0
116,2,27,350,1997,0
116,2,27,350,1998,0
116,2,27,350,1999,0
116,2,27,350,2000,0
116,2,27,350,2001,0
116,2,27,350,2002,0
116,2,27,350,2003,0
116,2,27,350,2004,0
116,2,27,350,2005,0
116,2,27,350,2006,0
116,2,27,350,2007,0
116,2,27,350,2008,0
116,2,27,350,2009,0
116,2,27,350,2010,0
116,2,27,350,2011,0
116,2,27,350,2012,0
116,2,27,350,2013,0
116,2,27,350,2014,0
116,2,27,350,2015,0
116,2,27,350,2016,0
116,3,22,350,1990,0
116,3,22,350,1991,0
116,3,22,350,1992,0
116,3,22,350,1993,0
116,3,22,350,1994,0
116,3,22,350,1995,0
116,3,22,350,1996,0
116,3,22,350,1997,0
116,3,22,350,1998,0
116,3,22,350,1999,0
116,3,22,350,2000,0
116,3,22,350,2001,0
116,3,22,350,2002,0
116,3,22,350,2003,0
116,3,22,350,2004,0
116,3,22,350,2005,0
116,3,22,350,2006,0
116,3,22,350,2007,0
116,3,22,350,2008,0
116,3,22,350,2009,0
116,3,22,350,2010,0
116,3,22,350,2011,0
116,3,22,350,2012,0
116,3,22,350,2013,0
116,3,22,350,2014,0
116,3,22,350,2015,0
116,3,22,350,2016,0
116,3,27,350,1990,0
116,3,27,350,1991,0
116,3,27,350,1992,0
116,3,27,350,1993,0
116,3,27,350,1994,0
116,3,27,350,1995,0
116,3,27,350,1996,0
116,3,27,350,1997,0
116,3,27,350,1998,0
116,3,27,350,1999,0
116,3,27,350,2000,0
116,3,27,350,2001,0
116,3,27,350,2002,0
116,3,27,350,2003,0
116,3,27,350,2004,0
116,3,27,350,2005,0
116,3,27,350,2006,0
116,3,27,350,2007,0
116,3,27,350,2008,0
116,3,27,350,2009,0
116,3,27,350,2010,0
116,3,27,350,2011,0
116,3,27,350,2012,0
116,3,27,350,2013,0
116,3,27,350,2014,0
116,3,27,350,2015,0
116,3,27,350,2016,0
117,1,22,350,1990,0
117,1,22,350,1991,0
117,1,22,350,1992,0
117,1,22,350,1993,0
117,1,22,350,1994,0
117,1,22,350,1995,0
117,1,22,350,1996,0
117,1,22,350,1997,0
117,1,22,350,1998,0
117,1,22,350,1999,0
117,1,22,350,2000,0
117,1,22,350,2001,0
117,1,22,350,2002,0
117,1,22,350,2003,0
117,1,22,350,2004,0
117,1,22,350,2005,0
117,1,22,350,2006,0
117,1,22,350,2007,0
117,1,22,350,2008,0
117,1,22,350,2009,0
117,1,22,350,2010,0
117,1,22,350,2011,0
117,1,22,350,2012,0
117,1,22,350,2013,0
117,1,22,350,2014,0
117,1,22,350,2015,0
117,1,22,350,2016,0
117,1,27,350,1990,0
117,1,27,350,1991,0
117,1,27,350,1992,0
117,1,27,350,1993,0
117,1,27,350,1994,0
117,1,27,350,1995,0
117,1,27,350,1996,0
117,1,27,350,1997,0
117,1,27,350,1998,0
117,1,27,350,1999,0
117,1,27,350,2000,0
117,1,27,350,2001,0
117,1,27,350,2002,0
117,1,27,350,2003,0
117,1,27,350,2004,0
117,1,27,350,2005,0
117,1,27,350,2006,0
117,1,27,350,2007,0
117,1,27,350,2008,0
117,1,27,350,2009,0
117,1,27,350,2010,0
117,1,27,350,2011,0
117,1,27,350,2012,0
117,1,27,350,2013,0
117,1,27,350,2014,0
117,1,27,350,2015,0
117,1,27,350,2016,0
117,2,22,350,1990,0
117,2,22,350,1991,0
117,2,22,350,1992,0
117,2,22,350,1993,0
117,2,22,350,1994,0
117,2,22,350,1995,0
117,2,22,350,1996,0
117,2,22,350,1997,0
117,2,22,350,1998,0
117,2,22,350,1999,0
117,2,22,350,2000,0
117,2,22,350,2001,0
117,2,22,350,2002,0
117,2,22,350,2003,0
117,2,22,350,2004,0
117,2,22,350,2005,0
117,2,22,350,2006,0
117,2,22,350,2007,0
117,2,22,350,2008,0
117,2,22,350,2009,0
117,2,22,350,2010,0
117,2,22,350,2011,0
117,2,22,350,2012,0
117,2,22,350,2013,0
117,2,22,350,2014,0
117,2,22,350,2015,0
117,2,22,350,2016,0
117,2,27,350,1990,0
117,2,27,350,1991,0
117,2,27,350,1992,0
117,2,27,350,1993,0
117,2,27,350,1994,0
117,2,27,350,1995,0
117,2,27,350,1996,0
117,2,27,350,1997,0
117,2,27,350,1998,0
117,2,27,350,1999,0
117,2,27,350,2000,0
117,2,27,350,2001,0
117,2,27,350,2002,0
117,2,27,350,2003,0
117,2,27,350,2004,0
117,2,27,350,2005,0
117,2,27,350,2006,0
117,2,27,350,2007,0
117,2,27,350,2008,0
117,2,27,350,2009,0
117,2,27,350,2010,0
117,2,27,350,2011,0
117,2,27,350,2012,0
117,2,27,350,2013,0
117,2,27,350,2014,0
117,2,27,350,2015,0
117,2,27,350,2016,0
117,3,22,350,1990,0
117,3,22,350,1991,0
117,3,22,350,1992,0
117,3,22,350,1993,0
117,3,22,350,1994,0
117,3,22,350,1995,0
117,3,22,350,1996,0
117,3,22,350,1997,0
117,3,22,350,1998,0
117,3,22,350,1999,0
117,3,22,350,2000,0
117,3,22,350,2001,0
117,3,22,350,2002,0
117,3,22,350,2003,0
117,3,22,350,2004,0
117,3,22,350,2005,0
117,3,22,350,2006,0
117,3,22,350,2007,0
117,3,22,350,2008,0
117,3,22,350,2009,0
117,3,22,350,2010,0
117,3,22,350,2011,0
117,3,22,350,2012,0
117,3,22,350,2013,0
117,3,22,350,2014,0
117,3,22,350,2015,0
117,3,22,350,2016,0
117,3,27,350,1990,0
117,3,27,350,1991,0
117,3,27,350,1992,0
117,3,27,350,1993,0
117,3,27,350,1994,0
117,3,27,350,1995,0
117,3,27,350,1996,0
117,3,27,350,1997,0
117,3,27,350,1998,0
117,3,27,350,1999,0
117,3,27,350,2000,0
117,3,27,350,2001,0
117,3,27,350,2002,0
117,3,27,350,2003,0
117,3,27,350,2004,0
117,3,27,350,2005,0
117,3,27,350,2006,0
117,3,27,350,2007,0
117,3,27,350,2008,0
117,3,27,350,2009,0
117,3,27,350,2010,0
117,3,27,350,2011,0
117,3,27,350,2012,0
117,3,27,350,2013,0
117,3,27,350,2014,0
117,3,27,350,2015,0
117,3,27,350,2016,0
118,1,22,350,1990,0
118,1,22,350,1991,0
118,1,22,350,1992,0
118,1,22,350,1993,0
118,1,22,350,1994,0
118,1,22,350,1995,0
118,1,22,350,1996,0
118,1,22,350,1997,0
118,1,22,350,1998,0
118,1,22,350,1999,0
118,1,22,350,2000,0
118,1,22,350,2001,0
118,1,22,350,2002,0
118,1,22,350,2003,0
118,1,22,350,2004,0
118,1,22,350,2005,0
118,1,22,350,2006,0
118,1,22,350,2007,0
118,1,22,350,2008,0
118,1,22,350,2009,0
118,1,22,350,2010,0
118,1,22,350,2011,0
118,1,22,350,2012,0
118,1,22,350,2013,0
118,1,22,350,2014,0
118,1,22,350,2015,0
118,1,22,350,2016,0
118,1,27,350,1990,0
118,1,27,350,1991,0
118,1,27,350,1992,0
118,1,27,350,1993,0
118,1,27,350,1994,0
118,1,27,350,1995,0
118,1,27,350,1996,0
118,1,27,350,1997,0
118,1,27,350,1998,0
118,1,27,350,1999,0
118,1,27,350,2000,0
118,1,27,350,2001,0
118,1,27,350,2002,0
118,1,27,350,2003,0
118,1,27,350,2004,0
118,1,27,350,2005,0
118,1,27,350,2006,0
118,1,27,350,2007,0
118,1,27,350,2008,0
118,1,27,350,2009,0
118,1,27,350,2010,0
118,1,27,350,2011,0
118,1,27,350,2012,0
118,1,27,350,2013,0
118,1,27,350,2014,0
118,1,27,350,2015,0
118,1,27,350,2016,0
118,2,22,350,1990,0
118,2,22,350,1991,0
118,2,22,350,1992,0
118,2,22,350,1993,0
118,2,22,350,1994,0
118,2,22,350,1995,0
118,2,22,350,1996,0
118,2,22,350,1997,0
118,2,22,350,1998,0
118,2,22,350,1999,0
118,2,22,350,2000,0
118,2,22,350,2001,0
118,2,22,350,2002,0
118,2,22,350,2003,0
118,2,22,350,2004,0
118,2,22,350,2005,0
118,2,22,350,2006,0
118,2,22,350,2007,0
118,2,22,350,2008,0
118,2,22,350,2009,0
118,2,22,350,2010,0
118,2,22,350,2011,0
118,2,22,350,2012,0
118,2,22,350,2013,0
118,2,22,350,2014,0
118,2,22,350,2015,0
118,2,22,350,2016,0
118,2,27,350,1990,0
118,2,27,350,1991,0
118,2,27,350,1992,0
118,2,27,350,1993,0
118,2,27,350,1994,0
118,2,27,350,1995,0
118,2,27,350,1996,0
118,2,27,350,1997,0
118,2,27,350,1998,0
118,2,27,350,1999,0
118,2,27,350,2000,0
118,2,27,350,2001,0
118,2,27,350,2002,0
118,2,27,350,2003,0
118,2,27,350,2004,0
118,2,27,350,2005,0
118,2,27,350,2006,0
118,2,27,350,2007,0
118,2,27,350,2008,0
118,2,27,350,2009,0
118,2,27,350,2010,0
118,2,27,350,2011,0
118,2,27,350,2012,0
118,2,27,350,2013,0
118,2,27,350,2014,0
118,2,27,350,2015,0
118,2,27,350,2016,0
118,3,22,350,1990,0
118,3,22,350,1991,0
118,3,22,350,1992,0
118,3,22,350,1993,0
118,3,22,350,1994,0
118,3,22,350,1995,0
118,3,22,350,1996,0
118,3,22,350,1997,0
118,3,22,350,1998,0
118,3,22,350,1999,0
118,3,22,350,2000,0
118,3,22,350,2001,0
118,3,22,350,2002,0
118,3,22,350,2003,0
118,3,22,350,2004,0
118,3,22,350,2005,0
118,3,22,350,2006,0
118,3,22,350,2007,0
118,3,22,350,2008,0
118,3,22,350,2009,0
118,3,22,350,2010,0
118,3,22,350,2011,0
118,3,22,350,2012,0
118,3,22,350,2013,0
118,3,22,350,2014,0
118,3,22,350,2015,0
118,3,22,350,2016,0
118,3,27,350,1990,0
118,3,27,350,1991,0
118,3,27,350,1992,0
118,3,27,350,1993,0
118,3,27,350,1994,0
118,3,27,350,1995,0
118,3,27,350,1996,0
118,3,27,350,1997,0
118,3,27,350,1998,0
118,3,27,350,1999,0
118,3,27,350,2000,0
118,3,27,350,2001,0
118,3,27,350,2002,0
118,3,27,350,2003,0
118,3,27,350,2004,0
118,3,27,350,2005,0
118,3,27,350,2006,0
118,3,27,350,2007,0
118,3,27,350,2008,0
118,3,27,350,2009,0
118,3,27,350,2010,0
118,3,27,350,2011,0
118,3,27,350,2012,0
118,3,27,350,2013,0
118,3,27,350,2014,0
118,3,27,350,2015,0
118,3,27,350,2016,0
119,1,22,350,1990,0
119,1,22,350,1991,0
119,1,22,350,1992,0
119,1,22,350,1993,0
119,1,22,350,1994,0
119,1,22,350,1995,0
119,1,22,350,1996,0
119,1,22,350,1997,0
119,1,22,350,1998,0
119,1,22,350,1999,0
119,1,22,350,2000,0
119,1,22,350,2001,0
119,1,22,350,2002,0
119,1,22,350,2003,0
119,1,22,350,2004,0
119,1,22,350,2005,0
119,1,22,350,2006,0
119,1,22,350,2007,0
119,1,22,350,2008,0
119,1,22,350,2009,0
119,1,22,350,2010,0
119,1,22,350,2011,0
119,1,22,350,2012,0
119,1,22,350,2013,0
119,1,22,350,2014,0
119,1,22,350,2015,0
119,1,22,350,2016,0
119,1,27,350,1990,0
119,1,27,350,1991,0
119,1,27,350,1992,0
119,1,27,350,1993,0
119,1,27,350,1994,0
119,1,27,350,1995,0
119,1,27,350,1996,0
119,1,27,350,1997,0
119,1,27,350,1998,0
119,1,27,350,1999,0
119,1,27,350,2000,0
119,1,27,350,2001,0
119,1,27,350,2002,0
119,1,27,350,2003,0
119,1,27,350,2004,0
119,1,27,350,2005,0
119,1,27,350,2006,0
119,1,27,350,2007,0
119,1,27,350,2008,0
119,1,27,350,2009,0
119,1,27,350,2010,0
119,1,27,350,2011,0
119,1,27,350,2012,0
119,1,27,350,2013,0
119,1,27,350,2014,0
119,1,27,350,2015,0
119,1,27,350,2016,0
119,2,22,350,1990,0
119,2,22,350,1991,0
119,2,22,350,1992,0
119,2,22,350,1993,0
119,2,22,350,1994,0
119,2,22,350,1995,0
119,2,22,350,1996,0
119,2,22,350,1997,0
119,2,22,350,1998,0
119,2,22,350,1999,0
119,2,22,350,2000,0
119,2,22,350,2001,0
119,2,22,350,2002,0
119,2,22,350,2003,0
119,2,22,350,2004,0
119,2,22,350,2005,0
119,2,22,350,2006,0
119,2,22,350,2007,0
119,2,22,350,2008,0
119,2,22,350,2009,0
119,2,22,350,2010,0
119,2,22,350,2011,0
119,2,22,350,2012,0
119,2,22,350,2013,0
119,2,22,350,2014,0
119,2,22,350,2015,0
119,2,22,350,2016,0
119,2,27,350,1990,0
119,2,27,350,1991,0
119,2,27,350,1992,0
119,2,27,350,1993,0
119,2,27,350,1994,0
119,2,27,350,1995,0
119,2,27,350,1996,0
119,2,27,350,1997,0
119,2,27,350,1998,0
119,2,27,350,1999,0
119,2,27,350,2000,0
119,2,27,350,2001,0
119,2,27,350,2002,0
119,2,27,350,2003,0
119,2,27,350,2004,0
119,2,27,350,2005,0
119,2,27,350,2006,0
119,2,27,350,2007,0
119,2,27,350,2008,0
119,2,27,350,2009,0
119,2,27,350,2010,0
119,2,27,350,2011,0
119,2,27,350,2012,0
119,2,27,350,2013,0
119,2,27,350,2014,0
119,2,27,350,2015,0
119,2,27,350,2016,0
119,3,22,350,1990,0
119,3,22,350,1991,0
119,3,22,350,1992,0
119,3,22,350,1993,0
119,3,22,350,1994,0
119,3,22,350,1995,0
119,3,22,350,1996,0
119,3,22,350,1997,0
119,3,22,350,1998,0
119,3,22,350,1999,0
119,3,22,350,2000,0
119,3,22,350,2001,0
119,3,22,350,2002,0
119,3,22,350,2003,0
119,3,22,350,2004,0
119,3,22,350,2005,0
119,3,22,350,2006,0
119,3,22,350,2007,0
119,3,22,350,2008,0
119,3,22,350,2009,0
119,3,22,350,2010,0
119,3,22,350,2011,0
119,3,22,350,2012,0
119,3,22,350,2013,0
119,3,22,350,2014,0
119,3,22,350,2015,0
119,3,22,350,2016,0
119,3,27,350,1990,0
119,3,27,350,1991,0
119,3,27,350,1992,0
119,3,27,350,1993,0
119,3,27,350,1994,0
119,3,27,350,1995,0
119,3,27,350,1996,0
119,3,27,350,1997,0
119,3,27,350,1998,0
119,3,27,350,1999,0
119,3,27,350,2000,0
119,3,27,350,2001,0
119,3,27,350,2002,0
119,3,27,350,2003,0
119,3,27,350,2004,0
119,3,27,350,2005,0
119,3,27,350,2006,0
119,3,27,350,2007,0
119,3,27,350,2008,0
119,3,27,350,2009,0
119,3,27,350,2010,0
119,3,27,350,2011,0
119,3,27,350,2012,0
119,3,27,350,2013,0
119,3,27,350,2014,0
119,3,27,350,2015,0
119,3,27,350,2016,0
121,1,22,350,1990,0
121,1,22,350,1991,0
121,1,22,350,1992,0
121,1,22,350,1993,0
121,1,22,350,1994,0
121,1,22,350,1995,0
121,1,22,350,1996,0
121,1,22,350,1997,0
121,1,22,350,1998,0
121,1,22,350,1999,0
121,1,22,350,2000,0
121,1,22,350,2001,0
121,1,22,350,2002,0
121,1,22,350,2003,0
121,1,22,350,2004,0
121,1,22,350,2005,0
121,1,22,350,2006,0
121,1,22,350,2007,0
121,1,22,350,2008,0
121,1,22,350,2009,0
121,1,22,350,2010,0
121,1,22,350,2011,0
121,1,22,350,2012,0
121,1,22,350,2013,0
121,1,22,350,2014,0
121,1,22,350,2015,0
121,1,22,350,2016,0
121,1,27,350,1990,0
121,1,27,350,1991,0
121,1,27,350,1992,0
121,1,27,350,1993,0
121,1,27,350,1994,0
121,1,27,350,1995,0
121,1,27,350,1996,0
121,1,27,350,1997,0
121,1,27,350,1998,0
121,1,27,350,1999,0
121,1,27,350,2000,0
121,1,27,350,2001,0
121,1,27,350,2002,0
121,1,27,350,2003,0
121,1,27,350,2004,0
121,1,27,350,2005,0
121,1,27,350,2006,0
121,1,27,350,2007,0
121,1,27,350,2008,0
121,1,27,350,2009,0
121,1,27,350,2010,0
121,1,27,350,2011,0
121,1,27,350,2012,0
121,1,27,350,2013,0
121,1,27,350,2014,0
121,1,27,350,2015,0
121,1,27,350,2016,0
121,2,22,350,1990,0
121,2,22,350,1991,0
121,2,22,350,1992,0
121,2,22,350,1993,0
121,2,22,350,1994,0
121,2,22,350,1995,0
121,2,22,350,1996,0
121,2,22,350,1997,0
121,2,22,350,1998,0
121,2,22,350,1999,0
121,2,22,350,2000,0
121,2,22,350,2001,0
121,2,22,350,2002,0
121,2,22,350,2003,0
121,2,22,350,2004,0
121,2,22,350,2005,0
121,2,22,350,2006,0
121,2,22,350,2007,0
121,2,22,350,2008,0
121,2,22,350,2009,0
121,2,22,350,2010,0
121,2,22,350,2011,0
121,2,22,350,2012,0
121,2,22,350,2013,0
121,2,22,350,2014,0
121,2,22,350,2015,0
121,2,22,350,2016,0
121,2,27,350,1990,0
121,2,27,350,1991,0
121,2,27,350,1992,0
121,2,27,350,1993,0
121,2,27,350,1994,0
121,2,27,350,1995,0
121,2,27,350,1996,0
121,2,27,350,1997,0
121,2,27,350,1998,0
121,2,27,350,1999,0
121,2,27,350,2000,0
121,2,27,350,2001,0
121,2,27,350,2002,0
121,2,27,350,2003,0
121,2,27,350,2004,0
121,2,27,350,2005,0
121,2,27,350,2006,0
121,2,27,350,2007,0
121,2,27,350,2008,0
121,2,27,350,2009,0
121,2,27,350,2010,0
121,2,27,350,2011,0
121,2,27,350,2012,0
121,2,27,350,2013,0
121,2,27,350,2014,0
121,2,27,350,2015,0
121,2,27,350,2016,0
121,3,22,350,1990,0
121,3,22,350,1991,0
121,3,22,350,1992,0
121,3,22,350,1993,0
121,3,22,350,1994,0
121,3,22,350,1995,0
121,3,22,350,1996,0
121,3,22,350,1997,0
121,3,22,350,1998,0
121,3,22,350,1999,0
121,3,22,350,2000,0
121,3,22,350,2001,0
121,3,22,350,2002,0
121,3,22,350,2003,0
121,3,22,350,2004,0
121,3,22,350,2005,0
121,3,22,350,2006,0
121,3,22,350,2007,0
121,3,22,350,2008,0
121,3,22,350,2009,0
121,3,22,350,2010,0
121,3,22,350,2011,0
121,3,22,350,2012,0
121,3,22,350,2013,0
121,3,22,350,2014,0
121,3,22,350,2015,0
121,3,22,350,2016,0
121,3,27,350,1990,0
121,3,27,350,1991,0
121,3,27,350,1992,0
121,3,27,350,1993,0
121,3,27,350,1994,0
121,3,27,350,1995,0
121,3,27,350,1996,0
121,3,27,350,1997,0
121,3,27,350,1998,0
121,3,27,350,1999,0
121,3,27,350,2000,0
121,3,27,350,2001,0
121,3,27,350,2002,0
121,3,27,350,2003,0
121,3,27,350,2004,0
121,3,27,350,2005,0
121,3,27,350,2006,0
121,3,27,350,2007,0
121,3,27,350,2008,0
121,3,27,350,2009,0
121,3,27,350,2010,0
121,3,27,350,2011,0
121,3,27,350,2012,0
121,3,27,350,2013,0
121,3,27,350,2014,0
121,3,27,350,2015,0
121,3,27,350,2016,0
122,1,22,350,1990,0
122,1,22,350,1991,0
122,1,22,350,1992,0
122,1,22,350,1993,0
122,1,22,350,1994,0
122,1,22,350,1995,0
122,1,22,350,1996,0
122,1,22,350,1997,0
122,1,22,350,1998,0
122,1,22,350,1999,0
122,1,22,350,2000,0
122,1,22,350,2001,0
122,1,22,350,2002,0
122,1,22,350,2003,0
122,1,22,350,2004,0
122,1,22,350,2005,0
122,1,22,350,2006,0
122,1,22,350,2007,0
122,1,22,350,2008,0
122,1,22,350,2009,0
122,1,22,350,2010,0
122,1,22,350,2011,0
122,1,22,350,2012,0
122,1,22,350,2013,0
122,1,22,350,2014,0
122,1,22,350,2015,0
122,1,22,350,2016,0
122,1,27,350,1990,0
122,1,27,350,1991,0
122,1,27,350,1992,0
122,1,27,350,1993,0
122,1,27,350,1994,0
122,1,27,350,1995,0
122,1,27,350,1996,0
122,1,27,350,1997,0
122,1,27,350,1998,0
122,1,27,350,1999,0
122,1,27,350,2000,0
122,1,27,350,2001,0
122,1,27,350,2002,0
122,1,27,350,2003,0
122,1,27,350,2004,0
122,1,27,350,2005,0
122,1,27,350,2006,0
122,1,27,350,2007,0
122,1,27,350,2008,0
122,1,27,350,2009,0
122,1,27,350,2010,0
122,1,27,350,2011,0
122,1,27,350,2012,0
122,1,27,350,2013,0
122,1,27,350,2014,0
122,1,27,350,2015,0
122,1,27,350,2016,0
122,2,22,350,1990,0
122,2,22,350,1991,0
122,2,22,350,1992,0
122,2,22,350,1993,0
122,2,22,350,1994,0
122,2,22,350,1995,0
122,2,22,350,1996,0
122,2,22,350,1997,0
122,2,22,350,1998,0
122,2,22,350,1999,0
122,2,22,350,2000,0
122,2,22,350,2001,0
122,2,22,350,2002,0
122,2,22,350,2003,0
122,2,22,350,2004,0
122,2,22,350,2005,0
122,2,22,350,2006,0
122,2,22,350,2007,0
122,2,22,350,2008,0
122,2,22,350,2009,0
122,2,22,350,2010,0
122,2,22,350,2011,0
122,2,22,350,2012,0
122,2,22,350,2013,0
122,2,22,350,2014,0
122,2,22,350,2015,0
122,2,22,350,2016,0
122,2,27,350,1990,0
122,2,27,350,1991,0
122,2,27,350,1992,0
122,2,27,350,1993,0
122,2,27,350,1994,0
122,2,27,350,1995,0
122,2,27,350,1996,0
122,2,27,350,1997,0
122,2,27,350,1998,0
122,2,27,350,1999,0
122,2,27,350,2000,0
122,2,27,350,2001,0
122,2,27,350,2002,0
122,2,27,350,2003,0
122,2,27,350,2004,0
122,2,27,350,2005,0
122,2,27,350,2006,0
122,2,27,350,2007,0
122,2,27,350,2008,0
122,2,27,350,2009,0
122,2,27,350,2010,0
122,2,27,350,2011,0
122,2,27,350,2012,0
122,2,27,350,2013,0
122,2,27,350,2014,0
122,2,27,350,2015,0
122,2,27,350,2016,0
122,3,22,350,1990,0
122,3,22,350,1991,0
122,3,22,350,1992,0
122,3,22,350,1993,0
122,3,22,350,1994,0
122,3,22,350,1995,0
122,3,22,350,1996,0
122,3,22,350,1997,0
122,3,22,350,1998,0
122,3,22,350,1999,0
122,3,22,350,2000,0
122,3,22,350,2001,0
122,3,22,350,2002,0
122,3,22,350,2003,0
122,3,22,350,2004,0
122,3,22,350,2005,0
122,3,22,350,2006,0
122,3,22,350,2007,0
122,3,22,350,2008,0
122,3,22,350,2009,0
122,3,22,350,2010,0
122,3,22,350,2011,0
122,3,22,350,2012,0
122,3,22,350,2013,0
122,3,22,350,2014,0
122,3,22,350,2015,0
122,3,22,350,2016,0
122,3,27,350,1990,0
122,3,27,350,1991,0
122,3,27,350,1992,0
122,3,27,350,1993,0
122,3,27,350,1994,0
122,3,27,350,1995,0
122,3,27,350,1996,0
122,3,27,350,1997,0
122,3,27,350,1998,0
122,3,27,350,1999,0
122,3,27,350,2000,0
122,3,27,350,2001,0
122,3,27,350,2002,0
122,3,27,350,2003,0
122,3,27,350,2004,0
122,3,27,350,2005,0
122,3,27,350,2006,0
122,3,27,350,2007,0
122,3,27,350,2008,0
122,3,27,350,2009,0
122,3,27,350,2010,0
122,3,27,350,2011,0
122,3,27,350,2012,0
122,3,27,350,2013,0
122,3,27,350,2014,0
122,3,27,350,2015,0
122,3,27,350,2016,0
123,1,22,350,1990,0
123,1,22,350,1991,0
123,1,22,350,1992,0
123,1,22,350,1993,0
123,1,22,350,1994,0
123,1,22,350,1995,0
123,1,22,350,1996,0
123,1,22,350,1997,0
123,1,22,350,1998,0
123,1,22,350,1999,0
123,1,22,350,2000,0
123,1,22,350,2001,0
123,1,22,350,2002,0
123,1,22,350,2003,0
123,1,22,350,2004,0
123,1,22,350,2005,0
123,1,22,350,2006,0
123,1,22,350,2007,0
123,1,22,350,2008,0
123,1,22,350,2009,0
123,1,22,350,2010,0
123,1,22,350,2011,0
123,1,22,350,2012,0
123,1,22,350,2013,0
123,1,22,350,2014,0
123,1,22,350,2015,0
123,1,22,350,2016,0
123,1,27,350,1990,0
123,1,27,350,1991,0
123,1,27,350,1992,0
123,1,27,350,1993,0
123,1,27,350,1994,0
123,1,27,350,1995,0
123,1,27,350,1996,0
123,1,27,350,1997,0
123,1,27,350,1998,0
123,1,27,350,1999,0
123,1,27,350,2000,0
123,1,27,350,2001,0
123,1,27,350,2002,0
123,1,27,350,2003,0
123,1,27,350,2004,0
123,1,27,350,2005,0
123,1,27,350,2006,0
123,1,27,350,2007,0
123,1,27,350,2008,0
123,1,27,350,2009,0
123,1,27,350,2010,0
123,1,27,350,2011,0
123,1,27,350,2012,0
123,1,27,350,2013,0
123,1,27,350,2014,0
123,1,27,350,2015,0
123,1,27,350,2016,0
123,2,22,350,1990,0
123,2,22,350,1991,0
123,2,22,350,1992,0
123,2,22,350,1993,0
123,2,22,350,1994,0
123,2,22,350,1995,0
123,2,22,350,1996,0
123,2,22,350,1997,0
123,2,22,350,1998,0
123,2,22,350,1999,0
123,2,22,350,2000,0
123,2,22,350,2001,0
123,2,22,350,2002,0
123,2,22,350,2003,0
123,2,22,350,2004,0
123,2,22,350,2005,0
123,2,22,350,2006,0
123,2,22,350,2007,0
123,2,22,350,2008,0
123,2,22,350,2009,0
123,2,22,350,2010,0
123,2,22,350,2011,0
123,2,22,350,2012,0
123,2,22,350,2013,0
123,2,22,350,2014,0
123,2,22,350,2015,0
123,2,22,350,2016,0
123,2,27,350,1990,0
123,2,27,350,1991,0
123,2,27,350,1992,0
123,2,27,350,1993,0
123,2,27,350,1994,0
123,2,27,350,1995,0
123,2,27,350,1996,0
123,2,27,350,1997,0
123,2,27,350,1998,0
123,2,27,350,1999,0
123,2,27,350,2000,0
123,2,27,350,2001,0
123,2,27,350,2002,0
123,2,27,350,2003,0
123,2,27,350,2004,0
123,2,27,350,2005,0
123,2,27,350,2006,0
123,2,27,350,2007,0
123,2,27,350,2008,0
123,2,27,350,2009,0
123,2,27,350,2010,0
123,2,27,350,2011,0
123,2,27,350,2012,0
123,2,27,350,2013,0
123,2,27,350,2014,0
123,2,27,350,2015,0
123,2,27,350,2016,0
123,3,22,350,1990,0
123,3,22,350,1991,0
123,3,22,350,1992,0
123,3,22,350,1993,0
123,3,22,350,1994,0
123,3,22,350,1995,0
123,3,22,350,1996,0
123,3,22,350,1997,0
123,3,22,350,1998,0
123,3,22,350,1999,0
123,3,22,350,2000,0
123,3,22,350,2001,0
123,3,22,350,2002,0
123,3,22,350,2003,0
123,3,22,350,2004,0
123,3,22,350,2005,0
123,3,22,350,2006,0
123,3,22,350,2007,0
123,3,22,350,2008,0
123,3,22,350,2009,0
123,3,22,350,2010,0
123,3,22,350,2011,0
123,3,22,350,2012,0
123,3,22,350,2013,0
123,3,22,350,2014,0
123,3,22,350,2015,0
123,3,22,350,2016,0
123,3,27,350,1990,0
123,3,27,350,1991,0
123,3,27,350,1992,0
123,3,27,350,1993,0
123,3,27,350,1994,0
123,3,27,350,1995,0
123,3,27,350,1996,0
123,3,27,350,1997,0
123,3,27,350,1998,0
123,3,27,350,1999,0
123,3,27,350,2000,0
123,3,27,350,2001,0
123,3,27,350,2002,0
123,3,27,350,2003,0
123,3,27,350,2004,0
123,3,27,350,2005,0
123,3,27,350,2006,0
123,3,27,350,2007,0
123,3,27,350,2008,0
123,3,27,350,2009,0
123,3,27,350,2010,0
123,3,27,350,2011,0
123,3,27,350,2012,0
123,3,27,350,2013,0
123,3,27,350,2014,0
123,3,27,350,2015,0
123,3,27,350,2016,0
125,1,22,350,1990,0
125,1,22,350,1991,0
125,1,22,350,1992,0
125,1,22,350,1993,0
125,1,22,350,1994,0
125,1,22,350,1995,0
125,1,22,350,1996,0
125,1,22,350,1997,0
125,1,22,350,1998,0
125,1,22,350,1999,0
125,1,22,350,2000,0
125,1,22,350,2001,0
125,1,22,350,2002,0
125,1,22,350,2003,0
125,1,22,350,2004,0
125,1,22,350,2005,0
125,1,22,350,2006,0
125,1,22,350,2007,0
125,1,22,350,2008,0
125,1,22,350,2009,0
125,1,22,350,2010,0
125,1,22,350,2011,0
125,1,22,350,2012,0
125,1,22,350,2013,0
125,1,22,350,2014,0
125,1,22,350,2015,0
125,1,22,350,2016,0
125,1,27,350,1990,0
125,1,27,350,1991,0
125,1,27,350,1992,0
125,1,27,350,1993,0
125,1,27,350,1994,0
125,1,27,350,1995,0
125,1,27,350,1996,0
125,1,27,350,1997,0
125,1,27,350,1998,0
125,1,27,350,1999,0
125,1,27,350,2000,0
125,1,27,350,2001,0
125,1,27,350,2002,0
125,1,27,350,2003,0
125,1,27,350,2004,0
125,1,27,350,2005,0
125,1,27,350,2006,0
125,1,27,350,2007,0
125,1,27,350,2008,0
125,1,27,350,2009,0
125,1,27,350,2010,0
125,1,27,350,2011,0
125,1,27,350,2012,0
125,1,27,350,2013,0
125,1,27,350,2014,0
125,1,27,350,2015,0
125,1,27,350,2016,0
125,2,22,350,1990,0
125,2,22,350,1991,0
125,2,22,350,1992,0
125,2,22,350,1993,0
125,2,22,350,1994,0
125,2,22,350,1995,0
125,2,22,350,1996,0
125,2,22,350,1997,0
125,2,22,350,1998,0
125,2,22,350,1999,0
125,2,22,350,2000,0
125,2,22,350,2001,0
125,2,22,350,2002,0
125,2,22,350,2003,0
125,2,22,350,2004,0
125,2,22,350,2005,0
125,2,22,350,2006,0
125,2,22,350,2007,0
125,2,22,350,2008,0
125,2,22,350,2009,0
125,2,22,350,2010,0
125,2,22,350,2011,0
125,2,22,350,2012,0
125,2,22,350,2013,0
125,2,22,350,2014,0
125,2,22,350,2015,0
125,2,22,350,2016,0
125,2,27,350,1990,0
125,2,27,350,1991,0
125,2,27,350,1992,0
125,2,27,350,1993,0
125,2,27,350,1994,0
125,2,27,350,1995,0
125,2,27,350,1996,0
125,2,27,350,1997,0
125,2,27,350,1998,0
125,2,27,350,1999,0
125,2,27,350,2000,0
125,2,27,350,2001,0
125,2,27,350,2002,0
125,2,27,350,2003,0
125,2,27,350,2004,0
125,2,27,350,2005,0
125,2,27,350,2006,0
125,2,27,350,2007,0
125,2,27,350,2008,0
125,2,27,350,2009,0
125,2,27,350,2010,0
125,2,27,350,2011,0
125,2,27,350,2012,0
125,2,27,350,2013,0
125,2,27,350,2014,0
125,2,27,350,2015,0
125,2,27,350,2016,0
125,3,22,350,1990,0
125,3,22,350,1991,0
125,3,22,350,1992,0
125,3,22,350,1993,0
125,3,22,350,1994,0
125,3,22,350,1995,0
125,3,22,350,1996,0
125,3,22,350,1997,0
125,3,22,350,1998,0
125,3,22,350,1999,0
125,3,22,350,2000,0
125,3,22,350,2001,0
125,3,22,350,2002,0
125,3,22,350,2003,0
125,3,22,350,2004,0
125,3,22,350,2005,0
125,3,22,350,2006,0
125,3,22,350,2007,0
125,3,22,350,2008,0
125,3,22,350,2009,0
125,3,22,350,2010,0
125,3,22,350,2011,0
125,3,22,350,2012,0
125,3,22,350,2013,0
125,3,22,350,2014,0
125,3,22,350,2015,0
125,3,22,350,2016,0
125,3,27,350,1990,0
125,3,27,350,1991,0
125,3,27,350,1992,0
125,3,27,350,1993,0
125,3,27,350,1994,0
125,3,27,350,1995,0
125,3,27,350,1996,0
125,3,27,350,1997,0
125,3,27,350,1998,0
125,3,27,350,1999,0
125,3,27,350,2000,0
125,3,27,350,2001,0
125,3,27,350,2002,0
125,3,27,350,2003,0
125,3,27,350,2004,0
125,3,27,350,2005,0
125,3,27,350,2006,0
125,3,27,350,2007,0
125,3,27,350,2008,0
125,3,27,350,2009,0
125,3,27,350,2010,0
125,3,27,350,2011,0
125,3,27,350,2012,0
125,3,27,350,2013,0
125,3,27,350,2014,0
125,3,27,350,2015,0
125,3,27,350,2016,0
126,1,22,350,1990,0
126,1,22,350,1991,0
126,1,22,350,1992,0
126,1,22,350,1993,0
126,1,22,350,1994,0
126,1,22,350,1995,0
126,1,22,350,1996,0
126,1,22,350,1997,0
126,1,22,350,1998,0
126,1,22,350,1999,0
126,1,22,350,2000,0
126,1,22,350,2001,0
126,1,22,350,2002,0
126,1,22,350,2003,0
126,1,22,350,2004,0
126,1,22,350,2005,0
126,1,22,350,2006,0
126,1,22,350,2007,0
126,1,22,350,2008,0
126,1,22,350,2009,0
126,1,22,350,2010,0
126,1,22,350,2011,0
126,1,22,350,2012,0
126,1,22,350,2013,0
126,1,22,350,2014,0
126,1,22,350,2015,0
126,1,22,350,2016,0
126,1,27,350,1990,0
126,1,27,350,1991,0
126,1,27,350,1992,0
126,1,27,350,1993,0
126,1,27,350,1994,0
126,1,27,350,1995,0
126,1,27,350,1996,0
126,1,27,350,1997,0
126,1,27,350,1998,0
126,1,27,350,1999,0
126,1,27,350,2000,0
126,1,27,350,2001,0
126,1,27,350,2002,0
126,1,27,350,2003,0
126,1,27,350,2004,0
126,1,27,350,2005,0
126,1,27,350,2006,0
126,1,27,350,2007,0
126,1,27,350,2008,0
126,1,27,350,2009,0
126,1,27,350,2010,0
126,1,27,350,2011,0
126,1,27,350,2012,0
126,1,27,350,2013,0
126,1,27,350,2014,0
126,1,27,350,2015,0
126,1,27,350,2016,0
126,2,22,350,1990,0
126,2,22,350,1991,0
126,2,22,350,1992,0
126,2,22,350,1993,0
126,2,22,350,1994,0
126,2,22,350,1995,0
126,2,22,350,1996,0
126,2,22,350,1997,0
126,2,22,350,1998,0
126,2,22,350,1999,0
126,2,22,350,2000,0
126,2,22,350,2001,0
126,2,22,350,2002,0
126,2,22,350,2003,0
126,2,22,350,2004,0
126,2,22,350,2005,0
126,2,22,350,2006,0
126,2,22,350,2007,0
126,2,22,350,2008,0
126,2,22,350,2009,0
126,2,22,350,2010,0
126,2,22,350,2011,0
126,2,22,350,2012,0
126,2,22,350,2013,0
126,2,22,350,2014,0
126,2,22,350,2015,0
126,2,22,350,2016,0
126,2,27,350,1990,0
126,2,27,350,1991,0
126,2,27,350,1992,0
126,2,27,350,1993,0
126,2,27,350,1994,0
126,2,27,350,1995,0
126,2,27,350,1996,0
126,2,27,350,1997,0
126,2,27,350,1998,0
126,2,27,350,1999,0
126,2,27,350,2000,0
126,2,27,350,2001,0
126,2,27,350,2002,0
126,2,27,350,2003,0
126,2,27,350,2004,0
126,2,27,350,2005,0
126,2,27,350,2006,0
126,2,27,350,2007,0
126,2,27,350,2008,0
126,2,27,350,2009,0
126,2,27,350,2010,0
126,2,27,350,2011,0
126,2,27,350,2012,0
126,2,27,350,2013,0
126,2,27,350,2014,0
126,2,27,350,2015,0
126,2,27,350,2016,0
126,3,22,350,1990,0
126,3,22,350,1991,0
126,3,22,350,1992,0
126,3,22,350,1993,0
126,3,22,350,1994,0
126,3,22,350,1995,0
126,3,22,350,1996,0
126,3,22,350,1997,0
126,3,22,350,1998,0
126,3,22,350,1999,0
126,3,22,350,2000,0
126,3,22,350,2001,0
126,3,22,350,2002,0
126,3,22,350,2003,0
126,3,22,350,2004,0
126,3,22,350,2005,0
126,3,22,350,2006,0
126,3,22,350,2007,0
126,3,22,350,2008,0
126,3,22,350,2009,0
126,3,22,350,2010,0
126,3,22,350,2011,0
126,3,22,350,2012,0
126,3,22,350,2013,0
126,3,22,350,2014,0
126,3,22,350,2015,0
126,3,22,350,2016,0
126,3,27,350,1990,0
126,3,27,350,1991,0
126,3,27,350,1992,0
126,3,27,350,1993,0
126,3,27,350,1994,0
126,3,27,350,1995,0
126,3,27,350,1996,0
126,3,27,350,1997,0
126,3,27,350,1998,0
126,3,27,350,1999,0
126,3,27,350,2000,0
126,3,27,350,2001,0
126,3,27,350,2002,0
126,3,27,350,2003,0
126,3,27,350,2004,0
126,3,27,350,2005,0
126,3,27,350,2006,0
126,3,27,350,2007,0
126,3,27,350,2008,0
126,3,27,350,2009,0
126,3,27,350,2010,0
126,3,27,350,2011,0
126,3,27,350,2012,0
126,3,27,350,2013,0
126,3,27,350,2014,0
126,3,27,350,2015,0
126,3,27,350,2016,0
127,1,22,350,1990,0
127,1,22,350,1991,0
127,1,22,350,1992,0
127,1,22,350,1993,0
127,1,22,350,1994,0
127,1,22,350,1995,0
127,1,22,350,1996,0
127,1,22,350,1997,0
127,1,22,350,1998,0
127,1,22,350,1999,0
127,1,22,350,2000,0
127,1,22,350,2001,0
127,1,22,350,2002,0
127,1,22,350,2003,0
127,1,22,350,2004,0
127,1,22,350,2005,0
127,1,22,350,2006,0
127,1,22,350,2007,0
127,1,22,350,2008,0
127,1,22,350,2009,0
127,1,22,350,2010,0
127,1,22,350,2011,0
127,1,22,350,2012,0
127,1,22,350,2013,0
127,1,22,350,2014,0
127,1,22,350,2015,0
127,1,22,350,2016,0
127,1,27,350,1990,0
127,1,27,350,1991,0
127,1,27,350,1992,0
127,1,27,350,1993,0
127,1,27,350,1994,0
127,1,27,350,1995,0
127,1,27,350,1996,0
127,1,27,350,1997,0
127,1,27,350,1998,0
127,1,27,350,1999,0
127,1,27,350,2000,0
127,1,27,350,2001,0
127,1,27,350,2002,0
127,1,27,350,2003,0
127,1,27,350,2004,0
127,1,27,350,2005,0
127,1,27,350,2006,0
127,1,27,350,2007,0
127,1,27,350,2008,0
127,1,27,350,2009,0
127,1,27,350,2010,0
127,1,27,350,2011,0
127,1,27,350,2012,0
127,1,27,350,2013,0
127,1,27,350,2014,0
127,1,27,350,2015,0
127,1,27,350,2016,0
127,2,22,350,1990,0
127,2,22,350,1991,0
127,2,22,350,1992,0
127,2,22,350,1993,0
127,2,22,350,1994,0
127,2,22,350,1995,0
127,2,22,350,1996,0
127,2,22,350,1997,0
127,2,22,350,1998,0
127,2,22,350,1999,0
127,2,22,350,2000,0
127,2,22,350,2001,0
127,2,22,350,2002,0
127,2,22,350,2003,0
127,2,22,350,2004,0
127,2,22,350,2005,0
127,2,22,350,2006,0
127,2,22,350,2007,0
127,2,22,350,2008,0
127,2,22,350,2009,0
127,2,22,350,2010,0
127,2,22,350,2011,0
127,2,22,350,2012,0
127,2,22,350,2013,0
127,2,22,350,2014,0
127,2,22,350,2015,0
127,2,22,350,2016,0
127,2,27,350,1990,0
127,2,27,350,1991,0
127,2,27,350,1992,0
127,2,27,350,1993,0
127,2,27,350,1994,0
127,2,27,350,1995,0
127,2,27,350,1996,0
127,2,27,350,1997,0
127,2,27,350,1998,0
127,2,27,350,1999,0
127,2,27,350,2000,0
127,2,27,350,2001,0
127,2,27,350,2002,0
127,2,27,350,2003,0
127,2,27,350,2004,0
127,2,27,350,2005,0
127,2,27,350,2006,0
127,2,27,350,2007,0
127,2,27,350,2008,0
127,2,27,350,2009,0
127,2,27,350,2010,0
127,2,27,350,2011,0
127,2,27,350,2012,0
127,2,27,350,2013,0
127,2,27,350,2014,0
127,2,27,350,2015,0
127,2,27,350,2016,0
127,3,22,350,1990,0
127,3,22,350,1991,0
127,3,22,350,1992,0
127,3,22,350,1993,0
127,3,22,350,1994,0
127,3,22,350,1995,0
127,3,22,350,1996,0
127,3,22,350,1997,0
127,3,22,350,1998,0
127,3,22,350,1999,0
127,3,22,350,2000,0
127,3,22,350,2001,0
127,3,22,350,2002,0
127,3,22,350,2003,0
127,3,22,350,2004,0
127,3,22,350,2005,0
127,3,22,350,2006,0
127,3,22,350,2007,0
127,3,22,350,2008,0
127,3,22,350,2009,0
127,3,22,350,2010,0
127,3,22,350,2011,0
127,3,22,350,2012,0
127,3,22,350,2013,0
127,3,22,350,2014,0
127,3,22,350,2015,0
127,3,22,350,2016,0
127,3,27,350,1990,0
127,3,27,350,1991,0
127,3,27,350,1992,0
127,3,27,350,1993,0
127,3,27,350,1994,0
127,3,27,350,1995,0
127,3,27,350,1996,0
127,3,27,350,1997,0
127,3,27,350,1998,0
127,3,27,350,1999,0
127,3,27,350,2000,0
127,3,27,350,2001,0
127,3,27,350,2002,0
127,3,27,350,2003,0
127,3,27,350,2004,0
127,3,27,350,2005,0
127,3,27,350,2006,0
127,3,27,350,2007,0
127,3,27,350,2008,0
127,3,27,350,2009,0
127,3,27,350,2010,0
127,3,27,350,2011,0
127,3,27,350,2012,0
127,3,27,350,2013,0
127,3,27,350,2014,0
127,3,27,350,2015,0
127,3,27,350,2016,0
128,1,22,350,1990,0
128,1,22,350,1991,0
128,1,22,350,1992,0
128,1,22,350,1993,0
128,1,22,350,1994,0
128,1,22,350,1995,0
128,1,22,350,1996,0
128,1,22,350,1997,0
128,1,22,350,1998,0
128,1,22,350,1999,0
128,1,22,350,2000,0
128,1,22,350,2001,0
128,1,22,350,2002,0
128,1,22,350,2003,0
128,1,22,350,2004,0
128,1,22,350,2005,0
128,1,22,350,2006,0
128,1,22,350,2007,0
128,1,22,350,2008,0
128,1,22,350,2009,0
128,1,22,350,2010,0
128,1,22,350,2011,0
128,1,22,350,2012,0
128,1,22,350,2013,0
128,1,22,350,2014,0
128,1,22,350,2015,0
128,1,22,350,2016,0
128,1,27,350,1990,0
128,1,27,350,1991,0
128,1,27,350,1992,0
128,1,27,350,1993,0
128,1,27,350,1994,0
128,1,27,350,1995,0
128,1,27,350,1996,0
128,1,27,350,1997,0
128,1,27,350,1998,0
128,1,27,350,1999,0
128,1,27,350,2000,0
128,1,27,350,2001,0
128,1,27,350,2002,0
128,1,27,350,2003,0
128,1,27,350,2004,0
128,1,27,350,2005,0
128,1,27,350,2006,0
128,1,27,350,2007,0
128,1,27,350,2008,0
128,1,27,350,2009,0
128,1,27,350,2010,0
128,1,27,350,2011,0
128,1,27,350,2012,0
128,1,27,350,2013,0
128,1,27,350,2014,0
128,1,27,350,2015,0
128,1,27,350,2016,0
128,2,22,350,1990,0
128,2,22,350,1991,0
128,2,22,350,1992,0
128,2,22,350,1993,0
128,2,22,350,1994,0
128,2,22,350,1995,0
128,2,22,350,1996,0
128,2,22,350,1997,0
128,2,22,350,1998,0
128,2,22,350,1999,0
128,2,22,350,2000,0
128,2,22,350,2001,0
128,2,22,350,2002,0
128,2,22,350,2003,0
128,2,22,350,2004,0
128,2,22,350,2005,0
128,2,22,350,2006,0
128,2,22,350,2007,0
128,2,22,350,2008,0
128,2,22,350,2009,0
128,2,22,350,2010,0
128,2,22,350,2011,0
128,2,22,350,2012,0
128,2,22,350,2013,0
128,2,22,350,2014,0
128,2,22,350,2015,0
128,2,22,350,2016,0
128,2,27,350,1990,0
128,2,27,350,1991,0
128,2,27,350,1992,0
128,2,27,350,1993,0
128,2,27,350,1994,0
128,2,27,350,1995,0
128,2,27,350,1996,0
128,2,27,350,1997,0
128,2,27,350,1998,0
128,2,27,350,1999,0
128,2,27,350,2000,0
128,2,27,350,2001,0
128,2,27,350,2002,0
128,2,27,350,2003,0
128,2,27,350,2004,0
128,2,27,350,2005,0
128,2,27,350,2006,0
128,2,27,350,2007,0
128,2,27,350,2008,0
128,2,27,350,2009,0
128,2,27,350,2010,0
128,2,27,350,2011,0
128,2,27,350,2012,0
128,2,27,350,2013,0
128,2,27,350,2014,0
128,2,27,350,2015,0
128,2,27,350,2016,0
128,3,22,350,1990,0
128,3,22,350,1991,0
128,3,22,350,1992,0
128,3,22,350,1993,0
128,3,22,350,1994,0
128,3,22,350,1995,0
128,3,22,350,1996,0
128,3,22,350,1997,0
128,3,22,350,1998,0
128,3,22,350,1999,0
128,3,22,350,2000,0
128,3,22,350,2001,0
128,3,22,350,2002,0
128,3,22,350,2003,0
128,3,22,350,2004,0
128,3,22,350,2005,0
128,3,22,350,2006,0
128,3,22,350,2007,0
128,3,22,350,2008,0
128,3,22,350,2009,0
128,3,22,350,2010,0
128,3,22,350,2011,0
128,3,22,350,2012,0
128,3,22,350,2013,0
128,3,22,350,2014,0
128,3,22,350,2015,0
128,3,22,350,2016,0
128,3,27,350,1990,0
128,3,27,350,1991,0
128,3,27,350,1992,0
128,3,27,350,1993,0
128,3,27,350,1994,0
128,3,27,350,1995,0
128,3,27,350,1996,0
128,3,27,350,1997,0
128,3,27,350,1998,0
128,3,27,350,1999,0
128,3,27,350,2000,0
128,3,27,350,2001,0
128,3,27,350,2002,0
128,3,27,350,2003,0
128,3,27,350,2004,0
128,3,27,350,2005,0
128,3,27,350,2006,0
128,3,27,350,2007,0
128,3,27,350,2008,0
128,3,27,350,2009,0
128,3,27,350,2010,0
128,3,27,350,2011,0
128,3,27,350,2012,0
128,3,27,350,2013,0
128,3,27,350,2014,0
128,3,27,350,2015,0
128,3,27,350,2016,0
129,1,22,350,1990,0
129,1,22,350,1991,0
129,1,22,350,1992,0
129,1,22,350,1993,0
129,1,22,350,1994,0
129,1,22,350,1995,0
129,1,22,350,1996,0
129,1,22,350,1997,0
129,1,22,350,1998,0
129,1,22,350,1999,0
129,1,22,350,2000,0
129,1,22,350,2001,0
129,1,22,350,2002,0
129,1,22,350,2003,0
129,1,22,350,2004,0
129,1,22,350,2005,0
129,1,22,350,2006,0
129,1,22,350,2007,0
129,1,22,350,2008,0
129,1,22,350,2009,0
129,1,22,350,2010,0
129,1,22,350,2011,0
129,1,22,350,2012,0
129,1,22,350,2013,0
129,1,22,350,2014,0
129,1,22,350,2015,0
129,1,22,350,2016,0
129,1,27,350,1990,0
129,1,27,350,1991,0
129,1,27,350,1992,0
129,1,27,350,1993,0
129,1,27,350,1994,0
129,1,27,350,1995,0
129,1,27,350,1996,0
129,1,27,350,1997,0
129,1,27,350,1998,0
129,1,27,350,1999,0
129,1,27,350,2000,0
129,1,27,350,2001,0
129,1,27,350,2002,0
129,1,27,350,2003,0
129,1,27,350,2004,0
129,1,27,350,2005,0
129,1,27,350,2006,0
129,1,27,350,2007,0
129,1,27,350,2008,0
129,1,27,350,2009,0
129,1,27,350,2010,0
129,1,27,350,2011,0
129,1,27,350,2012,0
129,1,27,350,2013,0
129,1,27,350,2014,0
129,1,27,350,2015,0
129,1,27,350,2016,0
129,2,22,350,1990,0
129,2,22,350,1991,0
129,2,22,350,1992,0
129,2,22,350,1993,0
129,2,22,350,1994,0
129,2,22,350,1995,0
129,2,22,350,1996,0
129,2,22,350,1997,0
129,2,22,350,1998,0
129,2,22,350,1999,0
129,2,22,350,2000,0
129,2,22,350,2001,0
129,2,22,350,2002,0
129,2,22,350,2003,0
129,2,22,350,2004,0
129,2,22,350,2005,0
129,2,22,350,2006,0
129,2,22,350,2007,0
129,2,22,350,2008,0
129,2,22,350,2009,0
129,2,22,350,2010,0
129,2,22,350,2011,0
129,2,22,350,2012,0
129,2,22,350,2013,0
129,2,22,350,2014,0
129,2,22,350,2015,0
129,2,22,350,2016,0
129,2,27,350,1990,0
129,2,27,350,1991,0
129,2,27,350,1992,0
129,2,27,350,1993,0
129,2,27,350,1994,0
129,2,27,350,1995,0
129,2,27,350,1996,0
129,2,27,350,1997,0
129,2,27,350,1998,0
129,2,27,350,1999,0
129,2,27,350,2000,0
129,2,27,350,2001,0
129,2,27,350,2002,0
129,2,27,350,2003,0
129,2,27,350,2004,0
129,2,27,350,2005,0
129,2,27,350,2006,0
129,2,27,350,2007,0
129,2,27,350,2008,0
129,2,27,350,2009,0
129,2,27,350,2010,0
129,2,27,350,2011,0
129,2,27,350,2012,0
129,2,27,350,2013,0
129,2,27,350,2014,0
129,2,27,350,2015,0
129,2,27,350,2016,0
129,3,22,350,1990,0
129,3,22,350,1991,0
129,3,22,350,1992,0
129,3,22,350,1993,0
129,3,22,350,1994,0
129,3,22,350,1995,0
129,3,22,350,1996,0
129,3,22,350,1997,0
129,3,22,350,1998,0
129,3,22,350,1999,0
129,3,22,350,2000,0
129,3,22,350,2001,0
129,3,22,350,2002,0
129,3,22,350,2003,0
129,3,22,350,2004,0
129,3,22,350,2005,0
129,3,22,350,2006,0
129,3,22,350,2007,0
129,3,22,350,2008,0
129,3,22,350,2009,0
129,3,22,350,2010,0
129,3,22,350,2011,0
129,3,22,350,2012,0
129,3,22,350,2013,0
129,3,22,350,2014,0
129,3,22,350,2015,0
129,3,22,350,2016,0
129,3,27,350,1990,0
129,3,27,350,1991,0
129,3,27,350,1992,0
129,3,27,350,1993,0
129,3,27,350,1994,0
129,3,27,350,1995,0
129,3,27,350,1996,0
129,3,27,350,1997,0
129,3,27,350,1998,0
129,3,27,350,1999,0
129,3,27,350,2000,0
129,3,27,350,2001,0
129,3,27,350,2002,0
129,3,27,350,2003,0
129,3,27,350,2004,0
129,3,27,350,2005,0
129,3,27,350,2006,0
129,3,27,350,2007,0
129,3,27,350,2008,0
129,3,27,350,2009,0
129,3,27,350,2010,0
129,3,27,350,2011,0
129,3,27,350,2012,0
129,3,27,350,2013,0
129,3,27,350,2014,0
129,3,27,350,2015,0
129,3,27,350,2016,0
130,1,22,350,1990,0
130,1,22,350,1991,0
130,1,22,350,1992,0
130,1,22,350,1993,0
130,1,22,350,1994,0
130,1,22,350,1995,0
130,1,22,350,1996,0
130,1,22,350,1997,0
130,1,22,350,1998,0
130,1,22,350,1999,0
130,1,22,350,2000,0
130,1,22,350,2001,0
130,1,22,350,2002,0
130,1,22,350,2003,0
130,1,22,350,2004,0
130,1,22,350,2005,0
130,1,22,350,2006,0
130,1,22,350,2007,0
130,1,22,350,2008,0
130,1,22,350,2009,0
130,1,22,350,2010,0
130,1,22,350,2011,0
130,1,22,350,2012,0
130,1,22,350,2013,0
130,1,22,350,2014,0
130,1,22,350,2015,0
130,1,22,350,2016,0
130,1,27,350,1990,0
130,1,27,350,1991,0
130,1,27,350,1992,0
130,1,27,350,1993,0
130,1,27,350,1994,0
130,1,27,350,1995,0
130,1,27,350,1996,0
130,1,27,350,1997,0
130,1,27,350,1998,0
130,1,27,350,1999,0
130,1,27,350,2000,0
130,1,27,350,2001,0
130,1,27,350,2002,0
130,1,27,350,2003,0
130,1,27,350,2004,0
130,1,27,350,2005,0
130,1,27,350,2006,0
130,1,27,350,2007,0
130,1,27,350,2008,0
130,1,27,350,2009,0
130,1,27,350,2010,0
130,1,27,350,2011,0
130,1,27,350,2012,0
130,1,27,350,2013,0
130,1,27,350,2014,0
130,1,27,350,2015,0
130,1,27,350,2016,0
130,2,22,350,1990,0
130,2,22,350,1991,0
130,2,22,350,1992,0
130,2,22,350,1993,0
130,2,22,350,1994,0
130,2,22,350,1995,0
130,2,22,350,1996,0
130,2,22,350,1997,0
130,2,22,350,1998,0
130,2,22,350,1999,0
130,2,22,350,2000,0
130,2,22,350,2001,0
130,2,22,350,2002,0
130,2,22,350,2003,0
130,2,22,350,2004,0
130,2,22,350,2005,0
130,2,22,350,2006,0
130,2,22,350,2007,0
130,2,22,350,2008,0
130,2,22,350,2009,0
130,2,22,350,2010,0
130,2,22,350,2011,0
130,2,22,350,2012,0
130,2,22,350,2013,0
130,2,22,350,2014,0
130,2,22,350,2015,0
130,2,22,350,2016,0
130,2,27,350,1990,0
130,2,27,350,1991,0
130,2,27,350,1992,0
130,2,27,350,1993,0
130,2,27,350,1994,0
130,2,27,350,1995,0
130,2,27,350,1996,0
130,2,27,350,1997,0
130,2,27,350,1998,0
130,2,27,350,1999,0
130,2,27,350,2000,0
130,2,27,350,2001,0
130,2,27,350,2002,0
130,2,27,350,2003,0
130,2,27,350,2004,0
130,2,27,350,2005,0
130,2,27,350,2006,0
130,2,27,350,2007,0
130,2,27,350,2008,0
130,2,27,350,2009,0
130,2,27,350,2010,0
130,2,27,350,2011,0
130,2,27,350,2012,0
130,2,27,350,2013,0
130,2,27,350,2014,0
130,2,27,350,2015,0
130,2,27,350,2016,0
130,3,22,350,1990,0
130,3,22,350,1991,0
130,3,22,350,1992,0
130,3,22,350,1993,0
130,3,22,350,1994,0
130,3,22,350,1995,0
130,3,22,350,1996,0
130,3,22,350,1997,0
130,3,22,350,1998,0
130,3,22,350,1999,0
130,3,22,350,2000,0
130,3,22,350,2001,0
130,3,22,350,2002,0
130,3,22,350,2003,0
130,3,22,350,2004,0
130,3,22,350,2005,0
130,3,22,350,2006,0
130,3,22,350,2007,0
130,3,22,350,2008,0
130,3,22,350,2009,0
130,3,22,350,2010,0
130,3,22,350,2011,0
130,3,22,350,2012,0
130,3,22,350,2013,0
130,3,22,350,2014,0
130,3,22,350,2015,0
130,3,22,350,2016,0
130,3,27,350,1990,0
130,3,27,350,1991,0
130,3,27,350,1992,0
130,3,27,350,1993,0
130,3,27,350,1994,0
130,3,27,350,1995,0
130,3,27,350,1996,0
130,3,27,350,1997,0
130,3,27,350,1998,0
130,3,27,350,1999,0
130,3,27,350,2000,0
130,3,27,350,2001,0
130,3,27,350,2002,0
130,3,27,350,2003,0
130,3,27,350,2004,0
130,3,27,350,2005,0
130,3,27,350,2006,0
130,3,27,350,2007,0
130,3,27,350,2008,0
130,3,27,350,2009,0
130,3,27,350,2010,0
130,3,27,350,2011,0
130,3,27,350,2012,0
130,3,27,350,2013,0
130,3,27,350,2014,0
130,3,27,350,2015,0
130,3,27,350,2016,0
131,1,22,350,1990,0
131,1,22,350,1991,0
131,1,22,350,1992,0
131,1,22,350,1993,0
131,1,22,350,1994,0
131,1,22,350,1995,0
131,1,22,350,1996,0
131,1,22,350,1997,0
131,1,22,350,1998,0
131,1,22,350,1999,0
131,1,22,350,2000,0
131,1,22,350,2001,0
131,1,22,350,2002,0
131,1,22,350,2003,0
131,1,22,350,2004,0
131,1,22,350,2005,0
131,1,22,350,2006,0
131,1,22,350,2007,0
131,1,22,350,2008,0
131,1,22,350,2009,0
131,1,22,350,2010,0
131,1,22,350,2011,0
131,1,22,350,2012,0
131,1,22,350,2013,0
131,1,22,350,2014,0
131,1,22,350,2015,0
131,1,22,350,2016,0
131,1,27,350,1990,0
131,1,27,350,1991,0
131,1,27,350,1992,0
131,1,27,350,1993,0
131,1,27,350,1994,0
131,1,27,350,1995,0
131,1,27,350,1996,0
131,1,27,350,1997,0
131,1,27,350,1998,0
131,1,27,350,1999,0
131,1,27,350,2000,0
131,1,27,350,2001,0
131,1,27,350,2002,0
131,1,27,350,2003,0
131,1,27,350,2004,0
131,1,27,350,2005,0
131,1,27,350,2006,0
131,1,27,350,2007,0
131,1,27,350,2008,0
131,1,27,350,2009,0
131,1,27,350,2010,0
131,1,27,350,2011,0
131,1,27,350,2012,0
131,1,27,350,2013,0
131,1,27,350,2014,0
131,1,27,350,2015,0
131,1,27,350,2016,0
131,2,22,350,1990,0
131,2,22,350,1991,0
131,2,22,350,1992,0
131,2,22,350,1993,0
131,2,22,350,1994,0
131,2,22,350,1995,0
131,2,22,350,1996,0
131,2,22,350,1997,0
131,2,22,350,1998,0
131,2,22,350,1999,0
131,2,22,350,2000,0
131,2,22,350,2001,0
131,2,22,350,2002,0
131,2,22,350,2003,0
131,2,22,350,2004,0
131,2,22,350,2005,0
131,2,22,350,2006,0
131,2,22,350,2007,0
131,2,22,350,2008,0
131,2,22,350,2009,0
131,2,22,350,2010,0
131,2,22,350,2011,0
131,2,22,350,2012,0
131,2,22,350,2013,0
131,2,22,350,2014,0
131,2,22,350,2015,0
131,2,22,350,2016,0
131,2,27,350,1990,0
131,2,27,350,1991,0
131,2,27,350,1992,0
131,2,27,350,1993,0
131,2,27,350,1994,0
131,2,27,350,1995,0
131,2,27,350,1996,0
131,2,27,350,1997,0
131,2,27,350,1998,0
131,2,27,350,1999,0
131,2,27,350,2000,0
131,2,27,350,2001,0
131,2,27,350,2002,0
131,2,27,350,2003,0
131,2,27,350,2004,0
131,2,27,350,2005,0
131,2,27,350,2006,0
131,2,27,350,2007,0
131,2,27,350,2008,0
131,2,27,350,2009,0
131,2,27,350,2010,0
131,2,27,350,2011,0
131,2,27,350,2012,0
131,2,27,350,2013,0
131,2,27,350,2014,0
131,2,27,350,2015,0
131,2,27,350,2016,0
131,3,22,350,1990,0
131,3,22,350,1991,0
131,3,22,350,1992,0
131,3,22,350,1993,0
131,3,22,350,1994,0
131,3,22,350,1995,0
131,3,22,350,1996,0
131,3,22,350,1997,0
131,3,22,350,1998,0
131,3,22,350,1999,0
131,3,22,350,2000,0
131,3,22,350,2001,0
131,3,22,350,2002,0
131,3,22,350,2003,0
131,3,22,350,2004,0
131,3,22,350,2005,0
131,3,22,350,2006,0
131,3,22,350,2007,0
131,3,22,350,2008,0
131,3,22,350,2009,0
131,3,22,350,2010,0
131,3,22,350,2011,0
131,3,22,350,2012,0
131,3,22,350,2013,0
131,3,22,350,2014,0
131,3,22,350,2015,0
131,3,22,350,2016,0
131,3,27,350,1990,0
131,3,27,350,1991,0
131,3,27,350,1992,0
131,3,27,350,1993,0
131,3,27,350,1994,0
131,3,27,350,1995,0
131,3,27,350,1996,0
131,3,27,350,1997,0
131,3,27,350,1998,0
131,3,27,350,1999,0
131,3,27,350,2000,0
131,3,27,350,2001,0
131,3,27,350,2002,0
131,3,27,350,2003,0
131,3,27,350,2004,0
131,3,27,350,2005,0
131,3,27,350,2006,0
131,3,27,350,2007,0
131,3,27,350,2008,0
131,3,27,350,2009,0
131,3,27,350,2010,0
131,3,27,350,2011,0
131,3,27,350,2012,0
131,3,27,350,2013,0
131,3,27,350,2014,0
131,3,27,350,2015,0
131,3,27,350,2016,0
132,1,22,350,1990,0
132,1,22,350,1991,0
132,1,22,350,1992,0
132,1,22,350,1993,0
132,1,22,350,1994,0
132,1,22,350,1995,0
132,1,22,350,1996,0
132,1,22,350,1997,0
132,1,22,350,1998,0
132,1,22,350,1999,0
132,1,22,350,2000,0
132,1,22,350,2001,0
132,1,22,350,2002,0
132,1,22,350,2003,0
132,1,22,350,2004,0
132,1,22,350,2005,0
132,1,22,350,2006,0
132,1,22,350,2007,0
132,1,22,350,2008,0
132,1,22,350,2009,0
132,1,22,350,2010,0
132,1,22,350,2011,0
132,1,22,350,2012,0
132,1,22,350,2013,0
132,1,22,350,2014,0
132,1,22,350,2015,0
132,1,22,350,2016,0
132,1,27,350,1990,0
132,1,27,350,1991,0
132,1,27,350,1992,0
132,1,27,350,1993,0
132,1,27,350,1994,0
132,1,27,350,1995,0
132,1,27,350,1996,0
132,1,27,350,1997,0
132,1,27,350,1998,0
132,1,27,350,1999,0
132,1,27,350,2000,0
132,1,27,350,2001,0
132,1,27,350,2002,0
132,1,27,350,2003,0
132,1,27,350,2004,0
132,1,27,350,2005,0
132,1,27,350,2006,0
132,1,27,350,2007,0
132,1,27,350,2008,0
132,1,27,350,2009,0
132,1,27,350,2010,0
132,1,27,350,2011,0
132,1,27,350,2012,0
132,1,27,350,2013,0
132,1,27,350,2014,0
132,1,27,350,2015,0
132,1,27,350,2016,0
132,2,22,350,1990,0
132,2,22,350,1991,0
132,2,22,350,1992,0
132,2,22,350,1993,0
132,2,22,350,1994,0
132,2,22,350,1995,0
132,2,22,350,1996,0
132,2,22,350,1997,0
132,2,22,350,1998,0
132,2,22,350,1999,0
132,2,22,350,2000,0
132,2,22,350,2001,0
132,2,22,350,2002,0
132,2,22,350,2003,0
132,2,22,350,2004,0
132,2,22,350,2005,0
132,2,22,350,2006,0
132,2,22,350,2007,0
132,2,22,350,2008,0
132,2,22,350,2009,0
132,2,22,350,2010,0
132,2,22,350,2011,0
132,2,22,350,2012,0
132,2,22,350,2013,0
132,2,22,350,2014,0
132,2,22,350,2015,0
132,2,22,350,2016,0
132,2,27,350,1990,0
132,2,27,350,1991,0
132,2,27,350,1992,0
132,2,27,350,1993,0
132,2,27,350,1994,0
132,2,27,350,1995,0
132,2,27,350,1996,0
132,2,27,350,1997,0
132,2,27,350,1998,0
132,2,27,350,1999,0
132,2,27,350,2000,0
132,2,27,350,2001,0
132,2,27,350,2002,0
132,2,27,350,2003,0
132,2,27,350,2004,0
132,2,27,350,2005,0
132,2,27,350,2006,0
132,2,27,350,2007,0
132,2,27,350,2008,0
132,2,27,350,2009,0
132,2,27,350,2010,0
132,2,27,350,2011,0
132,2,27,350,2012,0
132,2,27,350,2013,0
132,2,27,350,2014,0
132,2,27,350,2015,0
132,2,27,350,2016,0
132,3,22,350,1990,0
132,3,22,350,1991,0
132,3,22,350,1992,0
132,3,22,350,1993,0
132,3,22,350,1994,0
132,3,22,350,1995,0
132,3,22,350,1996,0
132,3,22,350,1997,0
132,3,22,350,1998,0
132,3,22,350,1999,0
132,3,22,350,2000,0
132,3,22,350,2001,0
132,3,22,350,2002,0
132,3,22,350,2003,0
132,3,22,350,2004,0
132,3,22,350,2005,0
132,3,22,350,2006,0
132,3,22,350,2007,0
132,3,22,350,2008,0
132,3,22,350,2009,0
132,3,22,350,2010,0
132,3,22,350,2011,0
132,3,22,350,2012,0
132,3,22,350,2013,0
132,3,22,350,2014,0
132,3,22,350,2015,0
132,3,22,350,2016,0
132,3,27,350,1990,0
132,3,27,350,1991,0
132,3,27,350,1992,0
132,3,27,350,1993,0
132,3,27,350,1994,0
132,3,27,350,1995,0
132,3,27,350,1996,0
132,3,27,350,1997,0
132,3,27,350,1998,0
132,3,27,350,1999,0
132,3,27,350,2000,0
132,3,27,350,2001,0
132,3,27,350,2002,0
132,3,27,350,2003,0
132,3,27,350,2004,0
132,3,27,350,2005,0
132,3,27,350,2006,0
132,3,27,350,2007,0
132,3,27,350,2008,0
132,3,27,350,2009,0
132,3,27,350,2010,0
132,3,27,350,2011,0
132,3,27,350,2012,0
132,3,27,350,2013,0
132,3,27,350,2014,0
132,3,27,350,2015,0
132,3,27,350,2016,0
133,1,22,350,1990,0
133,1,22,350,1991,0
133,1,22,350,1992,0
133,1,22,350,1993,0
133,1,22,350,1994,0
133,1,22,350,1995,0
133,1,22,350,1996,0
133,1,22,350,1997,0
133,1,22,350,1998,0
133,1,22,350,1999,0
133,1,22,350,2000,0
133,1,22,350,2001,0
133,1,22,350,2002,0
133,1,22,350,2003,0
133,1,22,350,2004,0
133,1,22,350,2005,0
133,1,22,350,2006,0
133,1,22,350,2007,0
133,1,22,350,2008,0
133,1,22,350,2009,0
133,1,22,350,2010,0
133,1,22,350,2011,0
133,1,22,350,2012,0
133,1,22,350,2013,0
133,1,22,350,2014,0
133,1,22,350,2015,0
133,1,22,350,2016,0
133,1,27,350,1990,0
133,1,27,350,1991,0
133,1,27,350,1992,0
133,1,27,350,1993,0
133,1,27,350,1994,0
133,1,27,350,1995,0
133,1,27,350,1996,0
133,1,27,350,1997,0
133,1,27,350,1998,0
133,1,27,350,1999,0
133,1,27,350,2000,0
133,1,27,350,2001,0
133,1,27,350,2002,0
133,1,27,350,2003,0
133,1,27,350,2004,0
133,1,27,350,2005,0
133,1,27,350,2006,0
133,1,27,350,2007,0
133,1,27,350,2008,0
133,1,27,350,2009,0
133,1,27,350,2010,0
133,1,27,350,2011,0
133,1,27,350,2012,0
133,1,27,350,2013,0
133,1,27,350,2014,0
133,1,27,350,2015,0
133,1,27,350,2016,0
133,2,22,350,1990,0
133,2,22,350,1991,0
133,2,22,350,1992,0
133,2,22,350,1993,0
133,2,22,350,1994,0
133,2,22,350,1995,0
133,2,22,350,1996,0
133,2,22,350,1997,0
133,2,22,350,1998,0
133,2,22,350,1999,0
133,2,22,350,2000,0
133,2,22,350,2001,0
133,2,22,350,2002,0
133,2,22,350,2003,0
133,2,22,350,2004,0
133,2,22,350,2005,0
133,2,22,350,2006,0
133,2,22,350,2007,0
133,2,22,350,2008,0
133,2,22,350,2009,0
133,2,22,350,2010,0
133,2,22,350,2011,0
133,2,22,350,2012,0
133,2,22,350,2013,0
133,2,22,350,2014,0
133,2,22,350,2015,0
133,2,22,350,2016,0
133,2,27,350,1990,0
133,2,27,350,1991,0
133,2,27,350,1992,0
133,2,27,350,1993,0
133,2,27,350,1994,0
133,2,27,350,1995,0
133,2,27,350,1996,0
133,2,27,350,1997,0
133,2,27,350,1998,0
133,2,27,350,1999,0
133,2,27,350,2000,0
133,2,27,350,2001,0
133,2,27,350,2002,0
133,2,27,350,2003,0
133,2,27,350,2004,0
133,2,27,350,2005,0
133,2,27,350,2006,0
133,2,27,350,2007,0
133,2,27,350,2008,0
133,2,27,350,2009,0
133,2,27,350,2010,0
133,2,27,350,2011,0
133,2,27,350,2012,0
133,2,27,350,2013,0
133,2,27,350,2014,0
133,2,27,350,2015,0
133,2,27,350,2016,0
133,3,22,350,1990,0
133,3,22,350,1991,0
133,3,22,350,1992,0
133,3,22,350,1993,0
133,3,22,350,1994,0
133,3,22,350,1995,0
133,3,22,350,1996,0
133,3,22,350,1997,0
133,3,22,350,1998,0
133,3,22,350,1999,0
133,3,22,350,2000,0
133,3,22,350,2001,0
133,3,22,350,2002,0
133,3,22,350,2003,0
133,3,22,350,2004,0
133,3,22,350,2005,0
133,3,22,350,2006,0
133,3,22,350,2007,0
133,3,22,350,2008,0
133,3,22,350,2009,0
133,3,22,350,2010,0
133,3,22,350,2011,0
133,3,22,350,2012,0
133,3,22,350,2013,0
133,3,22,350,2014,0
133,3,22,350,2015,0
133,3,22,350,2016,0
133,3,27,350,1990,0
133,3,27,350,1991,0
133,3,27,350,1992,0
133,3,27,350,1993,0
133,3,27,350,1994,0
133,3,27,350,1995,0
133,3,27,350,1996,0
133,3,27,350,1997,0
133,3,27,350,1998,0
133,3,27,350,1999,0
133,3,27,350,2000,0
133,3,27,350,2001,0
133,3,27,350,2002,0
133,3,27,350,2003,0
133,3,27,350,2004,0
133,3,27,350,2005,0
133,3,27,350,2006,0
133,3,27,350,2007,0
133,3,27,350,2008,0
133,3,27,350,2009,0
133,3,27,350,2010,0
133,3,27,350,2011,0
133,3,27,350,2012,0
133,3,27,350,2013,0
133,3,27,350,2014,0
133,3,27,350,2015,0
133,3,27,350,2016,0
135,1,22,350,1990,0
135,1,22,350,1991,0
135,1,22,350,1992,0
135,1,22,350,1993,0
135,1,22,350,1994,0
135,1,22,350,1995,0
135,1,22,350,1996,0
135,1,22,350,1997,0
135,1,22,350,1998,0
135,1,22,350,1999,0
135,1,22,350,2000,0
135,1,22,350,2001,0
135,1,22,350,2002,0
135,1,22,350,2003,0
135,1,22,350,2004,0
135,1,22,350,2005,0
135,1,22,350,2006,0
135,1,22,350,2007,0
135,1,22,350,2008,0
135,1,22,350,2009,0
135,1,22,350,2010,0
135,1,22,350,2011,0
135,1,22,350,2012,0
135,1,22,350,2013,0
135,1,22,350,2014,0
135,1,22,350,2015,0
135,1,22,350,2016,0
135,1,27,350,1990,0
135,1,27,350,1991,0
135,1,27,350,1992,0
135,1,27,350,1993,0
135,1,27,350,1994,0
135,1,27,350,1995,0
135,1,27,350,1996,0
135,1,27,350,1997,0
135,1,27,350,1998,0
135,1,27,350,1999,0
135,1,27,350,2000,0
135,1,27,350,2001,0
135,1,27,350,2002,0
135,1,27,350,2003,0
135,1,27,350,2004,0
135,1,27,350,2005,0
135,1,27,350,2006,0
135,1,27,350,2007,0
135,1,27,350,2008,0
135,1,27,350,2009,0
135,1,27,350,2010,0
135,1,27,350,2011,0
135,1,27,350,2012,0
135,1,27,350,2013,0
135,1,27,350,2014,0
135,1,27,350,2015,0
135,1,27,350,2016,0
135,2,22,350,1990,0
135,2,22,350,1991,0
135,2,22,350,1992,0
135,2,22,350,1993,0
135,2,22,350,1994,0
135,2,22,350,1995,0
135,2,22,350,1996,0
135,2,22,350,1997,0
135,2,22,350,1998,0
135,2,22,350,1999,0
135,2,22,350,2000,0
135,2,22,350,2001,0
135,2,22,350,2002,0
135,2,22,350,2003,0
135,2,22,350,2004,0
135,2,22,350,2005,0
135,2,22,350,2006,0
135,2,22,350,2007,0
135,2,22,350,2008,0
135,2,22,350,2009,0
135,2,22,350,2010,0
135,2,22,350,2011,0
135,2,22,350,2012,0
135,2,22,350,2013,0
135,2,22,350,2014,0
135,2,22,350,2015,0
135,2,22,350,2016,0
135,2,27,350,1990,0
135,2,27,350,1991,0
135,2,27,350,1992,0
135,2,27,350,1993,0
135,2,27,350,1994,0
135,2,27,350,1995,0
135,2,27,350,1996,0
135,2,27,350,1997,0
135,2,27,350,1998,0
135,2,27,350,1999,0
135,2,27,350,2000,0
135,2,27,350,2001,0
135,2,27,350,2002,0
135,2,27,350,2003,0
135,2,27,350,2004,0
135,2,27,350,2005,0
135,2,27,350,2006,0
135,2,27,350,2007,0
135,2,27,350,2008,0
135,2,27,350,2009,0
135,2,27,350,2010,0
135,2,27,350,2011,0
135,2,27,350,2012,0
135,2,27,350,2013,0
135,2,27,350,2014,0
135,2,27,350,2015,0
135,2,27,350,2016,0
135,3,22,350,1990,0
135,3,22,350,1991,0
135,3,22,350,1992,0
135,3,22,350,1993,0
135,3,22,350,1994,0
135,3,22,350,1995,0
135,3,22,350,1996,0
135,3,22,350,1997,0
135,3,22,350,1998,0
135,3,22,350,1999,0
135,3,22,350,2000,0
135,3,22,350,2001,0
135,3,22,350,2002,0
135,3,22,350,2003,0
135,3,22,350,2004,0
135,3,22,350,2005,0
135,3,22,350,2006,0
135,3,22,350,2007,0
135,3,22,350,2008,0
135,3,22,350,2009,0
135,3,22,350,2010,0
135,3,22,350,2011,0
135,3,22,350,2012,0
135,3,22,350,2013,0
135,3,22,350,2014,0
135,3,22,350,2015,0
135,3,22,350,2016,0
135,3,27,350,1990,0
135,3,27,350,1991,0
135,3,27,350,1992,0
135,3,27,350,1993,0
135,3,27,350,1994,0
135,3,27,350,1995,0
135,3,27,350,1996,0
135,3,27,350,1997,0
135,3,27,350,1998,0
135,3,27,350,1999,0
135,3,27,350,2000,0
135,3,27,350,2001,0
135,3,27,350,2002,0
135,3,27,350,2003,0
135,3,27,350,2004,0
135,3,27,350,2005,0
135,3,27,350,2006,0
135,3,27,350,2007,0
135,3,27,350,2008,0
135,3,27,350,2009,0
135,3,27,350,2010,0
135,3,27,350,2011,0
135,3,27,350,2012,0
135,3,27,350,2013,0
135,3,27,350,2014,0
135,3,27,350,2015,0
135,3,27,350,2016,0
136,1,22,350,1990,0
136,1,22,350,1991,0
136,1,22,350,1992,0
136,1,22,350,1993,0
136,1,22,350,1994,0
136,1,22,350,1995,0
136,1,22,350,1996,0
136,1,22,350,1997,0
136,1,22,350,1998,0
136,1,22,350,1999,0
136,1,22,350,2000,0
136,1,22,350,2001,0
136,1,22,350,2002,0
136,1,22,350,2003,0
136,1,22,350,2004,0
136,1,22,350,2005,0
136,1,22,350,2006,0
136,1,22,350,2007,0
136,1,22,350,2008,0
136,1,22,350,2009,0
136,1,22,350,2010,0
136,1,22,350,2011,0
136,1,22,350,2012,0
136,1,22,350,2013,0
136,1,22,350,2014,0
136,1,22,350,2015,0
136,1,22,350,2016,0
136,1,27,350,1990,0
136,1,27,350,1991,0
136,1,27,350,1992,0
136,1,27,350,1993,0
136,1,27,350,1994,0
136,1,27,350,1995,0
136,1,27,350,1996,0
136,1,27,350,1997,0
136,1,27,350,1998,0
136,1,27,350,1999,0
136,1,27,350,2000,0
136,1,27,350,2001,0
136,1,27,350,2002,0
136,1,27,350,2003,0
136,1,27,350,2004,0
136,1,27,350,2005,0
136,1,27,350,2006,0
136,1,27,350,2007,0
136,1,27,350,2008,0
136,1,27,350,2009,0
136,1,27,350,2010,0
136,1,27,350,2011,0
136,1,27,350,2012,0
136,1,27,350,2013,0
136,1,27,350,2014,0
136,1,27,350,2015,0
136,1,27,350,2016,0
136,2,22,350,1990,0
136,2,22,350,1991,0
136,2,22,350,1992,0
136,2,22,350,1993,0
136,2,22,350,1994,0
136,2,22,350,1995,0
136,2,22,350,1996,0
136,2,22,350,1997,0
136,2,22,350,1998,0
136,2,22,350,1999,0
136,2,22,350,2000,0
136,2,22,350,2001,0
136,2,22,350,2002,0
136,2,22,350,2003,0
136,2,22,350,2004,0
136,2,22,350,2005,0
136,2,22,350,2006,0
136,2,22,350,2007,0
136,2,22,350,2008,0
136,2,22,350,2009,0
136,2,22,350,2010,0
136,2,22,350,2011,0
136,2,22,350,2012,0
136,2,22,350,2013,0
136,2,22,350,2014,0
136,2,22,350,2015,0
136,2,22,350,2016,0
136,2,27,350,1990,0
136,2,27,350,1991,0
136,2,27,350,1992,0
136,2,27,350,1993,0
136,2,27,350,1994,0
136,2,27,350,1995,0
136,2,27,350,1996,0
136,2,27,350,1997,0
136,2,27,350,1998,0
136,2,27,350,1999,0
136,2,27,350,2000,0
136,2,27,350,2001,0
136,2,27,350,2002,0
136,2,27,350,2003,0
136,2,27,350,2004,0
136,2,27,350,2005,0
136,2,27,350,2006,0
136,2,27,350,2007,0
136,2,27,350,2008,0
136,2,27,350,2009,0
136,2,27,350,2010,0
136,2,27,350,2011,0
136,2,27,350,2012,0
136,2,27,350,2013,0
136,2,27,350,2014,0
136,2,27,350,2015,0
136,2,27,350,2016,0
136,3,22,350,1990,0
136,3,22,350,1991,0
136,3,22,350,1992,0
136,3,22,350,1993,0
136,3,22,350,1994,0
136,3,22,350,1995,0
136,3,22,350,1996,0
136,3,22,350,1997,0
136,3,22,350,1998,0
136,3,22,350,1999,0
136,3,22,350,2000,0
136,3,22,350,2001,0
136,3,22,350,2002,0
136,3,22,350,2003,0
136,3,22,350,2004,0
136,3,22,350,2005,0
136,3,22,350,2006,0
136,3,22,350,2007,0
136,3,22,350,2008,0
136,3,22,350,2009,0
136,3,22,350,2010,0
136,3,22,350,2011,0
136,3,22,350,2012,0
136,3,22,350,2013,0
136,3,22,350,2014,0
136,3,22,350,2015,0
136,3,22,350,2016,0
136,3,27,350,1990,0
136,3,27,350,1991,0
136,3,27,350,1992,0
136,3,27,350,1993,0
136,3,27,350,1994,0
136,3,27,350,1995,0
136,3,27,350,1996,0
136,3,27,350,1997,0
136,3,27,350,1998,0
136,3,27,350,1999,0
136,3,27,350,2000,0
136,3,27,350,2001,0
136,3,27,350,2002,0
136,3,27,350,2003,0
136,3,27,350,2004,0
136,3,27,350,2005,0
136,3,27,350,2006,0
136,3,27,350,2007,0
136,3,27,350,2008,0
136,3,27,350,2009,0
136,3,27,350,2010,0
136,3,27,350,2011,0
136,3,27,350,2012,0
136,3,27,350,2013,0
136,3,27,350,2014,0
136,3,27,350,2015,0
136,3,27,350,2016,0
139,1,22,350,1990,0
139,1,22,350,1991,0
139,1,22,350,1992,0
139,1,22,350,1993,0
139,1,22,350,1994,0
139,1,22,350,1995,0
139,1,22,350,1996,0
139,1,22,350,1997,0
139,1,22,350,1998,0
139,1,22,350,1999,0
139,1,22,350,2000,0
139,1,22,350,2001,0
139,1,22,350,2002,0
139,1,22,350,2003,0
139,1,22,350,2004,0
139,1,22,350,2005,0
139,1,22,350,2006,0
139,1,22,350,2007,0
139,1,22,350,2008,0
139,1,22,350,2009,0
139,1,22,350,2010,0
139,1,22,350,2011,0
139,1,22,350,2012,0
139,1,22,350,2013,0
139,1,22,350,2014,0
139,1,22,350,2015,0
139,1,22,350,2016,0
139,1,27,350,1990,0
139,1,27,350,1991,0
139,1,27,350,1992,0
139,1,27,350,1993,0
139,1,27,350,1994,0
139,1,27,350,1995,0
139,1,27,350,1996,0
139,1,27,350,1997,0
139,1,27,350,1998,0
139,1,27,350,1999,0
139,1,27,350,2000,0
139,1,27,350,2001,0
139,1,27,350,2002,0
139,1,27,350,2003,0
139,1,27,350,2004,0
139,1,27,350,2005,0
139,1,27,350,2006,0
139,1,27,350,2007,0
139,1,27,350,2008,0
139,1,27,350,2009,0
139,1,27,350,2010,0
139,1,27,350,2011,0
139,1,27,350,2012,0
139,1,27,350,2013,0
139,1,27,350,2014,0
139,1,27,350,2015,0
139,1,27,350,2016,0
139,2,22,350,1990,0
139,2,22,350,1991,0
139,2,22,350,1992,0
139,2,22,350,1993,0
139,2,22,350,1994,0
139,2,22,350,1995,0
139,2,22,350,1996,0
139,2,22,350,1997,0
139,2,22,350,1998,0
139,2,22,350,1999,0
139,2,22,350,2000,0
139,2,22,350,2001,0
139,2,22,350,2002,0
139,2,22,350,2003,0
139,2,22,350,2004,0
139,2,22,350,2005,0
139,2,22,350,2006,0
139,2,22,350,2007,0
139,2,22,350,2008,0
139,2,22,350,2009,0
139,2,22,350,2010,0
139,2,22,350,2011,0
139,2,22,350,2012,0
139,2,22,350,2013,0
139,2,22,350,2014,0
139,2,22,350,2015,0
139,2,22,350,2016,0
139,2,27,350,1990,0
139,2,27,350,1991,0
139,2,27,350,1992,0
139,2,27,350,1993,0
139,2,27,350,1994,0
139,2,27,350,1995,0
139,2,27,350,1996,0
139,2,27,350,1997,0
139,2,27,350,1998,0
139,2,27,350,1999,0
139,2,27,350,2000,0
139,2,27,350,2001,0
139,2,27,350,2002,0
139,2,27,350,2003,0
139,2,27,350,2004,0
139,2,27,350,2005,0
139,2,27,350,2006,0
139,2,27,350,2007,0
139,2,27,350,2008,0
139,2,27,350,2009,0
139,2,27,350,2010,0
139,2,27,350,2011,0
139,2,27,350,2012,0
139,2,27,350,2013,0
139,2,27,350,2014,0
139,2,27,350,2015,0
139,2,27,350,2016,0
139,3,22,350,1990,0
139,3,22,350,1991,0
139,3,22,350,1992,0
139,3,22,350,1993,0
139,3,22,350,1994,0
139,3,22,350,1995,0
139,3,22,350,1996,0
139,3,22,350,1997,0
139,3,22,350,1998,0
139,3,22,350,1999,0
139,3,22,350,2000,0
139,3,22,350,2001,0
139,3,22,350,2002,0
139,3,22,350,2003,0
139,3,22,350,2004,0
139,3,22,350,2005,0
139,3,22,350,2006,0
139,3,22,350,2007,0
139,3,22,350,2008,0
139,3,22,350,2009,0
139,3,22,350,2010,0
139,3,22,350,2011,0
139,3,22,350,2012,0
139,3,22,350,2013,0
139,3,22,350,2014,0
139,3,22,350,2015,0
139,3,22,350,2016,0
139,3,27,350,1990,0
139,3,27,350,1991,0
139,3,27,350,1992,0
139,3,27,350,1993,0
139,3,27,350,1994,0
139,3,27,350,1995,0
139,3,27,350,1996,0
139,3,27,350,1997,0
139,3,27,350,1998,0
139,3,27,350,1999,0
139,3,27,350,2000,0
139,3,27,350,2001,0
139,3,27,350,2002,0
139,3,27,350,2003,0
139,3,27,350,2004,0
139,3,27,350,2005,0
139,3,27,350,2006,0
139,3,27,350,2007,0
139,3,27,350,2008,0
139,3,27,350,2009,0
139,3,27,350,2010,0
139,3,27,350,2011,0
139,3,27,350,2012,0
139,3,27,350,2013,0
139,3,27,350,2014,0
139,3,27,350,2015,0
139,3,27,350,2016,0
140,1,22,350,1990,0
140,1,22,350,1991,0
140,1,22,350,1992,0
140,1,22,350,1993,0
140,1,22,350,1994,0
140,1,22,350,1995,0
140,1,22,350,1996,0
140,1,22,350,1997,0
140,1,22,350,1998,0
140,1,22,350,1999,0
140,1,22,350,2000,0
140,1,22,350,2001,0
140,1,22,350,2002,0
140,1,22,350,2003,0
140,1,22,350,2004,0
140,1,22,350,2005,0
140,1,22,350,2006,0
140,1,22,350,2007,0
140,1,22,350,2008,0
140,1,22,350,2009,0
140,1,22,350,2010,0
140,1,22,350,2011,0
140,1,22,350,2012,0
140,1,22,350,2013,0
140,1,22,350,2014,0
140,1,22,350,2015,0
140,1,22,350,2016,0
140,1,27,350,1990,0
140,1,27,350,1991,0
140,1,27,350,1992,0
140,1,27,350,1993,0
140,1,27,350,1994,0
140,1,27,350,1995,0
140,1,27,350,1996,0
140,1,27,350,1997,0
140,1,27,350,1998,0
140,1,27,350,1999,0
140,1,27,350,2000,0
140,1,27,350,2001,0
140,1,27,350,2002,0
140,1,27,350,2003,0
140,1,27,350,2004,0
140,1,27,350,2005,0
140,1,27,350,2006,0
140,1,27,350,2007,0
140,1,27,350,2008,0
140,1,27,350,2009,0
140,1,27,350,2010,0
140,1,27,350,2011,0
140,1,27,350,2012,0
140,1,27,350,2013,0
140,1,27,350,2014,0
140,1,27,350,2015,0
140,1,27,350,2016,0
140,2,22,350,1990,0
140,2,22,350,1991,0
140,2,22,350,1992,0
140,2,22,350,1993,0
140,2,22,350,1994,0
140,2,22,350,1995,0
140,2,22,350,1996,0
140,2,22,350,1997,0
140,2,22,350,1998,0
140,2,22,350,1999,0
140,2,22,350,2000,0
140,2,22,350,2001,0
140,2,22,350,2002,0
140,2,22,350,2003,0
140,2,22,350,2004,0
140,2,22,350,2005,0
140,2,22,350,2006,0
140,2,22,350,2007,0
140,2,22,350,2008,0
140,2,22,350,2009,0
140,2,22,350,2010,0
140,2,22,350,2011,0
140,2,22,350,2012,0
140,2,22,350,2013,0
140,2,22,350,2014,0
140,2,22,350,2015,0
140,2,22,350,2016,0
140,2,27,350,1990,0
140,2,27,350,1991,0
140,2,27,350,1992,0
140,2,27,350,1993,0
140,2,27,350,1994,0
140,2,27,350,1995,0
140,2,27,350,1996,0
140,2,27,350,1997,0
140,2,27,350,1998,0
140,2,27,350,1999,0
140,2,27,350,2000,0
140,2,27,350,2001,0
140,2,27,350,2002,0
140,2,27,350,2003,0
140,2,27,350,2004,0
140,2,27,350,2005,0
140,2,27,350,2006,0
140,2,27,350,2007,0
140,2,27,350,2008,0
140,2,27,350,2009,0
140,2,27,350,2010,0
140,2,27,350,2011,0
140,2,27,350,2012,0
140,2,27,350,2013,0
140,2,27,350,2014,0
140,2,27,350,2015,0
140,2,27,350,2016,0
140,3,22,350,1990,0
140,3,22,350,1991,0
140,3,22,350,1992,0
140,3,22,350,1993,0
140,3,22,350,1994,0
140,3,22,350,1995,0
140,3,22,350,1996,0
140,3,22,350,1997,0
140,3,22,350,1998,0
140,3,22,350,1999,0
140,3,22,350,2000,0
140,3,22,350,2001,0
140,3,22,350,2002,0
140,3,22,350,2003,0
140,3,22,350,2004,0
140,3,22,350,2005,0
140,3,22,350,2006,0
140,3,22,350,2007,0
140,3,22,350,2008,0
140,3,22,350,2009,0
140,3,22,350,2010,0
140,3,22,350,2011,0
140,3,22,350,2012,0
140,3,22,350,2013,0
140,3,22,350,2014,0
140,3,22,350,2015,0
140,3,22,350,2016,0
140,3,27,350,1990,0
140,3,27,350,1991,0
140,3,27,350,1992,0
140,3,27,350,1993,0
140,3,27,350,1994,0
140,3,27,350,1995,0
140,3,27,350,1996,0
140,3,27,350,1997,0
140,3,27,350,1998,0
140,3,27,350,1999,0
140,3,27,350,2000,0
140,3,27,350,2001,0
140,3,27,350,2002,0
140,3,27,350,2003,0
140,3,27,350,2004,0
140,3,27,350,2005,0
140,3,27,350,2006,0
140,3,27,350,2007,0
140,3,27,350,2008,0
140,3,27,350,2009,0
140,3,27,350,2010,0
140,3,27,350,2011,0
140,3,27,350,2012,0
140,3,27,350,2013,0
140,3,27,350,2014,0
140,3,27,350,2015,0
140,3,27,350,2016,0
141,1,22,350,1990,0
141,1,22,350,1991,0
141,1,22,350,1992,0
141,1,22,350,1993,0
141,1,22,350,1994,0
141,1,22,350,1995,0
141,1,22,350,1996,0
141,1,22,350,1997,0
141,1,22,350,1998,0
141,1,22,350,1999,0
141,1,22,350,2000,0
141,1,22,350,2001,0
141,1,22,350,2002,0
141,1,22,350,2003,0
141,1,22,350,2004,0
141,1,22,350,2005,0
141,1,22,350,2006,0
141,1,22,350,2007,0
141,1,22,350,2008,0
141,1,22,350,2009,0
141,1,22,350,2010,0
141,1,22,350,2011,0
141,1,22,350,2012,0
141,1,22,350,2013,0
141,1,22,350,2014,0
141,1,22,350,2015,0
141,1,22,350,2016,0
141,1,27,350,1990,0
141,1,27,350,1991,0
141,1,27,350,1992,0
141,1,27,350,1993,0
141,1,27,350,1994,0
141,1,27,350,1995,0
141,1,27,350,1996,0
141,1,27,350,1997,0
141,1,27,350,1998,0
141,1,27,350,1999,0
141,1,27,350,2000,0
141,1,27,350,2001,0
141,1,27,350,2002,0
141,1,27,350,2003,0
141,1,27,350,2004,0
141,1,27,350,2005,0
141,1,27,350,2006,0
141,1,27,350,2007,0
141,1,27,350,2008,0
141,1,27,350,2009,0
141,1,27,350,2010,0
141,1,27,350,2011,0
141,1,27,350,2012,0
141,1,27,350,2013,0
141,1,27,350,2014,0
141,1,27,350,2015,0
141,1,27,350,2016,0
141,2,22,350,1990,0
141,2,22,350,1991,0
141,2,22,350,1992,0
141,2,22,350,1993,0
141,2,22,350,1994,0
141,2,22,350,1995,0
141,2,22,350,1996,0
141,2,22,350,1997,0
141,2,22,350,1998,0
141,2,22,350,1999,0
141,2,22,350,2000,0
141,2,22,350,2001,0
141,2,22,350,2002,0
141,2,22,350,2003,0
141,2,22,350,2004,0
141,2,22,350,2005,0
141,2,22,350,2006,0
141,2,22,350,2007,0
141,2,22,350,2008,0
141,2,22,350,2009,0
141,2,22,350,2010,0
141,2,22,350,2011,0
141,2,22,350,2012,0
141,2,22,350,2013,0
141,2,22,350,2014,0
141,2,22,350,2015,0
141,2,22,350,2016,0
141,2,27,350,1990,0
141,2,27,350,1991,0
141,2,27,350,1992,0
141,2,27,350,1993,0
141,2,27,350,1994,0
141,2,27,350,1995,0
141,2,27,350,1996,0
141,2,27,350,1997,0
141,2,27,350,1998,0
141,2,27,350,1999,0
141,2,27,350,2000,0
141,2,27,350,2001,0
141,2,27,350,2002,0
141,2,27,350,2003,0
141,2,27,350,2004,0
141,2,27,350,2005,0
141,2,27,350,2006,0
141,2,27,350,2007,0
141,2,27,350,2008,0
141,2,27,350,2009,0
141,2,27,350,2010,0
141,2,27,350,2011,0
141,2,27,350,2012,0
141,2,27,350,2013,0
141,2,27,350,2014,0
141,2,27,350,2015,0
141,2,27,350,2016,0
141,3,22,350,1990,0
141,3,22,350,1991,0
141,3,22,350,1992,0
141,3,22,350,1993,0
141,3,22,350,1994,0
141,3,22,350,1995,0
141,3,22,350,1996,0
141,3,22,350,1997,0
141,3,22,350,1998,0
141,3,22,350,1999,0
141,3,22,350,2000,0
141,3,22,350,2001,0
141,3,22,350,2002,0
141,3,22,350,2003,0
141,3,22,350,2004,0
141,3,22,350,2005,0
141,3,22,350,2006,0
141,3,22,350,2007,0
141,3,22,350,2008,0
141,3,22,350,2009,0
141,3,22,350,2010,0
141,3,22,350,2011,0
141,3,22,350,2012,0
141,3,22,350,2013,0
141,3,22,350,2014,0
141,3,22,350,2015,0
141,3,22,350,2016,0
141,3,27,350,1990,0
141,3,27,350,1991,0
141,3,27,350,1992,0
141,3,27,350,1993,0
141,3,27,350,1994,0
141,3,27,350,1995,0
141,3,27,350,1996,0
141,3,27,350,1997,0
141,3,27,350,1998,0
141,3,27,350,1999,0
141,3,27,350,2000,0
141,3,27,350,2001,0
141,3,27,350,2002,0
141,3,27,350,2003,0
141,3,27,350,2004,0
141,3,27,350,2005,0
141,3,27,350,2006,0
141,3,27,350,2007,0
141,3,27,350,2008,0
141,3,27,350,2009,0
141,3,27,350,2010,0
141,3,27,350,2011,0
141,3,27,350,2012,0
141,3,27,350,2013,0
141,3,27,350,2014,0
141,3,27,350,2015,0
141,3,27,350,2016,0
142,1,22,350,1990,0
142,1,22,350,1991,0
142,1,22,350,1992,0
142,1,22,350,1993,0
142,1,22,350,1994,0
142,1,22,350,1995,0
142,1,22,350,1996,0
142,1,22,350,1997,0
142,1,22,350,1998,0
142,1,22,350,1999,0
142,1,22,350,2000,0
142,1,22,350,2001,0
142,1,22,350,2002,0
142,1,22,350,2003,0
142,1,22,350,2004,0
142,1,22,350,2005,0
142,1,22,350,2006,0
142,1,22,350,2007,0
142,1,22,350,2008,0
142,1,22,350,2009,0
142,1,22,350,2010,0
142,1,22,350,2011,0
142,1,22,350,2012,0
142,1,22,350,2013,0
142,1,22,350,2014,0
142,1,22,350,2015,0
142,1,22,350,2016,0
142,1,27,350,1990,0
142,1,27,350,1991,0
142,1,27,350,1992,0
142,1,27,350,1993,0
142,1,27,350,1994,0
142,1,27,350,1995,0
142,1,27,350,1996,0
142,1,27,350,1997,0
142,1,27,350,1998,0
142,1,27,350,1999,0
142,1,27,350,2000,0
142,1,27,350,2001,0
142,1,27,350,2002,0
142,1,27,350,2003,0
142,1,27,350,2004,0
142,1,27,350,2005,0
142,1,27,350,2006,0
142,1,27,350,2007,0
142,1,27,350,2008,0
142,1,27,350,2009,0
142,1,27,350,2010,0
142,1,27,350,2011,0
142,1,27,350,2012,0
142,1,27,350,2013,0
142,1,27,350,2014,0
142,1,27,350,2015,0
142,1,27,350,2016,0
142,2,22,350,1990,0
142,2,22,350,1991,0
142,2,22,350,1992,0
142,2,22,350,1993,0
142,2,22,350,1994,0
142,2,22,350,1995,0
142,2,22,350,1996,0
142,2,22,350,1997,0
142,2,22,350,1998,0
142,2,22,350,1999,0
142,2,22,350,2000,0
142,2,22,350,2001,0
142,2,22,350,2002,0
142,2,22,350,2003,0
142,2,22,350,2004,0
142,2,22,350,2005,0
142,2,22,350,2006,0
142,2,22,350,2007,0
142,2,22,350,2008,0
142,2,22,350,2009,0
142,2,22,350,2010,0
142,2,22,350,2011,0
142,2,22,350,2012,0
142,2,22,350,2013,0
142,2,22,350,2014,0
142,2,22,350,2015,0
142,2,22,350,2016,0
142,2,27,350,1990,0
142,2,27,350,1991,0
142,2,27,350,1992,0
142,2,27,350,1993,0
142,2,27,350,1994,0
142,2,27,350,1995,0
142,2,27,350,1996,0
142,2,27,350,1997,0
142,2,27,350,1998,0
142,2,27,350,1999,0
142,2,27,350,2000,0
142,2,27,350,2001,0
142,2,27,350,2002,0
142,2,27,350,2003,0
142,2,27,350,2004,0
142,2,27,350,2005,0
142,2,27,350,2006,0
142,2,27,350,2007,0
142,2,27,350,2008,0
142,2,27,350,2009,0
142,2,27,350,2010,0
142,2,27,350,2011,0
142,2,27,350,2012,0
142,2,27,350,2013,0
142,2,27,350,2014,0
142,2,27,350,2015,0
142,2,27,350,2016,0
142,3,22,350,1990,0
142,3,22,350,1991,0
142,3,22,350,1992,0
142,3,22,350,1993,0
142,3,22,350,1994,0
142,3,22,350,1995,0
142,3,22,350,1996,0
142,3,22,350,1997,0
142,3,22,350,1998,0
142,3,22,350,1999,0
142,3,22,350,2000,0
142,3,22,350,2001,0
142,3,22,350,2002,0
142,3,22,350,2003,0
142,3,22,350,2004,0
142,3,22,350,2005,0
142,3,22,350,2006,0
142,3,22,350,2007,0
142,3,22,350,2008,0
142,3,22,350,2009,0
142,3,22,350,2010,0
142,3,22,350,2011,0
142,3,22,350,2012,0
142,3,22,350,2013,0
142,3,22,350,2014,0
142,3,22,350,2015,0
142,3,22,350,2016,0
142,3,27,350,1990,0
142,3,27,350,1991,0
142,3,27,350,1992,0
142,3,27,350,1993,0
142,3,27,350,1994,0
142,3,27,350,1995,0
142,3,27,350,1996,0
142,3,27,350,1997,0
142,3,27,350,1998,0
142,3,27,350,1999,0
142,3,27,350,2000,0
142,3,27,350,2001,0
142,3,27,350,2002,0
142,3,27,350,2003,0
142,3,27,350,2004,0
142,3,27,350,2005,0
142,3,27,350,2006,0
142,3,27,350,2007,0
142,3,27,350,2008,0
142,3,27,350,2009,0
142,3,27,350,2010,0
142,3,27,350,2011,0
142,3,27,350,2012,0
142,3,27,350,2013,0
142,3,27,350,2014,0
142,3,27,350,2015,0
142,3,27,350,2016,0
143,1,22,350,1990,0
143,1,22,350,1991,0
143,1,22,350,1992,0
143,1,22,350,1993,0
143,1,22,350,1994,0
143,1,22,350,1995,0
143,1,22,350,1996,0
143,1,22,350,1997,0
143,1,22,350,1998,0
143,1,22,350,1999,0
143,1,22,350,2000,0
143,1,22,350,2001,0
143,1,22,350,2002,0
143,1,22,350,2003,0
143,1,22,350,2004,0
143,1,22,350,2005,0
143,1,22,350,2006,0
143,1,22,350,2007,0
143,1,22,350,2008,0
143,1,22,350,2009,0
143,1,22,350,2010,0
143,1,22,350,2011,0
143,1,22,350,2012,0
143,1,22,350,2013,0
143,1,22,350,2014,0
143,1,22,350,2015,0
143,1,22,350,2016,0
143,1,27,350,1990,0
143,1,27,350,1991,0
143,1,27,350,1992,0
143,1,27,350,1993,0
143,1,27,350,1994,0
143,1,27,350,1995,0
143,1,27,350,1996,0
143,1,27,350,1997,0
143,1,27,350,1998,0
143,1,27,350,1999,0
143,1,27,350,2000,0
143,1,27,350,2001,0
143,1,27,350,2002,0
143,1,27,350,2003,0
143,1,27,350,2004,0
143,1,27,350,2005,0
143,1,27,350,2006,0
143,1,27,350,2007,0
143,1,27,350,2008,0
143,1,27,350,2009,0
143,1,27,350,2010,0
143,1,27,350,2011,0
143,1,27,350,2012,0
143,1,27,350,2013,0
143,1,27,350,2014,0
143,1,27,350,2015,0
143,1,27,350,2016,0
143,2,22,350,1990,0
143,2,22,350,1991,0
143,2,22,350,1992,0
143,2,22,350,1993,0
143,2,22,350,1994,0
143,2,22,350,1995,0
143,2,22,350,1996,0
143,2,22,350,1997,0
143,2,22,350,1998,0
143,2,22,350,1999,0
143,2,22,350,2000,0
143,2,22,350,2001,0
143,2,22,350,2002,0
143,2,22,350,2003,0
143,2,22,350,2004,0
143,2,22,350,2005,0
143,2,22,350,2006,0
143,2,22,350,2007,0
143,2,22,350,2008,0
143,2,22,350,2009,0
143,2,22,350,2010,0
143,2,22,350,2011,0
143,2,22,350,2012,0
143,2,22,350,2013,0
143,2,22,350,2014,0
143,2,22,350,2015,0
143,2,22,350,2016,0
143,2,27,350,1990,0
143,2,27,350,1991,0
143,2,27,350,1992,0
143,2,27,350,1993,0
143,2,27,350,1994,0
143,2,27,350,1995,0
143,2,27,350,1996,0
143,2,27,350,1997,0
143,2,27,350,1998,0
143,2,27,350,1999,0
143,2,27,350,2000,0
143,2,27,350,2001,0
143,2,27,350,2002,0
143,2,27,350,2003,0
143,2,27,350,2004,0
143,2,27,350,2005,0
143,2,27,350,2006,0
143,2,27,350,2007,0
143,2,27,350,2008,0
143,2,27,350,2009,0
143,2,27,350,2010,0
143,2,27,350,2011,0
143,2,27,350,2012,0
143,2,27,350,2013,0
143,2,27,350,2014,0
143,2,27,350,2015,0
143,2,27,350,2016,0
143,3,22,350,1990,0
143,3,22,350,1991,0
143,3,22,350,1992,0
143,3,22,350,1993,0
143,3,22,350,1994,0
143,3,22,350,1995,0
143,3,22,350,1996,0
143,3,22,350,1997,0
143,3,22,350,1998,0
143,3,22,350,1999,0
143,3,22,350,2000,0
143,3,22,350,2001,0
143,3,22,350,2002,0
143,3,22,350,2003,0
143,3,22,350,2004,0
143,3,22,350,2005,0
143,3,22,350,2006,0
143,3,22,350,2007,0
143,3,22,350,2008,0
143,3,22,350,2009,0
143,3,22,350,2010,0
143,3,22,350,2011,0
143,3,22,350,2012,0
143,3,22,350,2013,0
143,3,22,350,2014,0
143,3,22,350,2015,0
143,3,22,350,2016,0
143,3,27,350,1990,0
143,3,27,350,1991,0
143,3,27,350,1992,0
143,3,27,350,1993,0
143,3,27,350,1994,0
143,3,27,350,1995,0
143,3,27,350,1996,0
143,3,27,350,1997,0
143,3,27,350,1998,0
143,3,27,350,1999,0
143,3,27,350,2000,0
143,3,27,350,2001,0
143,3,27,350,2002,0
143,3,27,350,2003,0
143,3,27,350,2004,0
143,3,27,350,2005,0
143,3,27,350,2006,0
143,3,27,350,2007,0
143,3,27,350,2008,0
143,3,27,350,2009,0
143,3,27,350,2010,0
143,3,27,350,2011,0
143,3,27,350,2012,0
143,3,27,350,2013,0
143,3,27,350,2014,0
143,3,27,350,2015,0
143,3,27,350,2016,0
144,1,22,350,1990,0
144,1,22,350,1991,0
144,1,22,350,1992,0
144,1,22,350,1993,0
144,1,22,350,1994,0
144,1,22,350,1995,0
144,1,22,350,1996,0
144,1,22,350,1997,0
144,1,22,350,1998,0
144,1,22,350,1999,0
144,1,22,350,2000,0
144,1,22,350,2001,0
144,1,22,350,2002,0
144,1,22,350,2003,0
144,1,22,350,2004,0
144,1,22,350,2005,0
144,1,22,350,2006,0
144,1,22,350,2007,0
144,1,22,350,2008,0
144,1,22,350,2009,0
144,1,22,350,2010,0
144,1,22,350,2011,0
144,1,22,350,2012,0
144,1,22,350,2013,0
144,1,22,350,2014,0
144,1,22,350,2015,0
144,1,22,350,2016,0
144,1,27,350,1990,0
144,1,27,350,1991,0
144,1,27,350,1992,0
144,1,27,350,1993,0
144,1,27,350,1994,0
144,1,27,350,1995,0
144,1,27,350,1996,0
144,1,27,350,1997,0
144,1,27,350,1998,0
144,1,27,350,1999,0
144,1,27,350,2000,0
144,1,27,350,2001,0
144,1,27,350,2002,0
144,1,27,350,2003,0
144,1,27,350,2004,0
144,1,27,350,2005,0
144,1,27,350,2006,0
144,1,27,350,2007,0
144,1,27,350,2008,0
144,1,27,350,2009,0
144,1,27,350,2010,0
144,1,27,350,2011,0
144,1,27,350,2012,0
144,1,27,350,2013,0
144,1,27,350,2014,0
144,1,27,350,2015,0
144,1,27,350,2016,0
144,2,22,350,1990,0
144,2,22,350,1991,0
144,2,22,350,1992,0
144,2,22,350,1993,0
144,2,22,350,1994,0
144,2,22,350,1995,0
144,2,22,350,1996,0
144,2,22,350,1997,0
144,2,22,350,1998,0
144,2,22,350,1999,0
144,2,22,350,2000,0
144,2,22,350,2001,0
144,2,22,350,2002,0
144,2,22,350,2003,0
144,2,22,350,2004,0
144,2,22,350,2005,0
144,2,22,350,2006,0
144,2,22,350,2007,0
144,2,22,350,2008,0
144,2,22,350,2009,0
144,2,22,350,2010,0
144,2,22,350,2011,0
144,2,22,350,2012,0
144,2,22,350,2013,0
144,2,22,350,2014,0
144,2,22,350,2015,0
144,2,22,350,2016,0
144,2,27,350,1990,0
144,2,27,350,1991,0
144,2,27,350,1992,0
144,2,27,350,1993,0
144,2,27,350,1994,0
144,2,27,350,1995,0
144,2,27,350,1996,0
144,2,27,350,1997,0
144,2,27,350,1998,0
144,2,27,350,1999,0
144,2,27,350,2000,0
144,2,27,350,2001,0
144,2,27,350,2002,0
144,2,27,350,2003,0
144,2,27,350,2004,0
144,2,27,350,2005,0
144,2,27,350,2006,0
144,2,27,350,2007,0
144,2,27,350,2008,0
144,2,27,350,2009,0
144,2,27,350,2010,0
144,2,27,350,2011,0
144,2,27,350,2012,0
144,2,27,350,2013,0
144,2,27,350,2014,0
144,2,27,350,2015,0
144,2,27,350,2016,0
144,3,22,350,1990,0
144,3,22,350,1991,0
144,3,22,350,1992,0
144,3,22,350,1993,0
144,3,22,350,1994,0
144,3,22,350,1995,0
144,3,22,350,1996,0
144,3,22,350,1997,0
144,3,22,350,1998,0
144,3,22,350,1999,0
144,3,22,350,2000,0
144,3,22,350,2001,0
144,3,22,350,2002,0
144,3,22,350,2003,0
144,3,22,350,2004,0
144,3,22,350,2005,0
144,3,22,350,2006,0
144,3,22,350,2007,0
144,3,22,350,2008,0
144,3,22,350,2009,0
144,3,22,350,2010,0
144,3,22,350,2011,0
144,3,22,350,2012,0
144,3,22,350,2013,0
144,3,22,350,2014,0
144,3,22,350,2015,0
144,3,22,350,2016,0
144,3,27,350,1990,0
144,3,27,350,1991,0
144,3,27,350,1992,0
144,3,27,350,1993,0
144,3,27,350,1994,0
144,3,27,350,1995,0
144,3,27,350,1996,0
144,3,27,350,1997,0
144,3,27,350,1998,0
144,3,27,350,1999,0
144,3,27,350,2000,0
144,3,27,350,2001,0
144,3,27,350,2002,0
144,3,27,350,2003,0
144,3,27,350,2004,0
144,3,27,350,2005,0
144,3,27,350,2006,0
144,3,27,350,2007,0
144,3,27,350,2008,0
144,3,27,350,2009,0
144,3,27,350,2010,0
144,3,27,350,2011,0
144,3,27,350,2012,0
144,3,27,350,2013,0
144,3,27,350,2014,0
144,3,27,350,2015,0
144,3,27,350,2016,0
145,1,22,350,1990,0
145,1,22,350,1991,0
145,1,22,350,1992,0
145,1,22,350,1993,0
145,1,22,350,1994,0
145,1,22,350,1995,0
145,1,22,350,1996,0
145,1,22,350,1997,0
145,1,22,350,1998,0
145,1,22,350,1999,0
145,1,22,350,2000,0
145,1,22,350,2001,0
145,1,22,350,2002,0
145,1,22,350,2003,0
145,1,22,350,2004,0
145,1,22,350,2005,0
145,1,22,350,2006,0
145,1,22,350,2007,0
145,1,22,350,2008,0
145,1,22,350,2009,0
145,1,22,350,2010,0
145,1,22,350,2011,0
145,1,22,350,2012,0
145,1,22,350,2013,0
145,1,22,350,2014,0
145,1,22,350,2015,0
145,1,22,350,2016,0
145,1,27,350,1990,0
145,1,27,350,1991,0
145,1,27,350,1992,0
145,1,27,350,1993,0
145,1,27,350,1994,0
145,1,27,350,1995,0
145,1,27,350,1996,0
145,1,27,350,1997,0
145,1,27,350,1998,0
145,1,27,350,1999,0
145,1,27,350,2000,0
145,1,27,350,2001,0
145,1,27,350,2002,0
145,1,27,350,2003,0
145,1,27,350,2004,0
145,1,27,350,2005,0
145,1,27,350,2006,0
145,1,27,350,2007,0
145,1,27,350,2008,0
145,1,27,350,2009,0
145,1,27,350,2010,0
145,1,27,350,2011,0
145,1,27,350,2012,0
145,1,27,350,2013,0
145,1,27,350,2014,0
145,1,27,350,2015,0
145,1,27,350,2016,0
145,2,22,350,1990,0
145,2,22,350,1991,0
145,2,22,350,1992,0
145,2,22,350,1993,0
145,2,22,350,1994,0
145,2,22,350,1995,0
145,2,22,350,1996,0
145,2,22,350,1997,0
145,2,22,350,1998,0
145,2,22,350,1999,0
145,2,22,350,2000,0
145,2,22,350,2001,0
145,2,22,350,2002,0
145,2,22,350,2003,0
145,2,22,350,2004,0
145,2,22,350,2005,0
145,2,22,350,2006,0
145,2,22,350,2007,0
145,2,22,350,2008,0
145,2,22,350,2009,0
145,2,22,350,2010,0
145,2,22,350,2011,0
145,2,22,350,2012,0
145,2,22,350,2013,0
145,2,22,350,2014,0
145,2,22,350,2015,0
145,2,22,350,2016,0
145,2,27,350,1990,0
145,2,27,350,1991,0
145,2,27,350,1992,0
145,2,27,350,1993,0
145,2,27,350,1994,0
145,2,27,350,1995,0
145,2,27,350,1996,0
145,2,27,350,1997,0
145,2,27,350,1998,0
145,2,27,350,1999,0
145,2,27,350,2000,0
145,2,27,350,2001,0
145,2,27,350,2002,0
145,2,27,350,2003,0
145,2,27,350,2004,0
145,2,27,350,2005,0
145,2,27,350,2006,0
145,2,27,350,2007,0
145,2,27,350,2008,0
145,2,27,350,2009,0
145,2,27,350,2010,0
145,2,27,350,2011,0
145,2,27,350,2012,0
145,2,27,350,2013,0
145,2,27,350,2014,0
145,2,27,350,2015,0
145,2,27,350,2016,0
145,3,22,350,1990,0
145,3,22,350,1991,0
145,3,22,350,1992,0
145,3,22,350,1993,0
145,3,22,350,1994,0
145,3,22,350,1995,0
145,3,22,350,1996,0
145,3,22,350,1997,0
145,3,22,350,1998,0
145,3,22,350,1999,0
145,3,22,350,2000,0
145,3,22,350,2001,0
145,3,22,350,2002,0
145,3,22,350,2003,0
145,3,22,350,2004,0
145,3,22,350,2005,0
145,3,22,350,2006,0
145,3,22,350,2007,0
145,3,22,350,2008,0
145,3,22,350,2009,0
145,3,22,350,2010,0
145,3,22,350,2011,0
145,3,22,350,2012,0
145,3,22,350,2013,0
145,3,22,350,2014,0
145,3,22,350,2015,0
145,3,22,350,2016,0
145,3,27,350,1990,0
145,3,27,350,1991,0
145,3,27,350,1992,0
145,3,27,350,1993,0
145,3,27,350,1994,0
145,3,27,350,1995,0
145,3,27,350,1996,0
145,3,27,350,1997,0
145,3,27,350,1998,0
145,3,27,350,1999,0
145,3,27,350,2000,0
145,3,27,350,2001,0
145,3,27,350,2002,0
145,3,27,350,2003,0
145,3,27,350,2004,0
145,3,27,350,2005,0
145,3,27,350,2006,0
145,3,27,350,2007,0
145,3,27,350,2008,0
145,3,27,350,2009,0
145,3,27,350,2010,0
145,3,27,350,2011,0
145,3,27,350,2012,0
145,3,27,350,2013,0
145,3,27,350,2014,0
145,3,27,350,2015,0
145,3,27,350,2016,0
146,1,22,350,1990,0
146,1,22,350,1991,0
146,1,22,350,1992,0
146,1,22,350,1993,0
146,1,22,350,1994,0
146,1,22,350,1995,0
146,1,22,350,1996,0
146,1,22,350,1997,0
146,1,22,350,1998,0
146,1,22,350,1999,0
146,1,22,350,2000,0
146,1,22,350,2001,0
146,1,22,350,2002,0
146,1,22,350,2003,0
146,1,22,350,2004,0
146,1,22,350,2005,0
146,1,22,350,2006,0
146,1,22,350,2007,0
146,1,22,350,2008,0
146,1,22,350,2009,0
146,1,22,350,2010,0
146,1,22,350,2011,0
146,1,22,350,2012,0
146,1,22,350,2013,0
146,1,22,350,2014,0
146,1,22,350,2015,0
146,1,22,350,2016,0
146,1,27,350,1990,0
146,1,27,350,1991,0
146,1,27,350,1992,0
146,1,27,350,1993,0
146,1,27,350,1994,0
146,1,27,350,1995,0
146,1,27,350,1996,0
146,1,27,350,1997,0
146,1,27,350,1998,0
146,1,27,350,1999,0
146,1,27,350,2000,0
146,1,27,350,2001,0
146,1,27,350,2002,0
146,1,27,350,2003,0
146,1,27,350,2004,0
146,1,27,350,2005,0
146,1,27,350,2006,0
146,1,27,350,2007,0
146,1,27,350,2008,0
146,1,27,350,2009,0
146,1,27,350,2010,0
146,1,27,350,2011,0
146,1,27,350,2012,0
146,1,27,350,2013,0
146,1,27,350,2014,0
146,1,27,350,2015,0
146,1,27,350,2016,0
146,2,22,350,1990,0
146,2,22,350,1991,0
146,2,22,350,1992,0
146,2,22,350,1993,0
146,2,22,350,1994,0
146,2,22,350,1995,0
146,2,22,350,1996,0
146,2,22,350,1997,0
146,2,22,350,1998,0
146,2,22,350,1999,0
146,2,22,350,2000,0
146,2,22,350,2001,0
146,2,22,350,2002,0
146,2,22,350,2003,0
146,2,22,350,2004,0
146,2,22,350,2005,0
146,2,22,350,2006,0
146,2,22,350,2007,0
146,2,22,350,2008,0
146,2,22,350,2009,0
146,2,22,350,2010,0
146,2,22,350,2011,0
146,2,22,350,2012,0
146,2,22,350,2013,0
146,2,22,350,2014,0
146,2,22,350,2015,0
146,2,22,350,2016,0
146,2,27,350,1990,0
146,2,27,350,1991,0
146,2,27,350,1992,0
146,2,27,350,1993,0
146,2,27,350,1994,0
146,2,27,350,1995,0
146,2,27,350,1996,0
146,2,27,350,1997,0
146,2,27,350,1998,0
146,2,27,350,1999,0
146,2,27,350,2000,0
146,2,27,350,2001,0
146,2,27,350,2002,0
146,2,27,350,2003,0
146,2,27,350,2004,0
146,2,27,350,2005,0
146,2,27,350,2006,0
146,2,27,350,2007,0
146,2,27,350,2008,0
146,2,27,350,2009,0
146,2,27,350,2010,0
146,2,27,350,2011,0
146,2,27,350,2012,0
146,2,27,350,2013,0
146,2,27,350,2014,0
146,2,27,350,2015,0
146,2,27,350,2016,0
146,3,22,350,1990,0
146,3,22,350,1991,0
146,3,22,350,1992,0
146,3,22,350,1993,0
146,3,22,350,1994,0
146,3,22,350,1995,0
146,3,22,350,1996,0
146,3,22,350,1997,0
146,3,22,350,1998,0
146,3,22,350,1999,0
146,3,22,350,2000,0
146,3,22,350,2001,0
146,3,22,350,2002,0
146,3,22,350,2003,0
146,3,22,350,2004,0
146,3,22,350,2005,0
146,3,22,350,2006,0
146,3,22,350,2007,0
146,3,22,350,2008,0
146,3,22,350,2009,0
146,3,22,350,2010,0
146,3,22,350,2011,0
146,3,22,350,2012,0
146,3,22,350,2013,0
146,3,22,350,2014,0
146,3,22,350,2015,0
146,3,22,350,2016,0
146,3,27,350,1990,0
146,3,27,350,1991,0
146,3,27,350,1992,0
146,3,27,350,1993,0
146,3,27,350,1994,0
146,3,27,350,1995,0
146,3,27,350,1996,0
146,3,27,350,1997,0
146,3,27,350,1998,0
146,3,27,350,1999,0
146,3,27,350,2000,0
146,3,27,350,2001,0
146,3,27,350,2002,0
146,3,27,350,2003,0
146,3,27,350,2004,0
146,3,27,350,2005,0
146,3,27,350,2006,0
146,3,27,350,2007,0
146,3,27,350,2008,0
146,3,27,350,2009,0
146,3,27,350,2010,0
146,3,27,350,2011,0
146,3,27,350,2012,0
146,3,27,350,2013,0
146,3,27,350,2014,0
146,3,27,350,2015,0
146,3,27,350,2016,0
147,1,22,350,1990,0
147,1,22,350,1991,0
147,1,22,350,1992,0
147,1,22,350,1993,0
147,1,22,350,1994,0
147,1,22,350,1995,0
147,1,22,350,1996,0
147,1,22,350,1997,0
147,1,22,350,1998,0
147,1,22,350,1999,0
147,1,22,350,2000,0
147,1,22,350,2001,0
147,1,22,350,2002,0
147,1,22,350,2003,0
147,1,22,350,2004,0
147,1,22,350,2005,0
147,1,22,350,2006,0
147,1,22,350,2007,0
147,1,22,350,2008,0
147,1,22,350,2009,0
147,1,22,350,2010,0
147,1,22,350,2011,0
147,1,22,350,2012,0
147,1,22,350,2013,0
147,1,22,350,2014,0
147,1,22,350,2015,0
147,1,22,350,2016,0
147,1,27,350,1990,0
147,1,27,350,1991,0
147,1,27,350,1992,0
147,1,27,350,1993,0
147,1,27,350,1994,0
147,1,27,350,1995,0
147,1,27,350,1996,0
147,1,27,350,1997,0
147,1,27,350,1998,0
147,1,27,350,1999,0
147,1,27,350,2000,0
147,1,27,350,2001,0
147,1,27,350,2002,0
147,1,27,350,2003,0
147,1,27,350,2004,0
147,1,27,350,2005,0
147,1,27,350,2006,0
147,1,27,350,2007,0
147,1,27,350,2008,0
147,1,27,350,2009,0
147,1,27,350,2010,0
147,1,27,350,2011,0
147,1,27,350,2012,0
147,1,27,350,2013,0
147,1,27,350,2014,0
147,1,27,350,2015,0
147,1,27,350,2016,0
147,2,22,350,1990,0
147,2,22,350,1991,0
147,2,22,350,1992,0
147,2,22,350,1993,0
147,2,22,350,1994,0
147,2,22,350,1995,0
147,2,22,350,1996,0
147,2,22,350,1997,0
147,2,22,350,1998,0
147,2,22,350,1999,0
147,2,22,350,2000,0
147,2,22,350,2001,0
147,2,22,350,2002,0
147,2,22,350,2003,0
147,2,22,350,2004,0
147,2,22,350,2005,0
147,2,22,350,2006,0
147,2,22,350,2007,0
147,2,22,350,2008,0
147,2,22,350,2009,0
147,2,22,350,2010,0
147,2,22,350,2011,0
147,2,22,350,2012,0
147,2,22,350,2013,0
147,2,22,350,2014,0
147,2,22,350,2015,0
147,2,22,350,2016,0
147,2,27,350,1990,0
147,2,27,350,1991,0
147,2,27,350,1992,0
147,2,27,350,1993,0
147,2,27,350,1994,0
147,2,27,350,1995,0
147,2,27,350,1996,0
147,2,27,350,1997,0
147,2,27,350,1998,0
147,2,27,350,1999,0
147,2,27,350,2000,0
147,2,27,350,2001,0
147,2,27,350,2002,0
147,2,27,350,2003,0
147,2,27,350,2004,0
147,2,27,350,2005,0
147,2,27,350,2006,0
147,2,27,350,2007,0
147,2,27,350,2008,0
147,2,27,350,2009,0
147,2,27,350,2010,0
147,2,27,350,2011,0
147,2,27,350,2012,0
147,2,27,350,2013,0
147,2,27,350,2014,0
147,2,27,350,2015,0
147,2,27,350,2016,0
147,3,22,350,1990,0
147,3,22,350,1991,0
147,3,22,350,1992,0
147,3,22,350,1993,0
147,3,22,350,1994,0
147,3,22,350,1995,0
147,3,22,350,1996,0
147,3,22,350,1997,0
147,3,22,350,1998,0
147,3,22,350,1999,0
147,3,22,350,2000,0
147,3,22,350,2001,0
147,3,22,350,2002,0
147,3,22,350,2003,0
147,3,22,350,2004,0
147,3,22,350,2005,0
147,3,22,350,2006,0
147,3,22,350,2007,0
147,3,22,350,2008,0
147,3,22,350,2009,0
147,3,22,350,2010,0
147,3,22,350,2011,0
147,3,22,350,2012,0
147,3,22,350,2013,0
147,3,22,350,2014,0
147,3,22,350,2015,0
147,3,22,350,2016,0
147,3,27,350,1990,0
147,3,27,350,1991,0
147,3,27,350,1992,0
147,3,27,350,1993,0
147,3,27,350,1994,0
147,3,27,350,1995,0
147,3,27,350,1996,0
147,3,27,350,1997,0
147,3,27,350,1998,0
147,3,27,350,1999,0
147,3,27,350,2000,0
147,3,27,350,2001,0
147,3,27,350,2002,0
147,3,27,350,2003,0
147,3,27,350,2004,0
147,3,27,350,2005,0
147,3,27,350,2006,0
147,3,27,350,2007,0
147,3,27,350,2008,0
147,3,27,350,2009,0
147,3,27,350,2010,0
147,3,27,350,2011,0
147,3,27,350,2012,0
147,3,27,350,2013,0
147,3,27,350,2014,0
147,3,27,350,2015,0
147,3,27,350,2016,0
148,1,22,350,1990,0
148,1,22,350,1991,0
148,1,22,350,1992,0
148,1,22,350,1993,0
148,1,22,350,1994,0
148,1,22,350,1995,0
148,1,22,350,1996,0
148,1,22,350,1997,0
148,1,22,350,1998,0
148,1,22,350,1999,0
148,1,22,350,2000,0
148,1,22,350,2001,0
148,1,22,350,2002,0
148,1,22,350,2003,0
148,1,22,350,2004,0
148,1,22,350,2005,0
148,1,22,350,2006,0
148,1,22,350,2007,0
148,1,22,350,2008,0
148,1,22,350,2009,0
148,1,22,350,2010,0
148,1,22,350,2011,0
148,1,22,350,2012,0
148,1,22,350,2013,0
148,1,22,350,2014,0
148,1,22,350,2015,0
148,1,22,350,2016,0
148,1,27,350,1990,0
148,1,27,350,1991,0
148,1,27,350,1992,0
148,1,27,350,1993,0
148,1,27,350,1994,0
148,1,27,350,1995,0
148,1,27,350,1996,0
148,1,27,350,1997,0
148,1,27,350,1998,0
148,1,27,350,1999,0
148,1,27,350,2000,0
148,1,27,350,2001,0
148,1,27,350,2002,0
148,1,27,350,2003,0
148,1,27,350,2004,0
148,1,27,350,2005,0
148,1,27,350,2006,0
148,1,27,350,2007,0
148,1,27,350,2008,0
148,1,27,350,2009,0
148,1,27,350,2010,0
148,1,27,350,2011,0
148,1,27,350,2012,0
148,1,27,350,2013,0
148,1,27,350,2014,0
148,1,27,350,2015,0
148,1,27,350,2016,0
148,2,22,350,1990,0
148,2,22,350,1991,0
148,2,22,350,1992,0
148,2,22,350,1993,0
148,2,22,350,1994,0
148,2,22,350,1995,0
148,2,22,350,1996,0
148,2,22,350,1997,0
148,2,22,350,1998,0
148,2,22,350,1999,0
148,2,22,350,2000,0
148,2,22,350,2001,0
148,2,22,350,2002,0
148,2,22,350,2003,0
148,2,22,350,2004,0
148,2,22,350,2005,0
148,2,22,350,2006,0
148,2,22,350,2007,0
148,2,22,350,2008,0
148,2,22,350,2009,0
148,2,22,350,2010,0
148,2,22,350,2011,0
148,2,22,350,2012,0
148,2,22,350,2013,0
148,2,22,350,2014,0
148,2,22,350,2015,0
148,2,22,350,2016,0
148,2,27,350,1990,0
148,2,27,350,1991,0
148,2,27,350,1992,0
148,2,27,350,1993,0
148,2,27,350,1994,0
148,2,27,350,1995,0
148,2,27,350,1996,0
148,2,27,350,1997,0
148,2,27,350,1998,0
148,2,27,350,1999,0
148,2,27,350,2000,0
148,2,27,350,2001,0
148,2,27,350,2002,0
148,2,27,350,2003,0
148,2,27,350,2004,0
148,2,27,350,2005,0
148,2,27,350,2006,0
148,2,27,350,2007,0
148,2,27,350,2008,0
148,2,27,350,2009,0
148,2,27,350,2010,0
148,2,27,350,2011,0
148,2,27,350,2012,0
148,2,27,350,2013,0
148,2,27,350,2014,0
148,2,27,350,2015,0
148,2,27,350,2016,0
148,3,22,350,1990,0
148,3,22,350,1991,0
148,3,22,350,1992,0
148,3,22,350,1993,0
148,3,22,350,1994,0
148,3,22,350,1995,0
148,3,22,350,1996,0
148,3,22,350,1997,0
148,3,22,350,1998,0
148,3,22,350,1999,0
148,3,22,350,2000,0
148,3,22,350,2001,0
148,3,22,350,2002,0
148,3,22,350,2003,0
148,3,22,350,2004,0
148,3,22,350,2005,0
148,3,22,350,2006,0
148,3,22,350,2007,0
148,3,22,350,2008,0
148,3,22,350,2009,0
148,3,22,350,2010,0
148,3,22,350,2011,0
148,3,22,350,2012,0
148,3,22,350,2013,0
148,3,22,350,2014,0
148,3,22,350,2015,0
148,3,22,350,2016,0
148,3,27,350,1990,0
148,3,27,350,1991,0
148,3,27,350,1992,0
148,3,27,350,1993,0
148,3,27,350,1994,0
148,3,27,350,1995,0
148,3,27,350,1996,0
148,3,27,350,1997,0
148,3,27,350,1998,0
148,3,27,350,1999,0
148,3,27,350,2000,0
148,3,27,350,2001,0
148,3,27,350,2002,0
148,3,27,350,2003,0
148,3,27,350,2004,0
148,3,27,350,2005,0
148,3,27,350,2006,0
148,3,27,350,2007,0
148,3,27,350,2008,0
148,3,27,350,2009,0
148,3,27,350,2010,0
148,3,27,350,2011,0
148,3,27,350,2012,0
148,3,27,350,2013,0
148,3,27,350,2014,0
148,3,27,350,2015,0
148,3,27,350,2016,0
149,1,22,350,1990,0
149,1,22,350,1991,0
149,1,22,350,1992,0
149,1,22,350,1993,0
149,1,22,350,1994,0
149,1,22,350,1995,0
149,1,22,350,1996,0
149,1,22,350,1997,0
149,1,22,350,1998,0
149,1,22,350,1999,0
149,1,22,350,2000,0
149,1,22,350,2001,0
149,1,22,350,2002,0
149,1,22,350,2003,0
149,1,22,350,2004,0
149,1,22,350,2005,0
149,1,22,350,2006,0
149,1,22,350,2007,0
149,1,22,350,2008,0
149,1,22,350,2009,0
149,1,22,350,2010,0
149,1,22,350,2011,0
149,1,22,350,2012,0
149,1,22,350,2013,0
149,1,22,350,2014,0
149,1,22,350,2015,0
149,1,22,350,2016,0
149,1,27,350,1990,0
149,1,27,350,1991,0
149,1,27,350,1992,0
149,1,27,350,1993,0
149,1,27,350,1994,0
149,1,27,350,1995,0
149,1,27,350,1996,0
149,1,27,350,1997,0
149,1,27,350,1998,0
149,1,27,350,1999,0
149,1,27,350,2000,0
149,1,27,350,2001,0
149,1,27,350,2002,0
149,1,27,350,2003,0
149,1,27,350,2004,0
149,1,27,350,2005,0
149,1,27,350,2006,0
149,1,27,350,2007,0
149,1,27,350,2008,0
149,1,27,350,2009,0
149,1,27,350,2010,0
149,1,27,350,2011,0
149,1,27,350,2012,0
149,1,27,350,2013,0
149,1,27,350,2014,0
149,1,27,350,2015,0
149,1,27,350,2016,0
149,2,22,350,1990,0
149,2,22,350,1991,0
149,2,22,350,1992,0
149,2,22,350,1993,0
149,2,22,350,1994,0
149,2,22,350,1995,0
149,2,22,350,1996,0
149,2,22,350,1997,0
149,2,22,350,1998,0
149,2,22,350,1999,0
149,2,22,350,2000,0
149,2,22,350,2001,0
149,2,22,350,2002,0
149,2,22,350,2003,0
149,2,22,350,2004,0
149,2,22,350,2005,0
149,2,22,350,2006,0
149,2,22,350,2007,0
149,2,22,350,2008,0
149,2,22,350,2009,0
149,2,22,350,2010,0
149,2,22,350,2011,0
149,2,22,350,2012,0
149,2,22,350,2013,0
149,2,22,350,2014,0
149,2,22,350,2015,0
149,2,22,350,2016,0
149,2,27,350,1990,0
149,2,27,350,1991,0
149,2,27,350,1992,0
149,2,27,350,1993,0
149,2,27,350,1994,0
149,2,27,350,1995,0
149,2,27,350,1996,0
149,2,27,350,1997,0
149,2,27,350,1998,0
149,2,27,350,1999,0
149,2,27,350,2000,0
149,2,27,350,2001,0
149,2,27,350,2002,0
149,2,27,350,2003,0
149,2,27,350,2004,0
149,2,27,350,2005,0
149,2,27,350,2006,0
149,2,27,350,2007,0
149,2,27,350,2008,0
149,2,27,350,2009,0
149,2,27,350,2010,0
149,2,27,350,2011,0
149,2,27,350,2012,0
149,2,27,350,2013,0
149,2,27,350,2014,0
149,2,27,350,2015,0
149,2,27,350,2016,0
149,3,22,350,1990,0
149,3,22,350,1991,0
149,3,22,350,1992,0
149,3,22,350,1993,0
149,3,22,350,1994,0
149,3,22,350,1995,0
149,3,22,350,1996,0
149,3,22,350,1997,0
149,3,22,350,1998,0
149,3,22,350,1999,0
149,3,22,350,2000,0
149,3,22,350,2001,0
149,3,22,350,2002,0
149,3,22,350,2003,0
149,3,22,350,2004,0
149,3,22,350,2005,0
149,3,22,350,2006,0
149,3,22,350,2007,0
149,3,22,350,2008,0
149,3,22,350,2009,0
149,3,22,350,2010,0
149,3,22,350,2011,0
149,3,22,350,2012,0
149,3,22,350,2013,0
149,3,22,350,2014,0
149,3,22,350,2015,0
149,3,22,350,2016,0
149,3,27,350,1990,0
149,3,27,350,1991,0
149,3,27,350,1992,0
149,3,27,350,1993,0
149,3,27,350,1994,0
149,3,27,350,1995,0
149,3,27,350,1996,0
149,3,27,350,1997,0
149,3,27,350,1998,0
149,3,27,350,1999,0
149,3,27,350,2000,0
149,3,27,350,2001,0
149,3,27,350,2002,0
149,3,27,350,2003,0
149,3,27,350,2004,0
149,3,27,350,2005,0
149,3,27,350,2006,0
149,3,27,350,2007,0
149,3,27,350,2008,0
149,3,27,350,2009,0
149,3,27,350,2010,0
149,3,27,350,2011,0
149,3,27,350,2012,0
149,3,27,350,2013,0
149,3,27,350,2014,0
149,3,27,350,2015,0
149,3,27,350,2016,0
150,1,22,350,1990,0
150,1,22,350,1991,0
150,1,22,350,1992,0
150,1,22,350,1993,0
150,1,22,350,1994,0
150,1,22,350,1995,0
150,1,22,350,1996,0
150,1,22,350,1997,0
150,1,22,350,1998,0
150,1,22,350,1999,0
150,1,22,350,2000,0
150,1,22,350,2001,0
150,1,22,350,2002,0
150,1,22,350,2003,0
150,1,22,350,2004,0
150,1,22,350,2005,0
150,1,22,350,2006,0
150,1,22,350,2007,0
150,1,22,350,2008,0
150,1,22,350,2009,0
150,1,22,350,2010,0
150,1,22,350,2011,0
150,1,22,350,2012,0
150,1,22,350,2013,0
150,1,22,350,2014,0
150,1,22,350,2015,0
150,1,22,350,2016,0
150,1,27,350,1990,0
150,1,27,350,1991,0
150,1,27,350,1992,0
150,1,27,350,1993,0
150,1,27,350,1994,0
150,1,27,350,1995,0
150,1,27,350,1996,0
150,1,27,350,1997,0
150,1,27,350,1998,0
150,1,27,350,1999,0
150,1,27,350,2000,0
150,1,27,350,2001,0
150,1,27,350,2002,0
150,1,27,350,2003,0
150,1,27,350,2004,0
150,1,27,350,2005,0
150,1,27,350,2006,0
150,1,27,350,2007,0
150,1,27,350,2008,0
150,1,27,350,2009,0
150,1,27,350,2010,0
150,1,27,350,2011,0
150,1,27,350,2012,0
150,1,27,350,2013,0
150,1,27,350,2014,0
150,1,27,350,2015,0
150,1,27,350,2016,0
150,2,22,350,1990,0
150,2,22,350,1991,0
150,2,22,350,1992,0
150,2,22,350,1993,0
150,2,22,350,1994,0
150,2,22,350,1995,0
150,2,22,350,1996,0
150,2,22,350,1997,0
150,2,22,350,1998,0
150,2,22,350,1999,0
150,2,22,350,2000,0
150,2,22,350,2001,0
150,2,22,350,2002,0
150,2,22,350,2003,0
150,2,22,350,2004,0
150,2,22,350,2005,0
150,2,22,350,2006,0
150,2,22,350,2007,0
150,2,22,350,2008,0
150,2,22,350,2009,0
150,2,22,350,2010,0
150,2,22,350,2011,0
150,2,22,350,2012,0
150,2,22,350,2013,0
150,2,22,350,2014,0
150,2,22,350,2015,0
150,2,22,350,2016,0
150,2,27,350,1990,0
150,2,27,350,1991,0
150,2,27,350,1992,0
150,2,27,350,1993,0
150,2,27,350,1994,0
150,2,27,350,1995,0
150,2,27,350,1996,0
150,2,27,350,1997,0
150,2,27,350,1998,0
150,2,27,350,1999,0
150,2,27,350,2000,0
150,2,27,350,2001,0
150,2,27,350,2002,0
150,2,27,350,2003,0
150,2,27,350,2004,0
150,2,27,350,2005,0
150,2,27,350,2006,0
150,2,27,350,2007,0
150,2,27,350,2008,0
150,2,27,350,2009,0
150,2,27,350,2010,0
150,2,27,350,2011,0
150,2,27,350,2012,0
150,2,27,350,2013,0
150,2,27,350,2014,0
150,2,27,350,2015,0
150,2,27,350,2016,0
150,3,22,350,1990,0
150,3,22,350,1991,0
150,3,22,350,1992,0
150,3,22,350,1993,0
150,3,22,350,1994,0
150,3,22,350,1995,0
150,3,22,350,1996,0
150,3,22,350,1997,0
150,3,22,350,1998,0
150,3,22,350,1999,0
150,3,22,350,2000,0
150,3,22,350,2001,0
150,3,22,350,2002,0
150,3,22,350,2003,0
150,3,22,350,2004,0
150,3,22,350,2005,0
150,3,22,350,2006,0
150,3,22,350,2007,0
150,3,22,350,2008,0
150,3,22,350,2009,0
150,3,22,350,2010,0
150,3,22,350,2011,0
150,3,22,350,2012,0
150,3,22,350,2013,0
150,3,22,350,2014,0
150,3,22,350,2015,0
150,3,22,350,2016,0
150,3,27,350,1990,0
150,3,27,350,1991,0
150,3,27,350,1992,0
150,3,27,350,1993,0
150,3,27,350,1994,0
150,3,27,350,1995,0
150,3,27,350,1996,0
150,3,27,350,1997,0
150,3,27,350,1998,0
150,3,27,350,1999,0
150,3,27,350,2000,0
150,3,27,350,2001,0
150,3,27,350,2002,0
150,3,27,350,2003,0
150,3,27,350,2004,0
150,3,27,350,2005,0
150,3,27,350,2006,0
150,3,27,350,2007,0
150,3,27,350,2008,0
150,3,27,350,2009,0
150,3,27,350,2010,0
150,3,27,350,2011,0
150,3,27,350,2012,0
150,3,27,350,2013,0
150,3,27,350,2014,0
150,3,27,350,2015,0
150,3,27,350,2016,0
151,1,22,350,1990,0
151,1,22,350,1991,0
151,1,22,350,1992,0
151,1,22,350,1993,0
151,1,22,350,1994,0
151,1,22,350,1995,0
151,1,22,350,1996,0
151,1,22,350,1997,0
151,1,22,350,1998,0
151,1,22,350,1999,0
151,1,22,350,2000,0
151,1,22,350,2001,0
151,1,22,350,2002,0
151,1,22,350,2003,0
151,1,22,350,2004,0
151,1,22,350,2005,0
151,1,22,350,2006,0
151,1,22,350,2007,0
151,1,22,350,2008,0
151,1,22,350,2009,0
151,1,22,350,2010,0
151,1,22,350,2011,0
151,1,22,350,2012,0
151,1,22,350,2013,0
151,1,22,350,2014,0
151,1,22,350,2015,0
151,1,22,350,2016,0
151,1,27,350,1990,0
151,1,27,350,1991,0
151,1,27,350,1992,0
151,1,27,350,1993,0
151,1,27,350,1994,0
151,1,27,350,1995,0
151,1,27,350,1996,0
151,1,27,350,1997,0
151,1,27,350,1998,0
151,1,27,350,1999,0
151,1,27,350,2000,0
151,1,27,350,2001,0
151,1,27,350,2002,0
151,1,27,350,2003,0
151,1,27,350,2004,0
151,1,27,350,2005,0
151,1,27,350,2006,0
151,1,27,350,2007,0
151,1,27,350,2008,0
151,1,27,350,2009,0
151,1,27,350,2010,0
151,1,27,350,2011,0
151,1,27,350,2012,0
151,1,27,350,2013,0
151,1,27,350,2014,0
151,1,27,350,2015,0
151,1,27,350,2016,0
151,2,22,350,1990,0
151,2,22,350,1991,0
151,2,22,350,1992,0
151,2,22,350,1993,0
151,2,22,350,1994,0
151,2,22,350,1995,0
151,2,22,350,1996,0
151,2,22,350,1997,0
151,2,22,350,1998,0
151,2,22,350,1999,0
151,2,22,350,2000,0
151,2,22,350,2001,0
151,2,22,350,2002,0
151,2,22,350,2003,0
151,2,22,350,2004,0
151,2,22,350,2005,0
151,2,22,350,2006,0
151,2,22,350,2007,0
151,2,22,350,2008,0
151,2,22,350,2009,0
151,2,22,350,2010,0
151,2,22,350,2011,0
151,2,22,350,2012,0
151,2,22,350,2013,0
151,2,22,350,2014,0
151,2,22,350,2015,0
151,2,22,350,2016,0
151,2,27,350,1990,0
151,2,27,350,1991,0
151,2,27,350,1992,0
151,2,27,350,1993,0
151,2,27,350,1994,0
151,2,27,350,1995,0
151,2,27,350,1996,0
151,2,27,350,1997,0
151,2,27,350,1998,0
151,2,27,350,1999,0
151,2,27,350,2000,0
151,2,27,350,2001,0
151,2,27,350,2002,0
151,2,27,350,2003,0
151,2,27,350,2004,0
151,2,27,350,2005,0
151,2,27,350,2006,0
151,2,27,350,2007,0
151,2,27,350,2008,0
151,2,27,350,2009,0
151,2,27,350,2010,0
151,2,27,350,2011,0
151,2,27,350,2012,0
151,2,27,350,2013,0
151,2,27,350,2014,0
151,2,27,350,2015,0
151,2,27,350,2016,0
151,3,22,350,1990,0
151,3,22,350,1991,0
151,3,22,350,1992,0
151,3,22,350,1993,0
151,3,22,350,1994,0
151,3,22,350,1995,0
151,3,22,350,1996,0
151,3,22,350,1997,0
151,3,22,350,1998,0
151,3,22,350,1999,0
151,3,22,350,2000,0
151,3,22,350,2001,0
151,3,22,350,2002,0
151,3,22,350,2003,0
151,3,22,350,2004,0
151,3,22,350,2005,0
151,3,22,350,2006,0
151,3,22,350,2007,0
151,3,22,350,2008,0
151,3,22,350,2009,0
151,3,22,350,2010,0
151,3,22,350,2011,0
151,3,22,350,2012,0
151,3,22,350,2013,0
151,3,22,350,2014,0
151,3,22,350,2015,0
151,3,22,350,2016,0
151,3,27,350,1990,0
151,3,27,350,1991,0
151,3,27,350,1992,0
151,3,27,350,1993,0
151,3,27,350,1994,0
151,3,27,350,1995,0
151,3,27,350,1996,0
151,3,27,350,1997,0
151,3,27,350,1998,0
151,3,27,350,1999,0
151,3,27,350,2000,0
151,3,27,350,2001,0
151,3,27,350,2002,0
151,3,27,350,2003,0
151,3,27,350,2004,0
151,3,27,350,2005,0
151,3,27,350,2006,0
151,3,27,350,2007,0
151,3,27,350,2008,0
151,3,27,350,2009,0
151,3,27,350,2010,0
151,3,27,350,2011,0
151,3,27,350,2012,0
151,3,27,350,2013,0
151,3,27,350,2014,0
151,3,27,350,2015,0
151,3,27,350,2016,0
152,1,22,350,1990,0
152,1,22,350,1991,0
152,1,22,350,1992,0
152,1,22,350,1993,0
152,1,22,350,1994,0
152,1,22,350,1995,0
152,1,22,350,1996,0
152,1,22,350,1997,0
152,1,22,350,1998,0
152,1,22,350,1999,0
152,1,22,350,2000,0
152,1,22,350,2001,0
152,1,22,350,2002,0
152,1,22,350,2003,0
152,1,22,350,2004,0
152,1,22,350,2005,0
152,1,22,350,2006,0
152,1,22,350,2007,0
152,1,22,350,2008,0
152,1,22,350,2009,0
152,1,22,350,2010,0
152,1,22,350,2011,0
152,1,22,350,2012,0
152,1,22,350,2013,0
152,1,22,350,2014,0
152,1,22,350,2015,0
152,1,22,350,2016,0
152,1,27,350,1990,0
152,1,27,350,1991,0
152,1,27,350,1992,0
152,1,27,350,1993,0
152,1,27,350,1994,0
152,1,27,350,1995,0
152,1,27,350,1996,0
152,1,27,350,1997,0
152,1,27,350,1998,0
152,1,27,350,1999,0
152,1,27,350,2000,0
152,1,27,350,2001,0
152,1,27,350,2002,0
152,1,27,350,2003,0
152,1,27,350,2004,0
152,1,27,350,2005,0
152,1,27,350,2006,0
152,1,27,350,2007,0
152,1,27,350,2008,0
152,1,27,350,2009,0
152,1,27,350,2010,0
152,1,27,350,2011,0
152,1,27,350,2012,0
152,1,27,350,2013,0
152,1,27,350,2014,0
152,1,27,350,2015,0
152,1,27,350,2016,0
152,2,22,350,1990,0
152,2,22,350,1991,0
152,2,22,350,1992,0
152,2,22,350,1993,0
152,2,22,350,1994,0
152,2,22,350,1995,0
152,2,22,350,1996,0
152,2,22,350,1997,0
152,2,22,350,1998,0
152,2,22,350,1999,0
152,2,22,350,2000,0
152,2,22,350,2001,0
152,2,22,350,2002,0
152,2,22,350,2003,0
152,2,22,350,2004,0
152,2,22,350,2005,0
152,2,22,350,2006,0
152,2,22,350,2007,0
152,2,22,350,2008,0
152,2,22,350,2009,0
152,2,22,350,2010,0
152,2,22,350,2011,0
152,2,22,350,2012,0
152,2,22,350,2013,0
152,2,22,350,2014,0
152,2,22,350,2015,0
152,2,22,350,2016,0
152,2,27,350,1990,0
152,2,27,350,1991,0
152,2,27,350,1992,0
152,2,27,350,1993,0
152,2,27,350,1994,0
152,2,27,350,1995,0
152,2,27,350,1996,0
152,2,27,350,1997,0
152,2,27,350,1998,0
152,2,27,350,1999,0
152,2,27,350,2000,0
152,2,27,350,2001,0
152,2,27,350,2002,0
152,2,27,350,2003,0
152,2,27,350,2004,0
152,2,27,350,2005,0
152,2,27,350,2006,0
152,2,27,350,2007,0
152,2,27,350,2008,0
152,2,27,350,2009,0
152,2,27,350,2010,0
152,2,27,350,2011,0
152,2,27,350,2012,0
152,2,27,350,2013,0
152,2,27,350,2014,0
152,2,27,350,2015,0
152,2,27,350,2016,0
152,3,22,350,1990,0
152,3,22,350,1991,0
152,3,22,350,1992,0
152,3,22,350,1993,0
152,3,22,350,1994,0
152,3,22,350,1995,0
152,3,22,350,1996,0
152,3,22,350,1997,0
152,3,22,350,1998,0
152,3,22,350,1999,0
152,3,22,350,2000,0
152,3,22,350,2001,0
152,3,22,350,2002,0
152,3,22,350,2003,0
152,3,22,350,2004,0
152,3,22,350,2005,0
152,3,22,350,2006,0
152,3,22,350,2007,0
152,3,22,350,2008,0
152,3,22,350,2009,0
152,3,22,350,2010,0
152,3,22,350,2011,0
152,3,22,350,2012,0
152,3,22,350,2013,0
152,3,22,350,2014,0
152,3,22,350,2015,0
152,3,22,350,2016,0
152,3,27,350,1990,0
152,3,27,350,1991,0
152,3,27,350,1992,0
152,3,27,350,1993,0
152,3,27,350,1994,0
152,3,27,350,1995,0
152,3,27,350,1996,0
152,3,27,350,1997,0
152,3,27,350,1998,0
152,3,27,350,1999,0
152,3,27,350,2000,0
152,3,27,350,2001,0
152,3,27,350,2002,0
152,3,27,350,2003,0
152,3,27,350,2004,0
152,3,27,350,2005,0
152,3,27,350,2006,0
152,3,27,350,2007,0
152,3,27,350,2008,0
152,3,27,350,2009,0
152,3,27,350,2010,0
152,3,27,350,2011,0
152,3,27,350,2012,0
152,3,27,350,2013,0
152,3,27,350,2014,0
152,3,27,350,2015,0
152,3,27,350,2016,0
153,1,22,350,1990,0
153,1,22,350,1991,0
153,1,22,350,1992,0
153,1,22,350,1993,0
153,1,22,350,1994,0
153,1,22,350,1995,0
153,1,22,350,1996,0
153,1,22,350,1997,0
153,1,22,350,1998,0
153,1,22,350,1999,0
153,1,22,350,2000,0
153,1,22,350,2001,0
153,1,22,350,2002,0
153,1,22,350,2003,0
153,1,22,350,2004,0
153,1,22,350,2005,0
153,1,22,350,2006,0
153,1,22,350,2007,0
153,1,22,350,2008,0
153,1,22,350,2009,0
153,1,22,350,2010,0
153,1,22,350,2011,0
153,1,22,350,2012,0
153,1,22,350,2013,0
153,1,22,350,2014,0
153,1,22,350,2015,0
153,1,22,350,2016,0
153,1,27,350,1990,0
153,1,27,350,1991,0
153,1,27,350,1992,0
153,1,27,350,1993,0
153,1,27,350,1994,0
153,1,27,350,1995,0
153,1,27,350,1996,0
153,1,27,350,1997,0
153,1,27,350,1998,0
153,1,27,350,1999,0
153,1,27,350,2000,0
153,1,27,350,2001,0
153,1,27,350,2002,0
153,1,27,350,2003,0
153,1,27,350,2004,0
153,1,27,350,2005,0
153,1,27,350,2006,0
153,1,27,350,2007,0
153,1,27,350,2008,0
153,1,27,350,2009,0
153,1,27,350,2010,0
153,1,27,350,2011,0
153,1,27,350,2012,0
153,1,27,350,2013,0
153,1,27,350,2014,0
153,1,27,350,2015,0
153,1,27,350,2016,0
153,2,22,350,1990,0
153,2,22,350,1991,0
153,2,22,350,1992,0
153,2,22,350,1993,0
153,2,22,350,1994,0
153,2,22,350,1995,0
153,2,22,350,1996,0
153,2,22,350,1997,0
153,2,22,350,1998,0
153,2,22,350,1999,0
153,2,22,350,2000,0
153,2,22,350,2001,0
153,2,22,350,2002,0
153,2,22,350,2003,0
153,2,22,350,2004,0
153,2,22,350,2005,0
153,2,22,350,2006,0
153,2,22,350,2007,0
153,2,22,350,2008,0
153,2,22,350,2009,0
153,2,22,350,2010,0
153,2,22,350,2011,0
153,2,22,350,2012,0
153,2,22,350,2013,0
153,2,22,350,2014,0
153,2,22,350,2015,0
153,2,22,350,2016,0
153,2,27,350,1990,0
153,2,27,350,1991,0
153,2,27,350,1992,0
153,2,27,350,1993,0
153,2,27,350,1994,0
153,2,27,350,1995,0
153,2,27,350,1996,0
153,2,27,350,1997,0
153,2,27,350,1998,0
153,2,27,350,1999,0
153,2,27,350,2000,0
153,2,27,350,2001,0
153,2,27,350,2002,0
153,2,27,350,2003,0
153,2,27,350,2004,0
153,2,27,350,2005,0
153,2,27,350,2006,0
153,2,27,350,2007,0
153,2,27,350,2008,0
153,2,27,350,2009,0
153,2,27,350,2010,0
153,2,27,350,2011,0
153,2,27,350,2012,0
153,2,27,350,2013,0
153,2,27,350,2014,0
153,2,27,350,2015,0
153,2,27,350,2016,0
153,3,22,350,1990,0
153,3,22,350,1991,0
153,3,22,350,1992,0
153,3,22,350,1993,0
153,3,22,350,1994,0
153,3,22,350,1995,0
153,3,22,350,1996,0
153,3,22,350,1997,0
153,3,22,350,1998,0
153,3,22,350,1999,0
153,3,22,350,2000,0
153,3,22,350,2001,0
153,3,22,350,2002,0
153,3,22,350,2003,0
153,3,22,350,2004,0
153,3,22,350,2005,0
153,3,22,350,2006,0
153,3,22,350,2007,0
153,3,22,350,2008,0
153,3,22,350,2009,0
153,3,22,350,2010,0
153,3,22,350,2011,0
153,3,22,350,2012,0
153,3,22,350,2013,0
153,3,22,350,2014,0
153,3,22,350,2015,0
153,3,22,350,2016,0
153,3,27,350,1990,0
153,3,27,350,1991,0
153,3,27,350,1992,0
153,3,27,350,1993,0
153,3,27,350,1994,0
153,3,27,350,1995,0
153,3,27,350,1996,0
153,3,27,350,1997,0
153,3,27,350,1998,0
153,3,27,350,1999,0
153,3,27,350,2000,0
153,3,27,350,2001,0
153,3,27,350,2002,0
153,3,27,350,2003,0
153,3,27,350,2004,0
153,3,27,350,2005,0
153,3,27,350,2006,0
153,3,27,350,2007,0
153,3,27,350,2008,0
153,3,27,350,2009,0
153,3,27,350,2010,0
153,3,27,350,2011,0
153,3,27,350,2012,0
153,3,27,350,2013,0
153,3,27,350,2014,0
153,3,27,350,2015,0
153,3,27,350,2016,0
154,1,22,350,1990,0
154,1,22,350,1991,0
154,1,22,350,1992,0
154,1,22,350,1993,0
154,1,22,350,1994,0
154,1,22,350,1995,0
154,1,22,350,1996,0
154,1,22,350,1997,0
154,1,22,350,1998,0
154,1,22,350,1999,0
154,1,22,350,2000,0
154,1,22,350,2001,0
154,1,22,350,2002,0
154,1,22,350,2003,0
154,1,22,350,2004,0
154,1,22,350,2005,0
154,1,22,350,2006,0
154,1,22,350,2007,0
154,1,22,350,2008,0
154,1,22,350,2009,0
154,1,22,350,2010,0
154,1,22,350,2011,0
154,1,22,350,2012,0
154,1,22,350,2013,0
154,1,22,350,2014,0
154,1,22,350,2015,0
154,1,22,350,2016,0
154,1,27,350,1990,0
154,1,27,350,1991,0
154,1,27,350,1992,0
154,1,27,350,1993,0
154,1,27,350,1994,0
154,1,27,350,1995,0
154,1,27,350,1996,0
154,1,27,350,1997,0
154,1,27,350,1998,0
154,1,27,350,1999,0
154,1,27,350,2000,0
154,1,27,350,2001,0
154,1,27,350,2002,0
154,1,27,350,2003,0
154,1,27,350,2004,0
154,1,27,350,2005,0
154,1,27,350,2006,0
154,1,27,350,2007,0
154,1,27,350,2008,0
154,1,27,350,2009,0
154,1,27,350,2010,0
154,1,27,350,2011,0
154,1,27,350,2012,0
154,1,27,350,2013,0
154,1,27,350,2014,0
154,1,27,350,2015,0
154,1,27,350,2016,0
154,2,22,350,1990,0
154,2,22,350,1991,0
154,2,22,350,1992,0
154,2,22,350,1993,0
154,2,22,350,1994,0
154,2,22,350,1995,0
154,2,22,350,1996,0
154,2,22,350,1997,0
154,2,22,350,1998,0
154,2,22,350,1999,0
154,2,22,350,2000,0
154,2,22,350,2001,0
154,2,22,350,2002,0
154,2,22,350,2003,0
154,2,22,350,2004,0
154,2,22,350,2005,0
154,2,22,350,2006,0
154,2,22,350,2007,0
154,2,22,350,2008,0
154,2,22,350,2009,0
154,2,22,350,2010,0
154,2,22,350,2011,0
154,2,22,350,2012,0
154,2,22,350,2013,0
154,2,22,350,2014,0
154,2,22,350,2015,0
154,2,22,350,2016,0
154,2,27,350,1990,0
154,2,27,350,1991,0
154,2,27,350,1992,0
154,2,27,350,1993,0
154,2,27,350,1994,0
154,2,27,350,1995,0
154,2,27,350,1996,0
154,2,27,350,1997,0
154,2,27,350,1998,0
154,2,27,350,1999,0
154,2,27,350,2000,0
154,2,27,350,2001,0
154,2,27,350,2002,0
154,2,27,350,2003,0
154,2,27,350,2004,0
154,2,27,350,2005,0
154,2,27,350,2006,0
154,2,27,350,2007,0
154,2,27,350,2008,0
154,2,27,350,2009,0
154,2,27,350,2010,0
154,2,27,350,2011,0
154,2,27,350,2012,0
154,2,27,350,2013,0
154,2,27,350,2014,0
154,2,27,350,2015,0
154,2,27,350,2016,0
154,3,22,350,1990,0
154,3,22,350,1991,0
154,3,22,350,1992,0
154,3,22,350,1993,0
154,3,22,350,1994,0
154,3,22,350,1995,0
154,3,22,350,1996,0
154,3,22,350,1997,0
154,3,22,350,1998,0
154,3,22,350,1999,0
154,3,22,350,2000,0
154,3,22,350,2001,0
154,3,22,350,2002,0
154,3,22,350,2003,0
154,3,22,350,2004,0
154,3,22,350,2005,0
154,3,22,350,2006,0
154,3,22,350,2007,0
154,3,22,350,2008,0
154,3,22,350,2009,0
154,3,22,350,2010,0
154,3,22,350,2011,0
154,3,22,350,2012,0
154,3,22,350,2013,0
154,3,22,350,2014,0
154,3,22,350,2015,0
154,3,22,350,2016,0
154,3,27,350,1990,0
154,3,27,350,1991,0
154,3,27,350,1992,0
154,3,27,350,1993,0
154,3,27,350,1994,0
154,3,27,350,1995,0
154,3,27,350,1996,0
154,3,27,350,1997,0
154,3,27,350,1998,0
154,3,27,350,1999,0
154,3,27,350,2000,0
154,3,27,350,2001,0
154,3,27,350,2002,0
154,3,27,350,2003,0
154,3,27,350,2004,0
154,3,27,350,2005,0
154,3,27,350,2006,0
154,3,27,350,2007,0
154,3,27,350,2008,0
154,3,27,350,2009,0
154,3,27,350,2010,0
154,3,27,350,2011,0
154,3,27,350,2012,0
154,3,27,350,2013,0
154,3,27,350,2014,0
154,3,27,350,2015,0
154,3,27,350,2016,0
155,1,22,350,1990,0
155,1,22,350,1991,0
155,1,22,350,1992,0
155,1,22,350,1993,0
155,1,22,350,1994,0
155,1,22,350,1995,0
155,1,22,350,1996,0
155,1,22,350,1997,0
155,1,22,350,1998,0
155,1,22,350,1999,0
155,1,22,350,2000,0
155,1,22,350,2001,0
155,1,22,350,2002,0
155,1,22,350,2003,0
155,1,22,350,2004,0
155,1,22,350,2005,0
155,1,22,350,2006,0
155,1,22,350,2007,0
155,1,22,350,2008,0
155,1,22,350,2009,0
155,1,22,350,2010,0
155,1,22,350,2011,0
155,1,22,350,2012,0
155,1,22,350,2013,0
155,1,22,350,2014,0
155,1,22,350,2015,0
155,1,22,350,2016,0
155,1,27,350,1990,0
155,1,27,350,1991,0
155,1,27,350,1992,0
155,1,27,350,1993,0
155,1,27,350,1994,0
155,1,27,350,1995,0
155,1,27,350,1996,0
155,1,27,350,1997,0
155,1,27,350,1998,0
155,1,27,350,1999,0
155,1,27,350,2000,0
155,1,27,350,2001,0
155,1,27,350,2002,0
155,1,27,350,2003,0
155,1,27,350,2004,0
155,1,27,350,2005,0
155,1,27,350,2006,0
155,1,27,350,2007,0
155,1,27,350,2008,0
155,1,27,350,2009,0
155,1,27,350,2010,0
155,1,27,350,2011,0
155,1,27,350,2012,0
155,1,27,350,2013,0
155,1,27,350,2014,0
155,1,27,350,2015,0
155,1,27,350,2016,0
155,2,22,350,1990,0
155,2,22,350,1991,0
155,2,22,350,1992,0
155,2,22,350,1993,0
155,2,22,350,1994,0
155,2,22,350,1995,0
155,2,22,350,1996,0
155,2,22,350,1997,0
155,2,22,350,1998,0
155,2,22,350,1999,0
155,2,22,350,2000,0
155,2,22,350,2001,0
155,2,22,350,2002,0
155,2,22,350,2003,0
155,2,22,350,2004,0
155,2,22,350,2005,0
155,2,22,350,2006,0
155,2,22,350,2007,0
155,2,22,350,2008,0
155,2,22,350,2009,0
155,2,22,350,2010,0
155,2,22,350,2011,0
155,2,22,350,2012,0
155,2,22,350,2013,0
155,2,22,350,2014,0
155,2,22,350,2015,0
155,2,22,350,2016,0
155,2,27,350,1990,0
155,2,27,350,1991,0
155,2,27,350,1992,0
155,2,27,350,1993,0
155,2,27,350,1994,0
155,2,27,350,1995,0
155,2,27,350,1996,0
155,2,27,350,1997,0
155,2,27,350,1998,0
155,2,27,350,1999,0
155,2,27,350,2000,0
155,2,27,350,2001,0
155,2,27,350,2002,0
155,2,27,350,2003,0
155,2,27,350,2004,0
155,2,27,350,2005,0
155,2,27,350,2006,0
155,2,27,350,2007,0
155,2,27,350,2008,0
155,2,27,350,2009,0
155,2,27,350,2010,0
155,2,27,350,2011,0
155,2,27,350,2012,0
155,2,27,350,2013,0
155,2,27,350,2014,0
155,2,27,350,2015,0
155,2,27,350,2016,0
155,3,22,350,1990,0
155,3,22,350,1991,0
155,3,22,350,1992,0
155,3,22,350,1993,0
155,3,22,350,1994,0
155,3,22,350,1995,0
155,3,22,350,1996,0
155,3,22,350,1997,0
155,3,22,350,1998,0
155,3,22,350,1999,0
155,3,22,350,2000,0
155,3,22,350,2001,0
155,3,22,350,2002,0
155,3,22,350,2003,0
155,3,22,350,2004,0
155,3,22,350,2005,0
155,3,22,350,2006,0
155,3,22,350,2007,0
155,3,22,350,2008,0
155,3,22,350,2009,0
155,3,22,350,2010,0
155,3,22,350,2011,0
155,3,22,350,2012,0
155,3,22,350,2013,0
155,3,22,350,2014,0
155,3,22,350,2015,0
155,3,22,350,2016,0
155,3,27,350,1990,0
155,3,27,350,1991,0
155,3,27,350,1992,0
155,3,27,350,1993,0
155,3,27,350,1994,0
155,3,27,350,1995,0
155,3,27,350,1996,0
155,3,27,350,1997,0
155,3,27,350,1998,0
155,3,27,350,1999,0
155,3,27,350,2000,0
155,3,27,350,2001,0
155,3,27,350,2002,0
155,3,27,350,2003,0
155,3,27,350,2004,0
155,3,27,350,2005,0
155,3,27,350,2006,0
155,3,27,350,2007,0
155,3,27,350,2008,0
155,3,27,350,2009,0
155,3,27,350,2010,0
155,3,27,350,2011,0
155,3,27,350,2012,0
155,3,27,350,2013,0
155,3,27,350,2014,0
155,3,27,350,2015,0
155,3,27,350,2016,0
156,1,22,350,1990,0
156,1,22,350,1991,0
156,1,22,350,1992,0
156,1,22,350,1993,0
156,1,22,350,1994,0
156,1,22,350,1995,0
156,1,22,350,1996,0
156,1,22,350,1997,0
156,1,22,350,1998,0
156,1,22,350,1999,0
156,1,22,350,2000,0
156,1,22,350,2001,0
156,1,22,350,2002,0
156,1,22,350,2003,0
156,1,22,350,2004,0
156,1,22,350,2005,0
156,1,22,350,2006,0
156,1,22,350,2007,0
156,1,22,350,2008,0
156,1,22,350,2009,0
156,1,22,350,2010,0
156,1,22,350,2011,0
156,1,22,350,2012,0
156,1,22,350,2013,0
156,1,22,350,2014,0
156,1,22,350,2015,0
156,1,22,350,2016,0
156,1,27,350,1990,0
156,1,27,350,1991,0
156,1,27,350,1992,0
156,1,27,350,1993,0
156,1,27,350,1994,0
156,1,27,350,1995,0
156,1,27,350,1996,0
156,1,27,350,1997,0
156,1,27,350,1998,0
156,1,27,350,1999,0
156,1,27,350,2000,0
156,1,27,350,2001,0
156,1,27,350,2002,0
156,1,27,350,2003,0
156,1,27,350,2004,0
156,1,27,350,2005,0
156,1,27,350,2006,0
156,1,27,350,2007,0
156,1,27,350,2008,0
156,1,27,350,2009,0
156,1,27,350,2010,0
156,1,27,350,2011,0
156,1,27,350,2012,0
156,1,27,350,2013,0
156,1,27,350,2014,0
156,1,27,350,2015,0
156,1,27,350,2016,0
156,2,22,350,1990,0
156,2,22,350,1991,0
156,2,22,350,1992,0
156,2,22,350,1993,0
156,2,22,350,1994,0
156,2,22,350,1995,0
156,2,22,350,1996,0
156,2,22,350,1997,0
156,2,22,350,1998,0
156,2,22,350,1999,0
156,2,22,350,2000,0
156,2,22,350,2001,0
156,2,22,350,2002,0
156,2,22,350,2003,0
156,2,22,350,2004,0
156,2,22,350,2005,0
156,2,22,350,2006,0
156,2,22,350,2007,0
156,2,22,350,2008,0
156,2,22,350,2009,0
156,2,22,350,2010,0
156,2,22,350,2011,0
156,2,22,350,2012,0
156,2,22,350,2013,0
156,2,22,350,2014,0
156,2,22,350,2015,0
156,2,22,350,2016,0
156,2,27,350,1990,0
156,2,27,350,1991,0
156,2,27,350,1992,0
156,2,27,350,1993,0
156,2,27,350,1994,0
156,2,27,350,1995,0
156,2,27,350,1996,0
156,2,27,350,1997,0
156,2,27,350,1998,0
156,2,27,350,1999,0
156,2,27,350,2000,0
156,2,27,350,2001,0
156,2,27,350,2002,0
156,2,27,350,2003,0
156,2,27,350,2004,0
156,2,27,350,2005,0
156,2,27,350,2006,0
156,2,27,350,2007,0
156,2,27,350,2008,0
156,2,27,350,2009,0
156,2,27,350,2010,0
156,2,27,350,2011,0
156,2,27,350,2012,0
156,2,27,350,2013,0
156,2,27,350,2014,0
156,2,27,350,2015,0
156,2,27,350,2016,0
156,3,22,350,1990,0
156,3,22,350,1991,0
156,3,22,350,1992,0
156,3,22,350,1993,0
156,3,22,350,1994,0
156,3,22,350,1995,0
156,3,22,350,1996,0
156,3,22,350,1997,0
156,3,22,350,1998,0
156,3,22,350,1999,0
156,3,22,350,2000,0
156,3,22,350,2001,0
156,3,22,350,2002,0
156,3,22,350,2003,0
156,3,22,350,2004,0
156,3,22,350,2005,0
156,3,22,350,2006,0
156,3,22,350,2007,0
156,3,22,350,2008,0
156,3,22,350,2009,0
156,3,22,350,2010,0
156,3,22,350,2011,0
156,3,22,350,2012,0
156,3,22,350,2013,0
156,3,22,350,2014,0
156,3,22,350,2015,0
156,3,22,350,2016,0
156,3,27,350,1990,0
156,3,27,350,1991,0
156,3,27,350,1992,0
156,3,27,350,1993,0
156,3,27,350,1994,0
156,3,27,350,1995,0
156,3,27,350,1996,0
156,3,27,350,1997,0
156,3,27,350,1998,0
156,3,27,350,1999,0
156,3,27,350,2000,0
156,3,27,350,2001,0
156,3,27,350,2002,0
156,3,27,350,2003,0
156,3,27,350,2004,0
156,3,27,350,2005,0
156,3,27,350,2006,0
156,3,27,350,2007,0
156,3,27,350,2008,0
156,3,27,350,2009,0
156,3,27,350,2010,0
156,3,27,350,2011,0
156,3,27,350,2012,0
156,3,27,350,2013,0
156,3,27,350,2014,0
156,3,27,350,2015,0
156,3,27,350,2016,0
157,1,22,350,1990,0
157,1,22,350,1991,0
157,1,22,350,1992,0
157,1,22,350,1993,0
157,1,22,350,1994,0
157,1,22,350,1995,0
157,1,22,350,1996,0
157,1,22,350,1997,0
157,1,22,350,1998,0
157,1,22,350,1999,0
157,1,22,350,2000,0
157,1,22,350,2001,0
157,1,22,350,2002,0
157,1,22,350,2003,0
157,1,22,350,2004,0
157,1,22,350,2005,0
157,1,22,350,2006,0
157,1,22,350,2007,0
157,1,22,350,2008,0
157,1,22,350,2009,0
157,1,22,350,2010,0
157,1,22,350,2011,0
157,1,22,350,2012,0
157,1,22,350,2013,0
157,1,22,350,2014,0
157,1,22,350,2015,0
157,1,22,350,2016,0
157,1,27,350,1990,0
157,1,27,350,1991,0
157,1,27,350,1992,0
157,1,27,350,1993,0
157,1,27,350,1994,0
157,1,27,350,1995,0
157,1,27,350,1996,0
157,1,27,350,1997,0
157,1,27,350,1998,0
157,1,27,350,1999,0
157,1,27,350,2000,0
157,1,27,350,2001,0
157,1,27,350,2002,0
157,1,27,350,2003,0
157,1,27,350,2004,0
157,1,27,350,2005,0
157,1,27,350,2006,0
157,1,27,350,2007,0
157,1,27,350,2008,0
157,1,27,350,2009,0
157,1,27,350,2010,0
157,1,27,350,2011,0
157,1,27,350,2012,0
157,1,27,350,2013,0
157,1,27,350,2014,0
157,1,27,350,2015,0
157,1,27,350,2016,0
157,2,22,350,1990,0
157,2,22,350,1991,0
157,2,22,350,1992,0
157,2,22,350,1993,0
157,2,22,350,1994,0
157,2,22,350,1995,0
157,2,22,350,1996,0
157,2,22,350,1997,0
157,2,22,350,1998,0
157,2,22,350,1999,0
157,2,22,350,2000,0
157,2,22,350,2001,0
157,2,22,350,2002,0
157,2,22,350,2003,0
157,2,22,350,2004,0
157,2,22,350,2005,0
157,2,22,350,2006,0
157,2,22,350,2007,0
157,2,22,350,2008,0
157,2,22,350,2009,0
157,2,22,350,2010,0
157,2,22,350,2011,0
157,2,22,350,2012,0
157,2,22,350,2013,0
157,2,22,350,2014,0
157,2,22,350,2015,0
157,2,22,350,2016,0
157,2,27,350,1990,0
157,2,27,350,1991,0
157,2,27,350,1992,0
157,2,27,350,1993,0
157,2,27,350,1994,0
157,2,27,350,1995,0
157,2,27,350,1996,0
157,2,27,350,1997,0
157,2,27,350,1998,0
157,2,27,350,1999,0
157,2,27,350,2000,0
157,2,27,350,2001,0
157,2,27,350,2002,0
157,2,27,350,2003,0
157,2,27,350,2004,0
157,2,27,350,2005,0
157,2,27,350,2006,0
157,2,27,350,2007,0
157,2,27,350,2008,0
157,2,27,350,2009,0
157,2,27,350,2010,0
157,2,27,350,2011,0
157,2,27,350,2012,0
157,2,27,350,2013,0
157,2,27,350,2014,0
157,2,27,350,2015,0
157,2,27,350,2016,0
157,3,22,350,1990,0
157,3,22,350,1991,0
157,3,22,350,1992,0
157,3,22,350,1993,0
157,3,22,350,1994,0
157,3,22,350,1995,0
157,3,22,350,1996,0
157,3,22,350,1997,0
157,3,22,350,1998,0
157,3,22,350,1999,0
157,3,22,350,2000,0
157,3,22,350,2001,0
157,3,22,350,2002,0
157,3,22,350,2003,0
157,3,22,350,2004,0
157,3,22,350,2005,0
157,3,22,350,2006,0
157,3,22,350,2007,0
157,3,22,350,2008,0
157,3,22,350,2009,0
157,3,22,350,2010,0
157,3,22,350,2011,0
157,3,22,350,2012,0
157,3,22,350,2013,0
157,3,22,350,2014,0
157,3,22,350,2015,0
157,3,22,350,2016,0
157,3,27,350,1990,0
157,3,27,350,1991,0
157,3,27,350,1992,0
157,3,27,350,1993,0
157,3,27,350,1994,0
157,3,27,350,1995,0
157,3,27,350,1996,0
157,3,27,350,1997,0
157,3,27,350,1998,0
157,3,27,350,1999,0
157,3,27,350,2000,0
157,3,27,350,2001,0
157,3,27,350,2002,0
157,3,27,350,2003,0
157,3,27,350,2004,0
157,3,27,350,2005,0
157,3,27,350,2006,0
157,3,27,350,2007,0
157,3,27,350,2008,0
157,3,27,350,2009,0
157,3,27,350,2010,0
157,3,27,350,2011,0
157,3,27,350,2012,0
157,3,27,350,2013,0
157,3,27,350,2014,0
157,3,27,350,2015,0
157,3,27,350,2016,0
160,1,22,350,1990,0
160,1,22,350,1991,0
160,1,22,350,1992,0
160,1,22,350,1993,0
160,1,22,350,1994,0
160,1,22,350,1995,0
160,1,22,350,1996,0
160,1,22,350,1997,0
160,1,22,350,1998,0
160,1,22,350,1999,0
160,1,22,350,2000,0
160,1,22,350,2001,0
160,1,22,350,2002,0
160,1,22,350,2003,0
160,1,22,350,2004,0
160,1,22,350,2005,0
160,1,22,350,2006,0
160,1,22,350,2007,0
160,1,22,350,2008,0
160,1,22,350,2009,0
160,1,22,350,2010,0
160,1,22,350,2011,0
160,1,22,350,2012,0
160,1,22,350,2013,0
160,1,22,350,2014,0
160,1,22,350,2015,0
160,1,22,350,2016,0
160,1,27,350,1990,0
160,1,27,350,1991,0
160,1,27,350,1992,0
160,1,27,350,1993,0
160,1,27,350,1994,0
160,1,27,350,1995,0
160,1,27,350,1996,0
160,1,27,350,1997,0
160,1,27,350,1998,0
160,1,27,350,1999,0
160,1,27,350,2000,0
160,1,27,350,2001,0
160,1,27,350,2002,0
160,1,27,350,2003,0
160,1,27,350,2004,0
160,1,27,350,2005,0
160,1,27,350,2006,0
160,1,27,350,2007,0
160,1,27,350,2008,0
160,1,27,350,2009,0
160,1,27,350,2010,0
160,1,27,350,2011,0
160,1,27,350,2012,0
160,1,27,350,2013,0
160,1,27,350,2014,0
160,1,27,350,2015,0
160,1,27,350,2016,0
160,2,22,350,1990,0
160,2,22,350,1991,0
160,2,22,350,1992,0
160,2,22,350,1993,0
160,2,22,350,1994,0
160,2,22,350,1995,0
160,2,22,350,1996,0
160,2,22,350,1997,0
160,2,22,350,1998,0
160,2,22,350,1999,0
160,2,22,350,2000,0
160,2,22,350,2001,0
160,2,22,350,2002,0
160,2,22,350,2003,0
160,2,22,350,2004,0
160,2,22,350,2005,0
160,2,22,350,2006,0
160,2,22,350,2007,0
160,2,22,350,2008,0
160,2,22,350,2009,0
160,2,22,350,2010,0
160,2,22,350,2011,0
160,2,22,350,2012,0
160,2,22,350,2013,0
160,2,22,350,2014,0
160,2,22,350,2015,0
160,2,22,350,2016,0
160,2,27,350,1990,0
160,2,27,350,1991,0
160,2,27,350,1992,0
160,2,27,350,1993,0
160,2,27,350,1994,0
160,2,27,350,1995,0
160,2,27,350,1996,0
160,2,27,350,1997,0
160,2,27,350,1998,0
160,2,27,350,1999,0
160,2,27,350,2000,0
160,2,27,350,2001,0
160,2,27,350,2002,0
160,2,27,350,2003,0
160,2,27,350,2004,0
160,2,27,350,2005,0
160,2,27,350,2006,0
160,2,27,350,2007,0
160,2,27,350,2008,0
160,2,27,350,2009,0
160,2,27,350,2010,0
160,2,27,350,2011,0
160,2,27,350,2012,0
160,2,27,350,2013,0
160,2,27,350,2014,0
160,2,27,350,2015,0
160,2,27,350,2016,0
160,3,22,350,1990,0
160,3,22,350,1991,0
160,3,22,350,1992,0
160,3,22,350,1993,0
160,3,22,350,1994,0
160,3,22,350,1995,0
160,3,22,350,1996,0
160,3,22,350,1997,0
160,3,22,350,1998,0
160,3,22,350,1999,0
160,3,22,350,2000,0
160,3,22,350,2001,0
160,3,22,350,2002,0
160,3,22,350,2003,0
160,3,22,350,2004,0
160,3,22,350,2005,0
160,3,22,350,2006,0
160,3,22,350,2007,0
160,3,22,350,2008,0
160,3,22,350,2009,0
160,3,22,350,2010,0
160,3,22,350,2011,0
160,3,22,350,2012,0
160,3,22,350,2013,0
160,3,22,350,2014,0
160,3,22,350,2015,0
160,3,22,350,2016,0
160,3,27,350,1990,0
160,3,27,350,1991,0
160,3,27,350,1992,0
160,3,27,350,1993,0
160,3,27,350,1994,0
160,3,27,350,1995,0
160,3,27,350,1996,0
160,3,27,350,1997,0
160,3,27,350,1998,0
160,3,27,350,1999,0
160,3,27,350,2000,0
160,3,27,350,2001,0
160,3,27,350,2002,0
160,3,27,350,2003,0
160,3,27,350,2004,0
160,3,27,350,2005,0
160,3,27,350,2006,0
160,3,27,350,2007,0
160,3,27,350,2008,0
160,3,27,350,2009,0
160,3,27,350,2010,0
160,3,27,350,2011,0
160,3,27,350,2012,0
160,3,27,350,2013,0
160,3,27,350,2014,0
160,3,27,350,2015,0
160,3,27,350,2016,0
161,1,22,350,1990,0
161,1,22,350,1991,0
161,1,22,350,1992,0
161,1,22,350,1993,0
161,1,22,350,1994,0
161,1,22,350,1995,0
161,1,22,350,1996,0
161,1,22,350,1997,0
161,1,22,350,1998,0
161,1,22,350,1999,0
161,1,22,350,2000,0
161,1,22,350,2001,0
161,1,22,350,2002,0
161,1,22,350,2003,0
161,1,22,350,2004,0
161,1,22,350,2005,0
161,1,22,350,2006,0
161,1,22,350,2007,0
161,1,22,350,2008,0
161,1,22,350,2009,0
161,1,22,350,2010,0
161,1,22,350,2011,0
161,1,22,350,2012,0
161,1,22,350,2013,0
161,1,22,350,2014,0
161,1,22,350,2015,0
161,1,22,350,2016,0
161,1,27,350,1990,0
161,1,27,350,1991,0
161,1,27,350,1992,0
161,1,27,350,1993,0
161,1,27,350,1994,0
161,1,27,350,1995,0
161,1,27,350,1996,0
161,1,27,350,1997,0
161,1,27,350,1998,0
161,1,27,350,1999,0
161,1,27,350,2000,0
161,1,27,350,2001,0
161,1,27,350,2002,0
161,1,27,350,2003,0
161,1,27,350,2004,0
161,1,27,350,2005,0
161,1,27,350,2006,0
161,1,27,350,2007,0
161,1,27,350,2008,0
161,1,27,350,2009,0
161,1,27,350,2010,0
161,1,27,350,2011,0
161,1,27,350,2012,0
161,1,27,350,2013,0
161,1,27,350,2014,0
161,1,27,350,2015,0
161,1,27,350,2016,0
161,2,22,350,1990,0
161,2,22,350,1991,0
161,2,22,350,1992,0
161,2,22,350,1993,0
161,2,22,350,1994,0
161,2,22,350,1995,0
161,2,22,350,1996,0
161,2,22,350,1997,0
161,2,22,350,1998,0
161,2,22,350,1999,0
161,2,22,350,2000,0
161,2,22,350,2001,0
161,2,22,350,2002,0
161,2,22,350,2003,0
161,2,22,350,2004,0
161,2,22,350,2005,0
161,2,22,350,2006,0
161,2,22,350,2007,0
161,2,22,350,2008,0
161,2,22,350,2009,0
161,2,22,350,2010,0
161,2,22,350,2011,0
161,2,22,350,2012,0
161,2,22,350,2013,0
161,2,22,350,2014,0
161,2,22,350,2015,0
161,2,22,350,2016,0
161,2,27,350,1990,0
161,2,27,350,1991,0
161,2,27,350,1992,0
161,2,27,350,1993,0
161,2,27,350,1994,0
161,2,27,350,1995,0
161,2,27,350,1996,0
161,2,27,350,1997,0
161,2,27,350,1998,0
161,2,27,350,1999,0
161,2,27,350,2000,0
161,2,27,350,2001,0
161,2,27,350,2002,0
161,2,27,350,2003,0
161,2,27,350,2004,0
161,2,27,350,2005,0
161,2,27,350,2006,0
161,2,27,350,2007,0
161,2,27,350,2008,0
161,2,27,350,2009,0
161,2,27,350,2010,0
161,2,27,350,2011,0
161,2,27,350,2012,0
161,2,27,350,2013,0
161,2,27,350,2014,0
161,2,27,350,2015,0
161,2,27,350,2016,0
161,3,22,350,1990,0
161,3,22,350,1991,0
161,3,22,350,1992,0
161,3,22,350,1993,0
161,3,22,350,1994,0
161,3,22,350,1995,0
161,3,22,350,1996,0
161,3,22,350,1997,0
161,3,22,350,1998,0
161,3,22,350,1999,0
161,3,22,350,2000,0
161,3,22,350,2001,0
161,3,22,350,2002,0
161,3,22,350,2003,0
161,3,22,350,2004,0
161,3,22,350,2005,0
161,3,22,350,2006,0
161,3,22,350,2007,0
161,3,22,350,2008,0
161,3,22,350,2009,0
161,3,22,350,2010,0
161,3,22,350,2011,0
161,3,22,350,2012,0
161,3,22,350,2013,0
161,3,22,350,2014,0
161,3,22,350,2015,0
161,3,22,350,2016,0
161,3,27,350,1990,0
161,3,27,350,1991,0
161,3,27,350,1992,0
161,3,27,350,1993,0
161,3,27,350,1994,0
161,3,27,350,1995,0
161,3,27,350,1996,0
161,3,27,350,1997,0
161,3,27,350,1998,0
161,3,27,350,1999,0
161,3,27,350,2000,0
161,3,27,350,2001,0
161,3,27,350,2002,0
161,3,27,350,2003,0
161,3,27,350,2004,0
161,3,27,350,2005,0
161,3,27,350,2006,0
161,3,27,350,2007,0
161,3,27,350,2008,0
161,3,27,350,2009,0
161,3,27,350,2010,0
161,3,27,350,2011,0
161,3,27,350,2012,0
161,3,27,350,2013,0
161,3,27,350,2014,0
161,3,27,350,2015,0
161,3,27,350,2016,0
162,1,22,350,1990,0
162,1,22,350,1991,0
162,1,22,350,1992,0
162,1,22,350,1993,0
162,1,22,350,1994,0
162,1,22,350,1995,0
162,1,22,350,1996,0
162,1,22,350,1997,0
162,1,22,350,1998,0
162,1,22,350,1999,0
162,1,22,350,2000,0
162,1,22,350,2001,0
162,1,22,350,2002,0
162,1,22,350,2003,0
162,1,22,350,2004,0
162,1,22,350,2005,0
162,1,22,350,2006,0
162,1,22,350,2007,0
162,1,22,350,2008,0
162,1,22,350,2009,0
162,1,22,350,2010,0
162,1,22,350,2011,0
162,1,22,350,2012,0
162,1,22,350,2013,0
162,1,22,350,2014,0
162,1,22,350,2015,0
162,1,22,350,2016,0
162,1,27,350,1990,0
162,1,27,350,1991,0
162,1,27,350,1992,0
162,1,27,350,1993,0
162,1,27,350,1994,0
162,1,27,350,1995,0
162,1,27,350,1996,0
162,1,27,350,1997,0
162,1,27,350,1998,0
162,1,27,350,1999,0
162,1,27,350,2000,0
162,1,27,350,2001,0
162,1,27,350,2002,0
162,1,27,350,2003,0
162,1,27,350,2004,0
162,1,27,350,2005,0
162,1,27,350,2006,0
162,1,27,350,2007,0
162,1,27,350,2008,0
162,1,27,350,2009,0
162,1,27,350,2010,0
162,1,27,350,2011,0
162,1,27,350,2012,0
162,1,27,350,2013,0
162,1,27,350,2014,0
162,1,27,350,2015,0
162,1,27,350,2016,0
162,2,22,350,1990,0
162,2,22,350,1991,0
162,2,22,350,1992,0
162,2,22,350,1993,0
162,2,22,350,1994,0
162,2,22,350,1995,0
162,2,22,350,1996,0
162,2,22,350,1997,0
162,2,22,350,1998,0
162,2,22,350,1999,0
162,2,22,350,2000,0
162,2,22,350,2001,0
162,2,22,350,2002,0
162,2,22,350,2003,0
162,2,22,350,2004,0
162,2,22,350,2005,0
162,2,22,350,2006,0
162,2,22,350,2007,0
162,2,22,350,2008,0
162,2,22,350,2009,0
162,2,22,350,2010,0
162,2,22,350,2011,0
162,2,22,350,2012,0
162,2,22,350,2013,0
162,2,22,350,2014,0
162,2,22,350,2015,0
162,2,22,350,2016,0
162,2,27,350,1990,0
162,2,27,350,1991,0
162,2,27,350,1992,0
162,2,27,350,1993,0
162,2,27,350,1994,0
162,2,27,350,1995,0
162,2,27,350,1996,0
162,2,27,350,1997,0
162,2,27,350,1998,0
162,2,27,350,1999,0
162,2,27,350,2000,0
162,2,27,350,2001,0
162,2,27,350,2002,0
162,2,27,350,2003,0
162,2,27,350,2004,0
162,2,27,350,2005,0
162,2,27,350,2006,0
162,2,27,350,2007,0
162,2,27,350,2008,0
162,2,27,350,2009,0
162,2,27,350,2010,0
162,2,27,350,2011,0
162,2,27,350,2012,0
162,2,27,350,2013,0
162,2,27,350,2014,0
162,2,27,350,2015,0
162,2,27,350,2016,0
162,3,22,350,1990,0
162,3,22,350,1991,0
162,3,22,350,1992,0
162,3,22,350,1993,0
162,3,22,350,1994,0
162,3,22,350,1995,0
162,3,22,350,1996,0
162,3,22,350,1997,0
162,3,22,350,1998,0
162,3,22,350,1999,0
162,3,22,350,2000,0
162,3,22,350,2001,0
162,3,22,350,2002,0
162,3,22,350,2003,0
162,3,22,350,2004,0
162,3,22,350,2005,0
162,3,22,350,2006,0
162,3,22,350,2007,0
162,3,22,350,2008,0
162,3,22,350,2009,0
162,3,22,350,2010,0
162,3,22,350,2011,0
162,3,22,350,2012,0
162,3,22,350,2013,0
162,3,22,350,2014,0
162,3,22,350,2015,0
162,3,22,350,2016,0
162,3,27,350,1990,0
162,3,27,350,1991,0
162,3,27,350,1992,0
162,3,27,350,1993,0
162,3,27,350,1994,0
162,3,27,350,1995,0
162,3,27,350,1996,0
162,3,27,350,1997,0
162,3,27,350,1998,0
162,3,27,350,1999,0
162,3,27,350,2000,0
162,3,27,350,2001,0
162,3,27,350,2002,0
162,3,27,350,2003,0
162,3,27,350,2004,0
162,3,27,350,2005,0
162,3,27,350,2006,0
162,3,27,350,2007,0
162,3,27,350,2008,0
162,3,27,350,2009,0
162,3,27,350,2010,0
162,3,27,350,2011,0
162,3,27,350,2012,0
162,3,27,350,2013,0
162,3,27,350,2014,0
162,3,27,350,2015,0
162,3,27,350,2016,0
163,1,22,350,1990,0
163,1,22,350,1991,0
163,1,22,350,1992,0
163,1,22,350,1993,0
163,1,22,350,1994,0
163,1,22,350,1995,0
163,1,22,350,1996,0
163,1,22,350,1997,0
163,1,22,350,1998,0
163,1,22,350,1999,0
163,1,22,350,2000,0
163,1,22,350,2001,0
163,1,22,350,2002,0
163,1,22,350,2003,0
163,1,22,350,2004,0
163,1,22,350,2005,0
163,1,22,350,2006,0
163,1,22,350,2007,0
163,1,22,350,2008,0
163,1,22,350,2009,0
163,1,22,350,2010,0
163,1,22,350,2011,0
163,1,22,350,2012,0
163,1,22,350,2013,0
163,1,22,350,2014,0
163,1,22,350,2015,0
163,1,22,350,2016,0
163,1,27,350,1990,0
163,1,27,350,1991,0
163,1,27,350,1992,0
163,1,27,350,1993,0
163,1,27,350,1994,0
163,1,27,350,1995,0
163,1,27,350,1996,0
163,1,27,350,1997,0
163,1,27,350,1998,0
163,1,27,350,1999,0
163,1,27,350,2000,0
163,1,27,350,2001,0
163,1,27,350,2002,0
163,1,27,350,2003,0
163,1,27,350,2004,0
163,1,27,350,2005,0
163,1,27,350,2006,0
163,1,27,350,2007,0
163,1,27,350,2008,0
163,1,27,350,2009,0
163,1,27,350,2010,0
163,1,27,350,2011,0
163,1,27,350,2012,0
163,1,27,350,2013,0
163,1,27,350,2014,0
163,1,27,350,2015,0
163,1,27,350,2016,0
163,2,22,350,1990,0
163,2,22,350,1991,0
163,2,22,350,1992,0
163,2,22,350,1993,0
163,2,22,350,1994,0
163,2,22,350,1995,0
163,2,22,350,1996,0
163,2,22,350,1997,0
163,2,22,350,1998,0
163,2,22,350,1999,0
163,2,22,350,2000,0
163,2,22,350,2001,0
163,2,22,350,2002,0
163,2,22,350,2003,0
163,2,22,350,2004,0
163,2,22,350,2005,0
163,2,22,350,2006,0
163,2,22,350,2007,0
163,2,22,350,2008,0
163,2,22,350,2009,0
163,2,22,350,2010,0
163,2,22,350,2011,0
163,2,22,350,2012,0
163,2,22,350,2013,0
163,2,22,350,2014,0
163,2,22,350,2015,0
163,2,22,350,2016,0
163,2,27,350,1990,0
163,2,27,350,1991,0
163,2,27,350,1992,0
163,2,27,350,1993,0
163,2,27,350,1994,0
163,2,27,350,1995,0
163,2,27,350,1996,0
163,2,27,350,1997,0
163,2,27,350,1998,0
163,2,27,350,1999,0
163,2,27,350,2000,0
163,2,27,350,2001,0
163,2,27,350,2002,0
163,2,27,350,2003,0
163,2,27,350,2004,0
163,2,27,350,2005,0
163,2,27,350,2006,0
163,2,27,350,2007,0
163,2,27,350,2008,0
163,2,27,350,2009,0
163,2,27,350,2010,0
163,2,27,350,2011,0
163,2,27,350,2012,0
163,2,27,350,2013,0
163,2,27,350,2014,0
163,2,27,350,2015,0
163,2,27,350,2016,0
163,3,22,350,1990,0
163,3,22,350,1991,0
163,3,22,350,1992,0
163,3,22,350,1993,0
163,3,22,350,1994,0
163,3,22,350,1995,0
163,3,22,350,1996,0
163,3,22,350,1997,0
163,3,22,350,1998,0
163,3,22,350,1999,0
163,3,22,350,2000,0
163,3,22,350,2001,0
163,3,22,350,2002,0
163,3,22,350,2003,0
163,3,22,350,2004,0
163,3,22,350,2005,0
163,3,22,350,2006,0
163,3,22,350,2007,0
163,3,22,350,2008,0
163,3,22,350,2009,0
163,3,22,350,2010,0
163,3,22,350,2011,0
163,3,22,350,2012,0
163,3,22,350,2013,0
163,3,22,350,2014,0
163,3,22,350,2015,0
163,3,22,350,2016,0
163,3,27,350,1990,0
163,3,27,350,1991,0
163,3,27,350,1992,0
163,3,27,350,1993,0
163,3,27,350,1994,0
163,3,27,350,1995,0
163,3,27,350,1996,0
163,3,27,350,1997,0
163,3,27,350,1998,0
163,3,27,350,1999,0
163,3,27,350,2000,0
163,3,27,350,2001,0
163,3,27,350,2002,0
163,3,27,350,2003,0
163,3,27,350,2004,0
163,3,27,350,2005,0
163,3,27,350,2006,0
163,3,27,350,2007,0
163,3,27,350,2008,0
163,3,27,350,2009,0
163,3,27,350,2010,0
163,3,27,350,2011,0
163,3,27,350,2012,0
163,3,27,350,2013,0
163,3,27,350,2014,0
163,3,27,350,2015,0
163,3,27,350,2016,0
164,1,22,350,1990,0
164,1,22,350,1991,0
164,1,22,350,1992,0
164,1,22,350,1993,0
164,1,22,350,1994,0
164,1,22,350,1995,0
164,1,22,350,1996,0
164,1,22,350,1997,0
164,1,22,350,1998,0
164,1,22,350,1999,0
164,1,22,350,2000,0
164,1,22,350,2001,0
164,1,22,350,2002,0
164,1,22,350,2003,0
164,1,22,350,2004,0
164,1,22,350,2005,0
164,1,22,350,2006,0
164,1,22,350,2007,0
164,1,22,350,2008,0
164,1,22,350,2009,0
164,1,22,350,2010,0
164,1,22,350,2011,0
164,1,22,350,2012,0
164,1,22,350,2013,0
164,1,22,350,2014,0
164,1,22,350,2015,0
164,1,22,350,2016,0
164,1,27,350,1990,0
164,1,27,350,1991,0
164,1,27,350,1992,0
164,1,27,350,1993,0
164,1,27,350,1994,0
164,1,27,350,1995,0
164,1,27,350,1996,0
164,1,27,350,1997,0
164,1,27,350,1998,0
164,1,27,350,1999,0
164,1,27,350,2000,0
164,1,27,350,2001,0
164,1,27,350,2002,0
164,1,27,350,2003,0
164,1,27,350,2004,0
164,1,27,350,2005,0
164,1,27,350,2006,0
164,1,27,350,2007,0
164,1,27,350,2008,0
164,1,27,350,2009,0
164,1,27,350,2010,0
164,1,27,350,2011,0
164,1,27,350,2012,0
164,1,27,350,2013,0
164,1,27,350,2014,0
164,1,27,350,2015,0
164,1,27,350,2016,0
164,2,22,350,1990,0
164,2,22,350,1991,0
164,2,22,350,1992,0
164,2,22,350,1993,0
164,2,22,350,1994,0
164,2,22,350,1995,0
164,2,22,350,1996,0
164,2,22,350,1997,0
164,2,22,350,1998,0
164,2,22,350,1999,0
164,2,22,350,2000,0
164,2,22,350,2001,0
164,2,22,350,2002,0
164,2,22,350,2003,0
164,2,22,350,2004,0
164,2,22,350,2005,0
164,2,22,350,2006,0
164,2,22,350,2007,0
164,2,22,350,2008,0
164,2,22,350,2009,0
164,2,22,350,2010,0
164,2,22,350,2011,0
164,2,22,350,2012,0
164,2,22,350,2013,0
164,2,22,350,2014,0
164,2,22,350,2015,0
164,2,22,350,2016,0
164,2,27,350,1990,0
164,2,27,350,1991,0
164,2,27,350,1992,0
164,2,27,350,1993,0
164,2,27,350,1994,0
164,2,27,350,1995,0
164,2,27,350,1996,0
164,2,27,350,1997,0
164,2,27,350,1998,0
164,2,27,350,1999,0
164,2,27,350,2000,0
164,2,27,350,2001,0
164,2,27,350,2002,0
164,2,27,350,2003,0
164,2,27,350,2004,0
164,2,27,350,2005,0
164,2,27,350,2006,0
164,2,27,350,2007,0
164,2,27,350,2008,0
164,2,27,350,2009,0
164,2,27,350,2010,0
164,2,27,350,2011,0
164,2,27,350,2012,0
164,2,27,350,2013,0
164,2,27,350,2014,0
164,2,27,350,2015,0
164,2,27,350,2016,0
164,3,22,350,1990,0
164,3,22,350,1991,0
164,3,22,350,1992,0
164,3,22,350,1993,0
164,3,22,350,1994,0
164,3,22,350,1995,0
164,3,22,350,1996,0
164,3,22,350,1997,0
164,3,22,350,1998,0
164,3,22,350,1999,0
164,3,22,350,2000,0
164,3,22,350,2001,0
164,3,22,350,2002,0
164,3,22,350,2003,0
164,3,22,350,2004,0
164,3,22,350,2005,0
164,3,22,350,2006,0
164,3,22,350,2007,0
164,3,22,350,2008,0
164,3,22,350,2009,0
164,3,22,350,2010,0
164,3,22,350,2011,0
164,3,22,350,2012,0
164,3,22,350,2013,0
164,3,22,350,2014,0
164,3,22,350,2015,0
164,3,22,350,2016,0
164,3,27,350,1990,0
164,3,27,350,1991,0
164,3,27,350,1992,0
164,3,27,350,1993,0
164,3,27,350,1994,0
164,3,27,350,1995,0
164,3,27,350,1996,0
164,3,27,350,1997,0
164,3,27,350,1998,0
164,3,27,350,1999,0
164,3,27,350,2000,0
164,3,27,350,2001,0
164,3,27,350,2002,0
164,3,27,350,2003,0
164,3,27,350,2004,0
164,3,27,350,2005,0
164,3,27,350,2006,0
164,3,27,350,2007,0
164,3,27,350,2008,0
164,3,27,350,2009,0
164,3,27,350,2010,0
164,3,27,350,2011,0
164,3,27,350,2012,0
164,3,27,350,2013,0
164,3,27,350,2014,0
164,3,27,350,2015,0
164,3,27,350,2016,0
165,1,22,350,1990,0
165,1,22,350,1991,0
165,1,22,350,1992,0
165,1,22,350,1993,0
165,1,22,350,1994,0
165,1,22,350,1995,0
165,1,22,350,1996,0
165,1,22,350,1997,0
165,1,22,350,1998,0
165,1,22,350,1999,0
165,1,22,350,2000,0
165,1,22,350,2001,0
165,1,22,350,2002,0
165,1,22,350,2003,0
165,1,22,350,2004,0
165,1,22,350,2005,0
165,1,22,350,2006,0
165,1,22,350,2007,0
165,1,22,350,2008,0
165,1,22,350,2009,0
165,1,22,350,2010,0
165,1,22,350,2011,0
165,1,22,350,2012,0
165,1,22,350,2013,0
165,1,22,350,2014,0
165,1,22,350,2015,0
165,1,22,350,2016,0
165,1,27,350,1990,0
165,1,27,350,1991,0
165,1,27,350,1992,0
165,1,27,350,1993,0
165,1,27,350,1994,0
165,1,27,350,1995,0
165,1,27,350,1996,0
165,1,27,350,1997,0
165,1,27,350,1998,0
165,1,27,350,1999,0
165,1,27,350,2000,0
165,1,27,350,2001,0
165,1,27,350,2002,0
165,1,27,350,2003,0
165,1,27,350,2004,0
165,1,27,350,2005,0
165,1,27,350,2006,0
165,1,27,350,2007,0
165,1,27,350,2008,0
165,1,27,350,2009,0
165,1,27,350,2010,0
165,1,27,350,2011,0
165,1,27,350,2012,0
165,1,27,350,2013,0
165,1,27,350,2014,0
165,1,27,350,2015,0
165,1,27,350,2016,0
165,2,22,350,1990,0
165,2,22,350,1991,0
165,2,22,350,1992,0
165,2,22,350,1993,0
165,2,22,350,1994,0
165,2,22,350,1995,0
165,2,22,350,1996,0
165,2,22,350,1997,0
165,2,22,350,1998,0
165,2,22,350,1999,0
165,2,22,350,2000,0
165,2,22,350,2001,0
165,2,22,350,2002,0
165,2,22,350,2003,0
165,2,22,350,2004,0
165,2,22,350,2005,0
165,2,22,350,2006,0
165,2,22,350,2007,0
165,2,22,350,2008,0
165,2,22,350,2009,0
165,2,22,350,2010,0
165,2,22,350,2011,0
165,2,22,350,2012,0
165,2,22,350,2013,0
165,2,22,350,2014,0
165,2,22,350,2015,0
165,2,22,350,2016,0
165,2,27,350,1990,0
165,2,27,350,1991,0
165,2,27,350,1992,0
165,2,27,350,1993,0
165,2,27,350,1994,0
165,2,27,350,1995,0
165,2,27,350,1996,0
165,2,27,350,1997,0
165,2,27,350,1998,0
165,2,27,350,1999,0
165,2,27,350,2000,0
165,2,27,350,2001,0
165,2,27,350,2002,0
165,2,27,350,2003,0
165,2,27,350,2004,0
165,2,27,350,2005,0
165,2,27,350,2006,0
165,2,27,350,2007,0
165,2,27,350,2008,0
165,2,27,350,2009,0
165,2,27,350,2010,0
165,2,27,350,2011,0
165,2,27,350,2012,0
165,2,27,350,2013,0
165,2,27,350,2014,0
165,2,27,350,2015,0
165,2,27,350,2016,0
165,3,22,350,1990,0
165,3,22,350,1991,0
165,3,22,350,1992,0
165,3,22,350,1993,0
165,3,22,350,1994,0
165,3,22,350,1995,0
165,3,22,350,1996,0
165,3,22,350,1997,0
165,3,22,350,1998,0
165,3,22,350,1999,0
165,3,22,350,2000,0
165,3,22,350,2001,0
165,3,22,350,2002,0
165,3,22,350,2003,0
165,3,22,350,2004,0
165,3,22,350,2005,0
165,3,22,350,2006,0
165,3,22,350,2007,0
165,3,22,350,2008,0
165,3,22,350,2009,0
165,3,22,350,2010,0
165,3,22,350,2011,0
165,3,22,350,2012,0
165,3,22,350,2013,0
165,3,22,350,2014,0
165,3,22,350,2015,0
165,3,22,350,2016,0
165,3,27,350,1990,0
165,3,27,350,1991,0
165,3,27,350,1992,0
165,3,27,350,1993,0
165,3,27,350,1994,0
165,3,27,350,1995,0
165,3,27,350,1996,0
165,3,27,350,1997,0
165,3,27,350,1998,0
165,3,27,350,1999,0
165,3,27,350,2000,0
165,3,27,350,2001,0
165,3,27,350,2002,0
165,3,27,350,2003,0
165,3,27,350,2004,0
165,3,27,350,2005,0
165,3,27,350,2006,0
165,3,27,350,2007,0
165,3,27,350,2008,0
165,3,27,350,2009,0
165,3,27,350,2010,0
165,3,27,350,2011,0
165,3,27,350,2012,0
165,3,27,350,2013,0
165,3,27,350,2014,0
165,3,27,350,2015,0
165,3,27,350,2016,0
168,1,22,350,1990,75.3
168,1,22,350,1991,87.08
168,1,22,350,1992,102.24
168,1,22,350,1993,120.12
168,1,22,350,1994,141.21
168,1,22,350,1995,168.86
168,1,22,350,1996,140.85
168,1,22,350,1997,119.55
168,1,22,350,1998,101.6
168,1,22,350,1999,86.46
168,1,22,350,2000,74.88
168,1,22,350,2001,50.89
168,1,22,350,2002,35.2
168,1,22,350,2003,24.36
168,1,22,350,2004,16.87
168,1,22,350,2005,11.87
168,1,22,350,2006,7.6
168,1,22,350,2007,4.8
168,1,22,350,2008,3.08
168,1,22,350,2009,1.98
168,1,22,350,2010,1.29
168,1,22,350,2011,0.99
168,1,22,350,2012,0.77
168,1,22,350,2013,0.6
168,1,22,350,2014,0.47
168,1,22,350,2015,0.37
168,1,22,350,2016,0.29
168,1,27,350,1990,97.79
168,1,27,350,1991,112.94
168,1,27,350,1992,132.75
168,1,27,350,1993,156.13
168,1,27,350,1994,183.74
168,1,27,350,1995,220.11
168,1,27,350,1996,184.27
168,1,27,350,1997,157.05
168,1,27,350,1998,133.93
168,1,27,350,1999,114.3
168,1,27,350,2000,99.52
168,1,27,350,2001,67.47
168,1,27,350,2002,46.67
168,1,27,350,2003,32.3
168,1,27,350,2004,22.38
168,1,27,350,2005,15.78
168,1,27,350,2006,10.12
168,1,27,350,2007,6.39
168,1,27,350,2008,4.1
168,1,27,350,2009,2.64
168,1,27,350,2010,1.73
168,1,27,350,2011,1.32
168,1,27,350,2012,1.03
168,1,27,350,2013,0.8
168,1,27,350,2014,0.63
168,1,27,350,2015,0.49
168,1,27,350,2016,0.39
168,2,22,350,1990,74.14
168,2,22,350,1991,86.33
168,2,22,350,1992,102.18
168,2,22,350,1993,121.02
168,2,22,350,1994,143.4
168,2,22,350,1995,172.08
168,2,22,350,1996,145.44
168,2,22,350,1997,124.56
168,2,22,350,1998,106.81
168,2,22,350,1999,91.72
168,2,22,350,2000,80.23
168,2,22,350,2001,54.26
168,2,22,350,2002,37.37
168,2,22,350,2003,25.75
168,2,22,350,2004,17.75
168,2,22,350,2005,12.49
168,2,22,350,2006,7.92
168,2,22,350,2007,4.94
168,2,22,350,2008,3.14
168,2,22,350,2009,2
168,2,22,350,2010,1.29
168,2,22,350,2011,1
168,2,22,350,2012,0.78
168,2,22,350,2013,0.61
168,2,22,350,2014,0.48
168,2,22,350,2015,0.38
168,2,22,350,2016,0.3
168,2,27,350,1990,95.36
168,2,27,350,1991,110.8
168,2,27,350,1992,131.16
168,2,27,350,1993,155.36
168,2,27,350,1994,184.14
168,2,27,350,1995,222.24
168,2,27,350,1996,186.63
168,2,27,350,1997,159.58
168,2,27,350,1998,136.52
168,2,27,350,1999,116.87
168,2,27,350,2000,102.3
168,2,27,350,2001,69.03
168,2,27,350,2002,47.64
168,2,27,350,2003,32.9
168,2,27,350,2004,22.73
168,2,27,350,2005,16.12
168,2,27,350,2006,10.23
168,2,27,350,2007,6.36
168,2,27,350,2008,4.05
168,2,27,350,2009,2.58
168,2,27,350,2010,1.67
168,2,27,350,2011,1.29
168,2,27,350,2012,1.01
168,2,27,350,2013,0.79
168,2,27,350,2014,0.62
168,2,27,350,2015,0.49
168,2,27,350,2016,0.39
168,3,22,350,1990,74.71
168,3,22,350,1991,86.7
168,3,22,350,1992,102.21
168,3,22,350,1993,120.58
168,3,22,350,1994,142.32
168,3,22,350,1995,170.48
168,3,22,350,1996,143.17
168,3,22,350,1997,122.08
168,3,22,350,1998,104.24
168,3,22,350,1999,89.12
168,3,22,350,2000,77.59
168,3,22,350,2001,52.6
168,3,22,350,2002,36.29
168,3,22,350,2003,25.06
168,3,22,350,2004,17.31
168,3,22,350,2005,12.18
168,3,22,350,2006,7.76
168,3,22,350,2007,4.87
168,3,22,350,2008,3.11
168,3,22,350,2009,1.99
168,3,22,350,2010,1.29
168,3,22,350,2011,0.99
168,3,22,350,2012,0.78
168,3,22,350,2013,0.61
168,3,22,350,2014,0.48
168,3,22,350,2015,0.37
168,3,22,350,2016,0.3
168,3,27,350,1990,96.54
168,3,27,350,1991,111.86
168,3,27,350,1992,131.96
168,3,27,350,1993,155.78
168,3,27,350,1994,184.02
168,3,27,350,1995,221.36
168,3,27,350,1996,185.54
168,3,27,350,1997,158.37
168,3,27,350,1998,135.26
168,3,27,350,1999,115.6
168,3,27,350,2000,100.91
168,3,27,350,2001,68.25
168,3,27,350,2002,47.16
168,3,27,350,2003,32.6
168,3,27,350,2004,22.56
168,3,27,350,2005,15.96
168,3,27,350,2006,10.18
168,3,27,350,2007,6.37
168,3,27,350,2008,4.07
168,3,27,350,2009,2.6
168,3,27,350,2010,1.7
168,3,27,350,2011,1.3
168,3,27,350,2012,1.02
168,3,27,350,2013,0.8
168,3,27,350,2014,0.63
168,3,27,350,2015,0.49
168,3,27,350,2016,0.39
169,1,22,350,1990,69.1
169,1,22,350,1991,75.81
169,1,22,350,1992,84.77
169,1,22,350,1993,94.87
169,1,22,350,1994,106.27
169,1,22,350,1995,121.61
169,1,22,350,1996,110.87
169,1,22,350,1997,103.27
169,1,22,350,1998,96.29
169,1,22,350,1999,89.88
169,1,22,350,2000,85.91
169,1,22,350,2001,80.58
169,1,22,350,2002,77.38
169,1,22,350,2003,74.37
169,1,22,350,2004,71.53
169,1,22,350,2005,70.16
169,1,22,350,2006,54.72
169,1,22,350,2007,41.98
169,1,22,350,2008,32.81
169,1,22,350,2009,25.65
169,1,22,350,2010,20.41
169,1,22,350,2011,18.12
169,1,22,350,2012,16.37
169,1,22,350,2013,14.79
169,1,22,350,2014,13.38
169,1,22,350,2015,12.11
169,1,22,350,2016,11.16
169,1,27,350,1990,83.55
169,1,27,350,1991,91.32
169,1,27,350,1992,102.14
169,1,27,350,1993,114.33
169,1,27,350,1994,128.07
169,1,27,350,1995,147.05
169,1,27,350,1996,133.8
169,1,27,350,1997,124.78
169,1,27,350,1998,116.45
169,1,27,350,1999,108.74
169,1,27,350,2000,104.21
169,1,27,350,2001,97.25
169,1,27,350,2002,93.14
169,1,27,350,2003,89.26
169,1,27,350,2004,85.59
169,1,27,350,2005,83.99
169,1,27,350,2006,65.67
169,1,27,350,2007,50.28
169,1,27,350,2008,39.38
169,1,27,350,2009,30.87
169,1,27,350,2010,24.74
169,1,27,350,2011,21.82
169,1,27,350,2012,19.68
169,1,27,350,2013,17.75
169,1,27,350,2014,16.02
169,1,27,350,2015,14.46
169,1,27,350,2016,13.34
169,2,22,350,1990,67.32
169,2,22,350,1991,74.59
169,2,22,350,1992,84.25
169,2,22,350,1993,95.22
169,2,22,350,1994,107.69
169,2,22,350,1995,123.93
169,2,22,350,1996,113.37
169,2,22,350,1997,105.56
169,2,22,350,1998,98.38
169,2,22,350,1999,91.79
169,2,22,350,2000,87.86
169,2,22,350,2001,81.76
169,2,22,350,2002,78.06
169,2,22,350,2003,74.59
169,2,22,350,2004,71.34
169,2,22,350,2005,69.64
169,2,22,350,2006,54.29
169,2,22,350,2007,41.63
169,2,22,350,2008,32.55
169,2,22,350,2009,25.47
169,2,22,350,2010,20.27
169,2,22,350,2011,18.12
169,2,22,350,2012,16.45
169,2,22,350,2013,14.95
169,2,22,350,2014,13.6
169,2,22,350,2015,12.38
169,2,22,350,2016,11.47
169,2,27,350,1990,80.25
169,2,27,350,1991,88.82
169,2,27,350,1992,100.39
169,2,27,350,1993,113.52
169,2,27,350,1994,128.44
169,2,27,350,1995,148.4
169,2,27,350,1996,135.32
169,2,27,350,1997,126.01
169,2,27,350,1998,117.42
169,2,27,350,1999,109.49
169,2,27,350,2000,105.12
169,2,27,350,2001,97.64
169,2,27,350,2002,93.37
169,2,27,350,2003,89.35
169,2,27,350,2004,85.58
169,2,27,350,2005,83.76
169,2,27,350,2006,65.22
169,2,27,350,2007,49.83
169,2,27,350,2008,38.89
169,2,27,350,2009,30.37
169,2,27,350,2010,24.2
169,2,27,350,2011,21.5
169,2,27,350,2012,19.49
169,2,27,350,2013,17.67
169,2,27,350,2014,16.03
169,2,27,350,2015,14.55
169,2,27,350,2016,13.5
169,3,22,350,1990,68.2
169,3,22,350,1991,75.19
169,3,22,350,1992,84.5
169,3,22,350,1993,95.05
169,3,22,350,1994,107
169,3,22,350,1995,122.79
169,3,22,350,1996,112.14
169,3,22,350,1997,104.44
169,3,22,350,1998,97.36
169,3,22,350,1999,90.85
169,3,22,350,2000,86.9
169,3,22,350,2001,81.18
169,3,22,350,2002,77.72
169,3,22,350,2003,74.48
169,3,22,350,2004,71.43
169,3,22,350,2005,69.9
169,3,22,350,2006,54.5
169,3,22,350,2007,41.8
169,3,22,350,2008,32.68
169,3,22,350,2009,25.56
169,3,22,350,2010,20.34
169,3,22,350,2011,18.12
169,3,22,350,2012,16.41
169,3,22,350,2013,14.87
169,3,22,350,2014,13.49
169,3,22,350,2015,12.25
169,3,22,350,2016,11.31
169,3,27,350,1990,81.87
169,3,27,350,1991,90.07
169,3,27,350,1992,101.28
169,3,27,350,1993,113.95
169,3,27,350,1994,128.31
169,3,27,350,1995,147.8
169,3,27,350,1996,134.63
169,3,27,350,1997,125.45
169,3,27,350,1998,116.97
169,3,27,350,1999,109.13
169,3,27,350,2000,104.68
169,3,27,350,2001,97.46
169,3,27,350,2002,93.28
169,3,27,350,2003,89.34
169,3,27,350,2004,85.63
169,3,27,350,2005,83.93
169,3,27,350,2006,65.47
169,3,27,350,2007,50.07
169,3,27,350,2008,39.14
169,3,27,350,2009,30.62
169,3,27,350,2010,24.46
169,3,27,350,2011,21.66
169,3,27,350,2012,19.58
169,3,27,350,2013,17.71
169,3,27,350,2014,16.03
169,3,27,350,2015,14.51
169,3,27,350,2016,13.43
170,1,22,350,1990,221.63
170,1,22,350,1991,185.82
170,1,22,350,1992,158.83
170,1,22,350,1993,135.89
170,1,22,350,1994,116.36
170,1,22,350,1995,101.79
170,1,22,350,1996,101.62
170,1,22,350,1997,103.65
170,1,22,350,1998,105.8
170,1,22,350,1999,108.04
170,1,22,350,2000,112.62
170,1,22,350,2001,76.51
170,1,22,350,2002,53.08
170,1,22,350,2003,36.86
170,1,22,350,2004,25.63
170,1,22,350,2005,18.08
170,1,22,350,2006,12.66
170,1,22,350,2007,8.74
170,1,22,350,2008,6.11
170,1,22,350,2009,4.28
170,1,22,350,2010,3.05
170,1,22,350,2011,2.76
170,1,22,350,2012,2.54
170,1,22,350,2013,2.34
170,1,22,350,2014,2.16
170,1,22,350,2015,2
170,1,22,350,2016,1.88
170,1,27,350,1990,278.22
170,1,27,350,1991,231.53
170,1,27,350,1992,197.41
170,1,27,350,1993,168.44
170,1,27,350,1994,143.84
170,1,27,350,1995,125.69
170,1,27,350,1996,125.15
170,1,27,350,1997,127.5
170,1,27,350,1998,129.96
170,1,27,350,1999,132.56
170,1,27,350,2000,138.55
170,1,27,350,2001,93.77
170,1,27,350,2002,65.05
170,1,27,350,2003,45.18
170,1,27,350,2004,31.4
170,1,27,350,2005,22.2
170,1,27,350,2006,15.5
170,1,27,350,2007,10.64
170,1,27,350,2008,7.44
170,1,27,350,2009,5.2
170,1,27,350,2010,3.71
170,1,27,350,2011,3.35
170,1,27,350,2012,3.09
170,1,27,350,2013,2.85
170,1,27,350,2014,2.63
170,1,27,350,2015,2.43
170,1,27,350,2016,2.28
170,2,22,350,1990,224.13
170,2,22,350,1991,186.82
170,2,22,350,1992,159.66
170,2,22,350,1993,136.57
170,2,22,350,1994,116.93
170,2,22,350,1995,102.19
170,2,22,350,1996,102.36
170,2,22,350,1997,104.67
170,2,22,350,1998,107.11
170,2,22,350,1999,109.63
170,2,22,350,2000,114.74
170,2,22,350,2001,77.38
170,2,22,350,2002,53.39
170,2,22,350,2003,36.87
170,2,22,350,2004,25.49
170,2,22,350,2005,17.96
170,2,22,350,2006,12.61
170,2,22,350,2007,8.72
170,2,22,350,2008,6.14
170,2,22,350,2009,4.32
170,2,22,350,2010,3.09
170,2,22,350,2011,2.8
170,2,22,350,2012,2.58
170,2,22,350,2013,2.38
170,2,22,350,2014,2.19
170,2,22,350,2015,2.02
170,2,22,350,2016,1.91
170,2,27,350,1990,276.42
170,2,27,350,1991,229.79
170,2,27,350,1992,196.07
170,2,27,350,1993,167.4
170,2,27,350,1994,143.02
170,2,27,350,1995,124.72
170,2,27,350,1996,124.72
170,2,27,350,1997,127.29
170,2,27,350,1998,129.98
170,2,27,350,1999,132.79
170,2,27,350,2000,138.91
170,2,27,350,2001,93.66
170,2,27,350,2002,64.69
170,2,27,350,2003,44.71
170,2,27,350,2004,30.93
170,2,27,350,2005,21.87
170,2,27,350,2006,15.32
170,2,27,350,2007,10.55
170,2,27,350,2008,7.41
170,2,27,350,2009,5.21
170,2,27,350,2010,3.74
170,2,27,350,2011,3.38
170,2,27,350,2012,3.1
170,2,27,350,2013,2.86
170,2,27,350,2014,2.63
170,2,27,350,2015,2.42
170,2,27,350,2016,2.28
170,3,22,350,1990,222.88
170,3,22,350,1991,186.32
170,3,22,350,1992,159.25
170,3,22,350,1993,136.23
170,3,22,350,1994,116.64
170,3,22,350,1995,101.99
170,3,22,350,1996,101.99
170,3,22,350,1997,104.16
170,3,22,350,1998,106.45
170,3,22,350,1999,108.84
170,3,22,350,2000,113.68
170,3,22,350,2001,76.94
170,3,22,350,2002,53.23
170,3,22,350,2003,36.87
170,3,22,350,2004,25.56
170,3,22,350,2005,18.02
170,3,22,350,2006,12.63
170,3,22,350,2007,8.73
170,3,22,350,2008,6.13
170,3,22,350,2009,4.3
170,3,22,350,2010,3.07
170,3,22,350,2011,2.78
170,3,22,350,2012,2.56
170,3,22,350,2013,2.36
170,3,22,350,2014,2.18
170,3,22,350,2015,2.01
170,3,22,350,2016,1.89
170,3,27,350,1990,277.36
170,3,27,350,1991,230.71
170,3,27,350,1992,196.77
170,3,27,350,1993,167.93
170,3,27,350,1994,143.42
170,3,27,350,1995,125.18
170,3,27,350,1996,124.92
170,3,27,350,1997,127.39
170,3,27,350,1998,129.98
170,3,27,350,1999,132.69
170,3,27,350,2000,138.73
170,3,27,350,2001,93.73
170,3,27,350,2002,64.87
170,3,27,350,2003,44.95
170,3,27,350,2004,31.17
170,3,27,350,2005,22.03
170,3,27,350,2006,15.41
170,3,27,350,2007,10.59
170,3,27,350,2008,7.42
170,3,27,350,2009,5.2
170,3,27,350,2010,3.72
170,3,27,350,2011,3.36
170,3,27,350,2012,3.1
170,3,27,350,2013,2.85
170,3,27,350,2014,2.63
170,3,27,350,2015,2.43
170,3,27,350,2016,2.28
171,1,22,350,1990,71.03
171,1,22,350,1991,81.09
171,1,22,350,1992,94.57
171,1,22,350,1993,110.34
171,1,22,350,1994,128.76
171,1,22,350,1995,153.01
171,1,22,350,1996,130.21
171,1,22,350,1997,112.88
171,1,22,350,1998,97.95
171,1,22,350,1999,85.07
171,1,22,350,2000,75.09
171,1,22,350,2001,63.04
171,1,22,350,2002,53.77
171,1,22,350,2003,45.91
171,1,22,350,2004,39.23
171,1,22,350,2005,33.96
171,1,22,350,2006,30.38
171,1,22,350,2007,26.84
171,1,22,350,2008,24.03
171,1,22,350,2009,21.54
171,1,22,350,2010,19.65
171,1,22,350,2011,16.08
171,1,22,350,2012,13.39
171,1,22,350,2013,11.16
171,1,22,350,2014,9.3
171,1,22,350,2015,7.75
171,1,22,350,2016,6.56
171,1,27,350,1990,91.14
171,1,27,350,1991,103.02
171,1,27,350,1992,119.73
171,1,27,350,1993,139.22
171,1,27,350,1994,161.98
171,1,27,350,1995,192.7
171,1,27,350,1996,163.64
171,1,27,350,1997,142.11
171,1,27,350,1998,123.5
171,1,27,350,1999,107.39
171,1,27,350,2000,95.33
171,1,27,350,2001,79.83
171,1,27,350,2002,68.24
171,1,27,350,2003,58.38
171,1,27,350,2004,49.99
171,1,27,350,2005,43.49
171,1,27,350,2006,38.94
171,1,27,350,2007,34.3
171,1,27,350,2008,30.72
171,1,27,350,2009,27.53
171,1,27,350,2010,25.26
171,1,27,350,2011,20.58
171,1,27,350,2012,17.16
171,1,27,350,2013,14.31
171,1,27,350,2014,11.94
171,1,27,350,2015,9.96
171,1,27,350,2016,8.46
171,2,22,350,1990,75.1
171,2,22,350,1991,85.59
171,2,22,350,1992,99.67
171,2,22,350,1993,116.13
171,2,22,350,1994,135.35
171,2,22,350,1995,160.73
171,2,22,350,1996,136.59
171,2,22,350,1997,118.31
171,2,22,350,1998,102.55
171,2,22,350,1999,88.99
171,2,22,350,2000,78.6
171,2,22,350,2001,65.76
171,2,22,350,2002,55.99
171,2,22,350,2003,47.71
171,2,22,350,2004,40.68
171,2,22,350,2005,35.27
171,2,22,350,2006,31.25
171,2,22,350,2007,27.26
171,2,22,350,2008,24.19
171,2,22,350,2009,21.49
171,2,22,350,2010,19.47
171,2,22,350,2011,16.04
171,2,22,350,2012,13.47
171,2,22,350,2013,11.32
171,2,22,350,2014,9.51
171,2,22,350,2015,8
171,2,22,350,2016,6.83
171,2,27,350,1990,93.16
171,2,27,350,1991,105.91
171,2,27,350,1992,123.28
171,2,27,350,1993,143.59
171,2,27,350,1994,167.36
171,2,27,350,1995,199.36
171,2,27,350,1996,169.24
171,2,27,350,1997,146.84
171,2,27,350,1998,127.48
171,2,27,350,1999,110.75
171,2,27,350,2000,98.09
171,2,27,350,2001,81.74
171,2,27,350,2002,69.44
171,2,27,350,2003,59.02
171,2,27,350,2004,50.19
171,2,27,350,2005,43.52
171,2,27,350,2006,38.81
171,2,27,350,2007,33.95
171,2,27,350,2008,30.3
171,2,27,350,2009,27.05
171,2,27,350,2010,24.74
171,2,27,350,2011,20.24
171,2,27,350,2012,16.96
171,2,27,350,2013,14.21
171,2,27,350,2014,11.92
171,2,27,350,2015,10
171,2,27,350,2016,8.53
171,3,22,350,1990,73.09
171,3,22,350,1991,83.37
171,3,22,350,1992,97.15
171,3,22,350,1993,113.27
171,3,22,350,1994,132.09
171,3,22,350,1995,156.91
171,3,22,350,1996,133.43
171,3,22,350,1997,115.62
171,3,22,350,1998,100.27
171,3,22,350,1999,87.05
171,3,22,350,2000,76.86
171,3,22,350,2001,64.41
171,3,22,350,2002,54.89
171,3,22,350,2003,46.81
171,3,22,350,2004,39.96
171,3,22,350,2005,34.62
171,3,22,350,2006,30.82
171,3,22,350,2007,27.05
171,3,22,350,2008,24.11
171,3,22,350,2009,21.52
171,3,22,350,2010,19.56
171,3,22,350,2011,16.06
171,3,22,350,2012,13.43
171,3,22,350,2013,11.24
171,3,22,350,2014,9.41
171,3,22,350,2015,7.88
171,3,22,350,2016,6.69
171,3,27,350,1990,92.13
171,3,27,350,1991,104.52
171,3,27,350,1992,121.58
171,3,27,350,1993,141.51
171,3,27,350,1994,164.79
171,3,27,350,1995,196.2
171,3,27,350,1996,166.55
171,3,27,350,1997,144.55
171,3,27,350,1998,125.54
171,3,27,350,1999,109.1
171,3,27,350,2000,96.71
171,3,27,350,2001,80.78
171,3,27,350,2002,68.83
171,3,27,350,2003,58.69
171,3,27,350,2004,50.08
171,3,27,350,2005,43.49
171,3,27,350,2006,38.87
171,3,27,350,2007,34.12
171,3,27,350,2008,30.5
171,3,27,350,2009,27.29
171,3,27,350,2010,25
171,3,27,350,2011,20.41
171,3,27,350,2012,17.05
171,3,27,350,2013,14.26
171,3,27,350,2014,11.93
171,3,27,350,2015,9.98
171,3,27,350,2016,8.49
172,1,22,350,1990,33.35
172,1,22,350,1991,33.11
172,1,22,350,1992,33.56
172,1,22,350,1993,34.05
172,1,22,350,1994,34.59
172,1,22,350,1995,35.91
172,1,22,350,1996,30.3
172,1,22,350,1997,26.13
172,1,22,350,1998,22.56
172,1,22,350,1999,19.5
172,1,22,350,2000,17.14
172,1,22,350,2001,14.3
172,1,22,350,2002,12.12
172,1,22,350,2003,10.27
172,1,22,350,2004,8.71
172,1,22,350,2005,7.51
172,1,22,350,2006,5.26
172,1,22,350,2007,3.63
172,1,22,350,2008,2.55
172,1,22,350,2009,1.79
172,1,22,350,2010,1.27
172,1,22,350,2011,0
172,1,22,350,2012,0
172,1,22,350,2013,0
172,1,22,350,2014,0
172,1,22,350,2015,0
172,1,22,350,2016,0
172,1,27,350,1990,39.9
172,1,27,350,1991,39.43
172,1,27,350,1992,40
172,1,27,350,1993,40.61
172,1,27,350,1994,41.26
172,1,27,350,1995,42.96
172,1,27,350,1996,36.05
172,1,27,350,1997,31
172,1,27,350,1998,26.67
172,1,27,350,1999,22.96
172,1,27,350,2000,20.11
172,1,27,350,2001,16.7
172,1,27,350,2002,14.11
172,1,27,350,2003,11.93
172,1,27,350,2004,10.1
172,1,27,350,2005,8.72
172,1,27,350,2006,6.08
172,1,27,350,2007,4.16
172,1,27,350,2008,2.91
172,1,27,350,2009,2.04
172,1,27,350,2010,1.45
172,1,27,350,2011,0
172,1,27,350,2012,0
172,1,27,350,2013,0
172,1,27,350,2014,0
172,1,27,350,2015,0
172,1,27,350,2016,0
172,2,22,350,1990,32.95
172,2,22,350,1991,32.77
172,2,22,350,1992,33.41
172,2,22,350,1993,34.12
172,2,22,350,1994,34.89
172,2,22,350,1995,36.49
172,2,22,350,1996,30.7
172,2,22,350,1997,26.39
172,2,22,350,1998,22.71
172,2,22,350,1999,19.55
172,2,22,350,2000,17.16
172,2,22,350,2001,14.29
172,2,22,350,2002,12.13
172,2,22,350,2003,10.31
172,2,22,350,2004,8.77
172,2,22,350,2005,7.61
172,2,22,350,2006,5.36
172,2,22,350,2007,3.72
172,2,22,350,2008,2.63
172,2,22,350,2009,1.86
172,2,22,350,2010,1.33
172,2,22,350,2011,0
172,2,22,350,2012,0
172,2,22,350,2013,0
172,2,22,350,2014,0
172,2,22,350,2015,0
172,2,22,350,2016,0
172,2,27,350,1990,39.75
172,2,27,350,1991,39.43
172,2,27,350,1992,40.17
172,2,27,350,1993,40.96
172,2,27,350,1994,41.78
172,2,27,350,1995,43.64
172,2,27,350,1996,36.59
172,2,27,350,1997,31.41
172,2,27,350,1998,26.98
172,2,27,350,1999,23.18
172,2,27,350,2000,20.37
172,2,27,350,2001,16.84
172,2,27,350,2002,14.23
172,2,27,350,2003,12.04
172,2,27,350,2004,10.18
172,2,27,350,2005,8.81
172,2,27,350,2006,6.2
172,2,27,350,2007,4.28
172,2,27,350,2008,3.02
172,2,27,350,2009,2.13
172,2,27,350,2010,1.53
172,2,27,350,2011,0
172,2,27,350,2012,0
172,2,27,350,2013,0
172,2,27,350,2014,0
172,2,27,350,2015,0
172,2,27,350,2016,0
172,3,22,350,1990,33.16
172,3,22,350,1991,32.94
172,3,22,350,1992,33.49
172,3,22,350,1993,34.09
172,3,22,350,1994,34.74
172,3,22,350,1995,36.19
172,3,22,350,1996,30.49
172,3,22,350,1997,26.26
172,3,22,350,1998,22.63
172,3,22,350,1999,19.53
172,3,22,350,2000,17.14
172,3,22,350,2001,14.29
172,3,22,350,2002,12.13
172,3,22,350,2003,10.29
172,3,22,350,2004,8.74
172,3,22,350,2005,7.56
172,3,22,350,2006,5.31
172,3,22,350,2007,3.67
172,3,22,350,2008,2.59
172,3,22,350,2009,1.82
172,3,22,350,2010,1.3
172,3,22,350,2011,0
172,3,22,350,2012,0
172,3,22,350,2013,0
172,3,22,350,2014,0
172,3,22,350,2015,0
172,3,22,350,2016,0
172,3,27,350,1990,39.77
172,3,27,350,1991,39.4
172,3,27,350,1992,40.06
172,3,27,350,1993,40.76
172,3,27,350,1994,41.5
172,3,27,350,1995,43.28
172,3,27,350,1996,36.31
172,3,27,350,1997,31.2
172,3,27,350,1998,26.82
172,3,27,350,1999,23.06
172,3,27,350,2000,20.23
172,3,27,350,2001,16.76
172,3,27,350,2002,14.16
172,3,27,350,2003,11.98
172,3,27,350,2004,10.13
172,3,27,350,2005,8.76
172,3,27,350,2006,6.13
172,3,27,350,2007,4.22
172,3,27,350,2008,2.96
172,3,27,350,2009,2.08
172,3,27,350,2010,1.49
172,3,27,350,2011,0
172,3,27,350,2012,0
172,3,27,350,2013,0
172,3,27,350,2014,0
172,3,27,350,2015,0
172,3,27,350,2016,0
173,1,22,350,1990,54.06
173,1,22,350,1991,42.9
173,1,22,350,1992,34.93
173,1,22,350,1993,28.48
173,1,22,350,1994,23.25
173,1,22,350,1995,19.47
173,1,22,350,1996,19.17
173,1,22,350,1997,19.37
173,1,22,350,1998,19.59
173,1,22,350,1999,19.83
173,1,22,350,2000,20.6
173,1,22,350,2001,20.28
173,1,22,350,2002,20.49
173,1,22,350,2003,20.74
173,1,22,350,2004,21.01
173,1,22,350,2005,21.84
173,1,22,350,2006,18.32
173,1,22,350,2007,15.05
173,1,22,350,2008,12.66
173,1,22,350,2009,10.66
173,1,22,350,2010,9.17
173,1,22,350,2011,8.21
173,1,22,350,2012,7.51
173,1,22,350,2013,6.87
173,1,22,350,2014,6.29
173,1,22,350,2015,5.76
173,1,22,350,2016,5.36
173,1,27,350,1990,63.77
173,1,27,350,1991,50.69
173,1,27,350,1992,41.38
173,1,27,350,1993,33.82
173,1,27,350,1994,27.65
173,1,27,350,1995,23.2
173,1,27,350,1996,22.81
173,1,27,350,1997,23.01
173,1,27,350,1998,23.24
173,1,27,350,1999,23.48
173,1,27,350,2000,24.39
173,1,27,350,2001,23.96
173,1,27,350,2002,24.19
173,1,27,350,2003,24.45
173,1,27,350,2004,24.73
173,1,27,350,2005,25.74
173,1,27,350,2006,21.55
173,1,27,350,2007,17.62
173,1,27,350,2008,14.8
173,1,27,350,2009,12.44
173,1,27,350,2010,10.71
173,1,27,350,2011,9.53
173,1,27,350,2012,8.68
173,1,27,350,2013,7.91
173,1,27,350,2014,7.21
173,1,27,350,2015,6.58
173,1,27,350,2016,6.12
173,2,22,350,1990,54.99
173,2,22,350,1991,44.08
173,2,22,350,1992,36.15
173,2,22,350,1993,29.69
173,2,22,350,1994,24.4
173,2,22,350,1995,20.79
173,2,22,350,1996,20.18
173,2,22,350,1997,20.3
173,2,22,350,1998,20.44
173,2,22,350,1999,20.6
173,2,22,350,2000,21.28
173,2,22,350,2001,20.9
173,2,22,350,2002,21.06
173,2,22,350,2003,21.23
173,2,22,350,2004,21.42
173,2,22,350,2005,22.09
173,2,22,350,2006,18.6
173,2,22,350,2007,15.35
173,2,22,350,2008,12.95
173,2,22,350,2009,10.93
173,2,22,350,2010,9.45
173,2,22,350,2011,8.35
173,2,22,350,2012,7.55
173,2,22,350,2013,6.83
173,2,22,350,2014,6.19
173,2,22,350,2015,5.61
173,2,22,350,2016,5.19
173,2,27,350,1990,63.2
173,2,27,350,1991,50.76
173,2,27,350,1992,41.71
173,2,27,350,1993,34.29
173,2,27,350,1994,28.2
173,2,27,350,1995,24.02
173,2,27,350,1996,23.32
173,2,27,350,1997,23.45
173,2,27,350,1998,23.59
173,2,27,350,1999,23.74
173,2,27,350,2000,24.52
173,2,27,350,2001,24.07
173,2,27,350,2002,24.26
173,2,27,350,2003,24.45
173,2,27,350,2004,24.66
173,2,27,350,2005,25.46
173,2,27,350,2006,21.43
173,2,27,350,2007,17.63
173,2,27,350,2008,14.86
173,2,27,350,2009,12.52
173,2,27,350,2010,10.84
173,2,27,350,2011,9.54
173,2,27,350,2012,8.63
173,2,27,350,2013,7.8
173,2,27,350,2014,7.06
173,2,27,350,2015,6.39
173,2,27,350,2016,5.91
173,3,22,350,1990,54.54
173,3,22,350,1991,43.5
173,3,22,350,1992,35.56
173,3,22,350,1993,29.09
173,3,22,350,1994,23.83
173,3,22,350,1995,20.14
173,3,22,350,1996,19.68
173,3,22,350,1997,19.84
173,3,22,350,1998,20.02
173,3,22,350,1999,20.22
173,3,22,350,2000,20.94
173,3,22,350,2001,20.59
173,3,22,350,2002,20.78
173,3,22,350,2003,20.98
173,3,22,350,2004,21.21
173,3,22,350,2005,21.96
173,3,22,350,2006,18.46
173,3,22,350,2007,15.2
173,3,22,350,2008,12.8
173,3,22,350,2009,10.79
173,3,22,350,2010,9.31
173,3,22,350,2011,8.28
173,3,22,350,2012,7.53
173,3,22,350,2013,6.85
173,3,22,350,2014,6.24
173,3,22,350,2015,5.69
173,3,22,350,2016,5.28
173,3,27,350,1990,63.54
173,3,27,350,1991,50.76
173,3,27,350,1992,41.58
173,3,27,350,1993,34.07
173,3,27,350,1994,27.94
173,3,27,350,1995,23.63
173,3,27,350,1996,23.07
173,3,27,350,1997,23.23
173,3,27,350,1998,23.41
173,3,27,350,1999,23.61
173,3,27,350,2000,24.45
173,3,27,350,2001,24.01
173,3,27,350,2002,24.22
173,3,27,350,2003,24.44
173,3,27,350,2004,24.69
173,3,27,350,2005,25.59
173,3,27,350,2006,21.49
173,3,27,350,2007,17.62
173,3,27,350,2008,14.83
173,3,27,350,2009,12.48
173,3,27,350,2010,10.77
173,3,27,350,2011,9.54
173,3,27,350,2012,8.66
173,3,27,350,2013,7.86
173,3,27,350,2014,7.14
173,3,27,350,2015,6.49
173,3,27,350,2016,6.02
175,1,22,350,1990,0
175,1,22,350,1991,0
175,1,22,350,1992,0
175,1,22,350,1993,0
175,1,22,350,1994,0
175,1,22,350,1995,0
175,1,22,350,1996,0
175,1,22,350,1997,0
175,1,22,350,1998,0
175,1,22,350,1999,0
175,1,22,350,2000,0
175,1,22,350,2001,0
175,1,22,350,2002,0
175,1,22,350,2003,0
175,1,22,350,2004,0
175,1,22,350,2005,0
175,1,22,350,2006,0
175,1,22,350,2007,0
175,1,22,350,2008,0
175,1,22,350,2009,0
175,1,22,350,2010,0
175,1,22,350,2011,0
175,1,22,350,2012,0
175,1,22,350,2013,0
175,1,22,350,2014,0
175,1,22,350,2015,0
175,1,22,350,2016,0
175,1,27,350,1990,0
175,1,27,350,1991,0
175,1,27,350,1992,0
175,1,27,350,1993,0
175,1,27,350,1994,0
175,1,27,350,1995,0
175,1,27,350,1996,0
175,1,27,350,1997,0
175,1,27,350,1998,0
175,1,27,350,1999,0
175,1,27,350,2000,0
175,1,27,350,2001,0
175,1,27,350,2002,0
175,1,27,350,2003,0
175,1,27,350,2004,0
175,1,27,350,2005,0
175,1,27,350,2006,0
175,1,27,350,2007,0
175,1,27,350,2008,0
175,1,27,350,2009,0
175,1,27,350,2010,0
175,1,27,350,2011,0
175,1,27,350,2012,0
175,1,27,350,2013,0
175,1,27,350,2014,0
175,1,27,350,2015,0
175,1,27,350,2016,0
175,2,22,350,1990,0
175,2,22,350,1991,0
175,2,22,350,1992,0
175,2,22,350,1993,0
175,2,22,350,1994,0
175,2,22,350,1995,0
175,2,22,350,1996,0
175,2,22,350,1997,0
175,2,22,350,1998,0
175,2,22,350,1999,0
175,2,22,350,2000,0
175,2,22,350,2001,0
175,2,22,350,2002,0
175,2,22,350,2003,0
175,2,22,350,2004,0
175,2,22,350,2005,0
175,2,22,350,2006,0
175,2,22,350,2007,0
175,2,22,350,2008,0
175,2,22,350,2009,0
175,2,22,350,2010,0
175,2,22,350,2011,0
175,2,22,350,2012,0
175,2,22,350,2013,0
175,2,22,350,2014,0
175,2,22,350,2015,0
175,2,22,350,2016,0
175,2,27,350,1990,0
175,2,27,350,1991,0
175,2,27,350,1992,0
175,2,27,350,1993,0
175,2,27,350,1994,0
175,2,27,350,1995,0
175,2,27,350,1996,0
175,2,27,350,1997,0
175,2,27,350,1998,0
175,2,27,350,1999,0
175,2,27,350,2000,0
175,2,27,350,2001,0
175,2,27,350,2002,0
175,2,27,350,2003,0
175,2,27,350,2004,0
175,2,27,350,2005,0
175,2,27,350,2006,0
175,2,27,350,2007,0
175,2,27,350,2008,0
175,2,27,350,2009,0
175,2,27,350,2010,0
175,2,27,350,2011,0
175,2,27,350,2012,0
175,2,27,350,2013,0
175,2,27,350,2014,0
175,2,27,350,2015,0
175,2,27,350,2016,0
175,3,22,350,1990,0
175,3,22,350,1991,0
175,3,22,350,1992,0
175,3,22,350,1993,0
175,3,22,350,1994,0
175,3,22,350,1995,0
175,3,22,350,1996,0
175,3,22,350,1997,0
175,3,22,350,1998,0
175,3,22,350,1999,0
175,3,22,350,2000,0
175,3,22,350,2001,0
175,3,22,350,2002,0
175,3,22,350,2003,0
175,3,22,350,2004,0
175,3,22,350,2005,0
175,3,22,350,2006,0
175,3,22,350,2007,0
175,3,22,350,2008,0
175,3,22,350,2009,0
175,3,22,350,2010,0
175,3,22,350,2011,0
175,3,22,350,2012,0
175,3,22,350,2013,0
175,3,22,350,2014,0
175,3,22,350,2015,0
175,3,22,350,2016,0
175,3,27,350,1990,0
175,3,27,350,1991,0
175,3,27,350,1992,0
175,3,27,350,1993,0
175,3,27,350,1994,0
175,3,27,350,1995,0
175,3,27,350,1996,0
175,3,27,350,1997,0
175,3,27,350,1998,0
175,3,27,350,1999,0
175,3,27,350,2000,0
175,3,27,350,2001,0
175,3,27,350,2002,0
175,3,27,350,2003,0
175,3,27,350,2004,0
175,3,27,350,2005,0
175,3,27,350,2006,0
175,3,27,350,2007,0
175,3,27,350,2008,0
175,3,27,350,2009,0
175,3,27,350,2010,0
175,3,27,350,2011,0
175,3,27,350,2012,0
175,3,27,350,2013,0
175,3,27,350,2014,0
175,3,27,350,2015,0
175,3,27,350,2016,0
176,1,22,350,1990,0
176,1,22,350,1991,0
176,1,22,350,1992,0
176,1,22,350,1993,0
176,1,22,350,1994,0
176,1,22,350,1995,0
176,1,22,350,1996,0
176,1,22,350,1997,0
176,1,22,350,1998,0
176,1,22,350,1999,0
176,1,22,350,2000,0
176,1,22,350,2001,0
176,1,22,350,2002,0
176,1,22,350,2003,0
176,1,22,350,2004,0
176,1,22,350,2005,0
176,1,22,350,2006,0
176,1,22,350,2007,0
176,1,22,350,2008,0
176,1,22,350,2009,0
176,1,22,350,2010,0
176,1,22,350,2011,0
176,1,22,350,2012,0
176,1,22,350,2013,0
176,1,22,350,2014,0
176,1,22,350,2015,0
176,1,22,350,2016,0
176,1,27,350,1990,0
176,1,27,350,1991,0
176,1,27,350,1992,0
176,1,27,350,1993,0
176,1,27,350,1994,0
176,1,27,350,1995,0
176,1,27,350,1996,0
176,1,27,350,1997,0
176,1,27,350,1998,0
176,1,27,350,1999,0
176,1,27,350,2000,0
176,1,27,350,2001,0
176,1,27,350,2002,0
176,1,27,350,2003,0
176,1,27,350,2004,0
176,1,27,350,2005,0
176,1,27,350,2006,0
176,1,27,350,2007,0
176,1,27,350,2008,0
176,1,27,350,2009,0
176,1,27,350,2010,0
176,1,27,350,2011,0
176,1,27,350,2012,0
176,1,27,350,2013,0
176,1,27,350,2014,0
176,1,27,350,2015,0
176,1,27,350,2016,0
176,2,22,350,1990,0
176,2,22,350,1991,0
176,2,22,350,1992,0
176,2,22,350,1993,0
176,2,22,350,1994,0
176,2,22,350,1995,0
176,2,22,350,1996,0
176,2,22,350,1997,0
176,2,22,350,1998,0
176,2,22,350,1999,0
176,2,22,350,2000,0
176,2,22,350,2001,0
176,2,22,350,2002,0
176,2,22,350,2003,0
176,2,22,350,2004,0
176,2,22,350,2005,0
176,2,22,350,2006,0
176,2,22,350,2007,0
176,2,22,350,2008,0
176,2,22,350,2009,0
176,2,22,350,2010,0
176,2,22,350,2011,0
176,2,22,350,2012,0
176,2,22,350,2013,0
176,2,22,350,2014,0
176,2,22,350,2015,0
176,2,22,350,2016,0
176,2,27,350,1990,0
176,2,27,350,1991,0
176,2,27,350,1992,0
176,2,27,350,1993,0
176,2,27,350,1994,0
176,2,27,350,1995,0
176,2,27,350,1996,0
176,2,27,350,1997,0
176,2,27,350,1998,0
176,2,27,350,1999,0
176,2,27,350,2000,0
176,2,27,350,2001,0
176,2,27,350,2002,0
176,2,27,350,2003,0
176,2,27,350,2004,0
176,2,27,350,2005,0
176,2,27,350,2006,0
176,2,27,350,2007,0
176,2,27,350,2008,0
176,2,27,350,2009,0
176,2,27,350,2010,0
176,2,27,350,2011,0
176,2,27,350,2012,0
176,2,27,350,2013,0
176,2,27,350,2014,0
176,2,27,350,2015,0
176,2,27,350,2016,0
176,3,22,350,1990,0
176,3,22,350,1991,0
176,3,22,350,1992,0
176,3,22,350,1993,0
176,3,22,350,1994,0
176,3,22,350,1995,0
176,3,22,350,1996,0
176,3,22,350,1997,0
176,3,22,350,1998,0
176,3,22,350,1999,0
176,3,22,350,2000,0
176,3,22,350,2001,0
176,3,22,350,2002,0
176,3,22,350,2003,0
176,3,22,350,2004,0
176,3,22,350,2005,0
176,3,22,350,2006,0
176,3,22,350,2007,0
176,3,22,350,2008,0
176,3,22,350,2009,0
176,3,22,350,2010,0
176,3,22,350,2011,0
176,3,22,350,2012,0
176,3,22,350,2013,0
176,3,22,350,2014,0
176,3,22,350,2015,0
176,3,22,350,2016,0
176,3,27,350,1990,0
176,3,27,350,1991,0
176,3,27,350,1992,0
176,3,27,350,1993,0
176,3,27,350,1994,0
176,3,27,350,1995,0
176,3,27,350,1996,0
176,3,27,350,1997,0
176,3,27,350,1998,0
176,3,27,350,1999,0
176,3,27,350,2000,0
176,3,27,350,2001,0
176,3,27,350,2002,0
176,3,27,350,2003,0
176,3,27,350,2004,0
176,3,27,350,2005,0
176,3,27,350,2006,0
176,3,27,350,2007,0
176,3,27,350,2008,0
176,3,27,350,2009,0
176,3,27,350,2010,0
176,3,27,350,2011,0
176,3,27,350,2012,0
176,3,27,350,2013,0
176,3,27,350,2014,0
176,3,27,350,2015,0
176,3,27,350,2016,0
177,1,22,350,1990,0
177,1,22,350,1991,0
177,1,22,350,1992,0
177,1,22,350,1993,0
177,1,22,350,1994,0
177,1,22,350,1995,0
177,1,22,350,1996,0
177,1,22,350,1997,0
177,1,22,350,1998,0
177,1,22,350,1999,0
177,1,22,350,2000,0
177,1,22,350,2001,0
177,1,22,350,2002,0
177,1,22,350,2003,0
177,1,22,350,2004,0
177,1,22,350,2005,0
177,1,22,350,2006,0
177,1,22,350,2007,0
177,1,22,350,2008,0
177,1,22,350,2009,0
177,1,22,350,2010,0
177,1,22,350,2011,0
177,1,22,350,2012,0
177,1,22,350,2013,0
177,1,22,350,2014,0
177,1,22,350,2015,0
177,1,22,350,2016,0
177,1,27,350,1990,0
177,1,27,350,1991,0
177,1,27,350,1992,0
177,1,27,350,1993,0
177,1,27,350,1994,0
177,1,27,350,1995,0
177,1,27,350,1996,0
177,1,27,350,1997,0
177,1,27,350,1998,0
177,1,27,350,1999,0
177,1,27,350,2000,0
177,1,27,350,2001,0
177,1,27,350,2002,0
177,1,27,350,2003,0
177,1,27,350,2004,0
177,1,27,350,2005,0
177,1,27,350,2006,0
177,1,27,350,2007,0
177,1,27,350,2008,0
177,1,27,350,2009,0
177,1,27,350,2010,0
177,1,27,350,2011,0
177,1,27,350,2012,0
177,1,27,350,2013,0
177,1,27,350,2014,0
177,1,27,350,2015,0
177,1,27,350,2016,0
177,2,22,350,1990,0
177,2,22,350,1991,0
177,2,22,350,1992,0
177,2,22,350,1993,0
177,2,22,350,1994,0
177,2,22,350,1995,0
177,2,22,350,1996,0
177,2,22,350,1997,0
177,2,22,350,1998,0
177,2,22,350,1999,0
177,2,22,350,2000,0
177,2,22,350,2001,0
177,2,22,350,2002,0
177,2,22,350,2003,0
177,2,22,350,2004,0
177,2,22,350,2005,0
177,2,22,350,2006,0
177,2,22,350,2007,0
177,2,22,350,2008,0
177,2,22,350,2009,0
177,2,22,350,2010,0
177,2,22,350,2011,0
177,2,22,350,2012,0
177,2,22,350,2013,0
177,2,22,350,2014,0
177,2,22,350,2015,0
177,2,22,350,2016,0
177,2,27,350,1990,0
177,2,27,350,1991,0
177,2,27,350,1992,0
177,2,27,350,1993,0
177,2,27,350,1994,0
177,2,27,350,1995,0
177,2,27,350,1996,0
177,2,27,350,1997,0
177,2,27,350,1998,0
177,2,27,350,1999,0
177,2,27,350,2000,0
177,2,27,350,2001,0
177,2,27,350,2002,0
177,2,27,350,2003,0
177,2,27,350,2004,0
177,2,27,350,2005,0
177,2,27,350,2006,0
177,2,27,350,2007,0
177,2,27,350,2008,0
177,2,27,350,2009,0
177,2,27,350,2010,0
177,2,27,350,2011,0
177,2,27,350,2012,0
177,2,27,350,2013,0
177,2,27,350,2014,0
177,2,27,350,2015,0
177,2,27,350,2016,0
177,3,22,350,1990,0
177,3,22,350,1991,0
177,3,22,350,1992,0
177,3,22,350,1993,0
177,3,22,350,1994,0
177,3,22,350,1995,0
177,3,22,350,1996,0
177,3,22,350,1997,0
177,3,22,350,1998,0
177,3,22,350,1999,0
177,3,22,350,2000,0
177,3,22,350,2001,0
177,3,22,350,2002,0
177,3,22,350,2003,0
177,3,22,350,2004,0
177,3,22,350,2005,0
177,3,22,350,2006,0
177,3,22,350,2007,0
177,3,22,350,2008,0
177,3,22,350,2009,0
177,3,22,350,2010,0
177,3,22,350,2011,0
177,3,22,350,2012,0
177,3,22,350,2013,0
177,3,22,350,2014,0
177,3,22,350,2015,0
177,3,22,350,2016,0
177,3,27,350,1990,0
177,3,27,350,1991,0
177,3,27,350,1992,0
177,3,27,350,1993,0
177,3,27,350,1994,0
177,3,27,350,1995,0
177,3,27,350,1996,0
177,3,27,350,1997,0
177,3,27,350,1998,0
177,3,27,350,1999,0
177,3,27,350,2000,0
177,3,27,350,2001,0
177,3,27,350,2002,0
177,3,27,350,2003,0
177,3,27,350,2004,0
177,3,27,350,2005,0
177,3,27,350,2006,0
177,3,27,350,2007,0
177,3,27,350,2008,0
177,3,27,350,2009,0
177,3,27,350,2010,0
177,3,27,350,2011,0
177,3,27,350,2012,0
177,3,27,350,2013,0
177,3,27,350,2014,0
177,3,27,350,2015,0
177,3,27,350,2016,0
178,1,22,350,1990,0
178,1,22,350,1991,0
178,1,22,350,1992,0
178,1,22,350,1993,0
178,1,22,350,1994,0
178,1,22,350,1995,0
178,1,22,350,1996,0
178,1,22,350,1997,0
178,1,22,350,1998,0
178,1,22,350,1999,0
178,1,22,350,2000,0
178,1,22,350,2001,0
178,1,22,350,2002,0
178,1,22,350,2003,0
178,1,22,350,2004,0
178,1,22,350,2005,0
178,1,22,350,2006,0
178,1,22,350,2007,0
178,1,22,350,2008,0
178,1,22,350,2009,0
178,1,22,350,2010,0
178,1,22,350,2011,0
178,1,22,350,2012,0
178,1,22,350,2013,0
178,1,22,350,2014,0
178,1,22,350,2015,0
178,1,22,350,2016,0
178,1,27,350,1990,0
178,1,27,350,1991,0
178,1,27,350,1992,0
178,1,27,350,1993,0
178,1,27,350,1994,0
178,1,27,350,1995,0
178,1,27,350,1996,0
178,1,27,350,1997,0
178,1,27,350,1998,0
178,1,27,350,1999,0
178,1,27,350,2000,0
178,1,27,350,2001,0
178,1,27,350,2002,0
178,1,27,350,2003,0
178,1,27,350,2004,0
178,1,27,350,2005,0
178,1,27,350,2006,0
178,1,27,350,2007,0
178,1,27,350,2008,0
178,1,27,350,2009,0
178,1,27,350,2010,0
178,1,27,350,2011,0
178,1,27,350,2012,0
178,1,27,350,2013,0
178,1,27,350,2014,0
178,1,27,350,2015,0
178,1,27,350,2016,0
178,2,22,350,1990,0
178,2,22,350,1991,0
178,2,22,350,1992,0
178,2,22,350,1993,0
178,2,22,350,1994,0
178,2,22,350,1995,0
178,2,22,350,1996,0
178,2,22,350,1997,0
178,2,22,350,1998,0
178,2,22,350,1999,0
178,2,22,350,2000,0
178,2,22,350,2001,0
178,2,22,350,2002,0
178,2,22,350,2003,0
178,2,22,350,2004,0
178,2,22,350,2005,0
178,2,22,350,2006,0
178,2,22,350,2007,0
178,2,22,350,2008,0
178,2,22,350,2009,0
178,2,22,350,2010,0
178,2,22,350,2011,0
178,2,22,350,2012,0
178,2,22,350,2013,0
178,2,22,350,2014,0
178,2,22,350,2015,0
178,2,22,350,2016,0
178,2,27,350,1990,0
178,2,27,350,1991,0
178,2,27,350,1992,0
178,2,27,350,1993,0
178,2,27,350,1994,0
178,2,27,350,1995,0
178,2,27,350,1996,0
178,2,27,350,1997,0
178,2,27,350,1998,0
178,2,27,350,1999,0
178,2,27,350,2000,0
178,2,27,350,2001,0
178,2,27,350,2002,0
178,2,27,350,2003,0
178,2,27,350,2004,0
178,2,27,350,2005,0
178,2,27,350,2006,0
178,2,27,350,2007,0
178,2,27,350,2008,0
178,2,27,350,2009,0
178,2,27,350,2010,0
178,2,27,350,2011,0
178,2,27,350,2012,0
178,2,27,350,2013,0
178,2,27,350,2014,0
178,2,27,350,2015,0
178,2,27,350,2016,0
178,3,22,350,1990,0
178,3,22,350,1991,0
178,3,22,350,1992,0
178,3,22,350,1993,0
178,3,22,350,1994,0
178,3,22,350,1995,0
178,3,22,350,1996,0
178,3,22,350,1997,0
178,3,22,350,1998,0
178,3,22,350,1999,0
178,3,22,350,2000,0
178,3,22,350,2001,0
178,3,22,350,2002,0
178,3,22,350,2003,0
178,3,22,350,2004,0
178,3,22,350,2005,0
178,3,22,350,2006,0
178,3,22,350,2007,0
178,3,22,350,2008,0
178,3,22,350,2009,0
178,3,22,350,2010,0
178,3,22,350,2011,0
178,3,22,350,2012,0
178,3,22,350,2013,0
178,3,22,350,2014,0
178,3,22,350,2015,0
178,3,22,350,2016,0
178,3,27,350,1990,0
178,3,27,350,1991,0
178,3,27,350,1992,0
178,3,27,350,1993,0
178,3,27,350,1994,0
178,3,27,350,1995,0
178,3,27,350,1996,0
178,3,27,350,1997,0
178,3,27,350,1998,0
178,3,27,350,1999,0
178,3,27,350,2000,0
178,3,27,350,2001,0
178,3,27,350,2002,0
178,3,27,350,2003,0
178,3,27,350,2004,0
178,3,27,350,2005,0
178,3,27,350,2006,0
178,3,27,350,2007,0
178,3,27,350,2008,0
178,3,27,350,2009,0
178,3,27,350,2010,0
178,3,27,350,2011,0
178,3,27,350,2012,0
178,3,27,350,2013,0
178,3,27,350,2014,0
178,3,27,350,2015,0
178,3,27,350,2016,0
179,1,22,350,1990,0
179,1,22,350,1991,0
179,1,22,350,1992,0
179,1,22,350,1993,0
179,1,22,350,1994,0
179,1,22,350,1995,0
179,1,22,350,1996,0
179,1,22,350,1997,0
179,1,22,350,1998,0
179,1,22,350,1999,0
179,1,22,350,2000,0
179,1,22,350,2001,0
179,1,22,350,2002,0
179,1,22,350,2003,0
179,1,22,350,2004,0
179,1,22,350,2005,0
179,1,22,350,2006,0
179,1,22,350,2007,0
179,1,22,350,2008,0
179,1,22,350,2009,0
179,1,22,350,2010,0
179,1,22,350,2011,0
179,1,22,350,2012,0
179,1,22,350,2013,0
179,1,22,350,2014,0
179,1,22,350,2015,0
179,1,22,350,2016,0
179,1,27,350,1990,0
179,1,27,350,1991,0
179,1,27,350,1992,0
179,1,27,350,1993,0
179,1,27,350,1994,0
179,1,27,350,1995,0
179,1,27,350,1996,0
179,1,27,350,1997,0
179,1,27,350,1998,0
179,1,27,350,1999,0
179,1,27,350,2000,0
179,1,27,350,2001,0
179,1,27,350,2002,0
179,1,27,350,2003,0
179,1,27,350,2004,0
179,1,27,350,2005,0
179,1,27,350,2006,0
179,1,27,350,2007,0
179,1,27,350,2008,0
179,1,27,350,2009,0
179,1,27,350,2010,0
179,1,27,350,2011,0
179,1,27,350,2012,0
179,1,27,350,2013,0
179,1,27,350,2014,0
179,1,27,350,2015,0
179,1,27,350,2016,0
179,2,22,350,1990,0
179,2,22,350,1991,0
179,2,22,350,1992,0
179,2,22,350,1993,0
179,2,22,350,1994,0
179,2,22,350,1995,0
179,2,22,350,1996,0
179,2,22,350,1997,0
179,2,22,350,1998,0
179,2,22,350,1999,0
179,2,22,350,2000,0
179,2,22,350,2001,0
179,2,22,350,2002,0
179,2,22,350,2003,0
179,2,22,350,2004,0
179,2,22,350,2005,0
179,2,22,350,2006,0
179,2,22,350,2007,0
179,2,22,350,2008,0
179,2,22,350,2009,0
179,2,22,350,2010,0
179,2,22,350,2011,0
179,2,22,350,2012,0
179,2,22,350,2013,0
179,2,22,350,2014,0
179,2,22,350,2015,0
179,2,22,350,2016,0
179,2,27,350,1990,0
179,2,27,350,1991,0
179,2,27,350,1992,0
179,2,27,350,1993,0
179,2,27,350,1994,0
179,2,27,350,1995,0
179,2,27,350,1996,0
179,2,27,350,1997,0
179,2,27,350,1998,0
179,2,27,350,1999,0
179,2,27,350,2000,0
179,2,27,350,2001,0
179,2,27,350,2002,0
179,2,27,350,2003,0
179,2,27,350,2004,0
179,2,27,350,2005,0
179,2,27,350,2006,0
179,2,27,350,2007,0
179,2,27,350,2008,0
179,2,27,350,2009,0
179,2,27,350,2010,0
179,2,27,350,2011,0
179,2,27,350,2012,0
179,2,27,350,2013,0
179,2,27,350,2014,0
179,2,27,350,2015,0
179,2,27,350,2016,0
179,3,22,350,1990,0
179,3,22,350,1991,0
179,3,22,350,1992,0
179,3,22,350,1993,0
179,3,22,350,1994,0
179,3,22,350,1995,0
179,3,22,350,1996,0
179,3,22,350,1997,0
179,3,22,350,1998,0
179,3,22,350,1999,0
179,3,22,350,2000,0
179,3,22,350,2001,0
179,3,22,350,2002,0
179,3,22,350,2003,0
179,3,22,350,2004,0
179,3,22,350,2005,0
179,3,22,350,2006,0
179,3,22,350,2007,0
179,3,22,350,2008,0
179,3,22,350,2009,0
179,3,22,350,2010,0
179,3,22,350,2011,0
179,3,22,350,2012,0
179,3,22,350,2013,0
179,3,22,350,2014,0
179,3,22,350,2015,0
179,3,22,350,2016,0
179,3,27,350,1990,0
179,3,27,350,1991,0
179,3,27,350,1992,0
179,3,27,350,1993,0
179,3,27,350,1994,0
179,3,27,350,1995,0
179,3,27,350,1996,0
179,3,27,350,1997,0
179,3,27,350,1998,0
179,3,27,350,1999,0
179,3,27,350,2000,0
179,3,27,350,2001,0
179,3,27,350,2002,0
179,3,27,350,2003,0
179,3,27,350,2004,0
179,3,27,350,2005,0
179,3,27,350,2006,0
179,3,27,350,2007,0
179,3,27,350,2008,0
179,3,27,350,2009,0
179,3,27,350,2010,0
179,3,27,350,2011,0
179,3,27,350,2012,0
179,3,27,350,2013,0
179,3,27,350,2014,0
179,3,27,350,2015,0
179,3,27,350,2016,0
180,1,22,350,1990,0
180,1,22,350,1991,0
180,1,22,350,1992,0
180,1,22,350,1993,0
180,1,22,350,1994,0
180,1,22,350,1995,0
180,1,22,350,1996,0
180,1,22,350,1997,0
180,1,22,350,1998,0
180,1,22,350,1999,0
180,1,22,350,2000,0
180,1,22,350,2001,0
180,1,22,350,2002,0
180,1,22,350,2003,0
180,1,22,350,2004,0
180,1,22,350,2005,0
180,1,22,350,2006,0
180,1,22,350,2007,0
180,1,22,350,2008,0
180,1,22,350,2009,0
180,1,22,350,2010,0
180,1,22,350,2011,0
180,1,22,350,2012,0
180,1,22,350,2013,0
180,1,22,350,2014,0
180,1,22,350,2015,0
180,1,22,350,2016,0
180,1,27,350,1990,0
180,1,27,350,1991,0
180,1,27,350,1992,0
180,1,27,350,1993,0
180,1,27,350,1994,0
180,1,27,350,1995,0
180,1,27,350,1996,0
180,1,27,350,1997,0
180,1,27,350,1998,0
180,1,27,350,1999,0
180,1,27,350,2000,0
180,1,27,350,2001,0
180,1,27,350,2002,0
180,1,27,350,2003,0
180,1,27,350,2004,0
180,1,27,350,2005,0
180,1,27,350,2006,0
180,1,27,350,2007,0
180,1,27,350,2008,0
180,1,27,350,2009,0
180,1,27,350,2010,0
180,1,27,350,2011,0
180,1,27,350,2012,0
180,1,27,350,2013,0
180,1,27,350,2014,0
180,1,27,350,2015,0
180,1,27,350,2016,0
180,2,22,350,1990,0
180,2,22,350,1991,0
180,2,22,350,1992,0
180,2,22,350,1993,0
180,2,22,350,1994,0
180,2,22,350,1995,0
180,2,22,350,1996,0
180,2,22,350,1997,0
180,2,22,350,1998,0
180,2,22,350,1999,0
180,2,22,350,2000,0
180,2,22,350,2001,0
180,2,22,350,2002,0
180,2,22,350,2003,0
180,2,22,350,2004,0
180,2,22,350,2005,0
180,2,22,350,2006,0
180,2,22,350,2007,0
180,2,22,350,2008,0
180,2,22,350,2009,0
180,2,22,350,2010,0
180,2,22,350,2011,0
180,2,22,350,2012,0
180,2,22,350,2013,0
180,2,22,350,2014,0
180,2,22,350,2015,0
180,2,22,350,2016,0
180,2,27,350,1990,0
180,2,27,350,1991,0
180,2,27,350,1992,0
180,2,27,350,1993,0
180,2,27,350,1994,0
180,2,27,350,1995,0
180,2,27,350,1996,0
180,2,27,350,1997,0
180,2,27,350,1998,0
180,2,27,350,1999,0
180,2,27,350,2000,0
180,2,27,350,2001,0
180,2,27,350,2002,0
180,2,27,350,2003,0
180,2,27,350,2004,0
180,2,27,350,2005,0
180,2,27,350,2006,0
180,2,27,350,2007,0
180,2,27,350,2008,0
180,2,27,350,2009,0
180,2,27,350,2010,0
180,2,27,350,2011,0
180,2,27,350,2012,0
180,2,27,350,2013,0
180,2,27,350,2014,0
180,2,27,350,2015,0
180,2,27,350,2016,0
180,3,22,350,1990,0
180,3,22,350,1991,0
180,3,22,350,1992,0
180,3,22,350,1993,0
180,3,22,350,1994,0
180,3,22,350,1995,0
180,3,22,350,1996,0
180,3,22,350,1997,0
180,3,22,350,1998,0
180,3,22,350,1999,0
180,3,22,350,2000,0
180,3,22,350,2001,0
180,3,22,350,2002,0
180,3,22,350,2003,0
180,3,22,350,2004,0
180,3,22,350,2005,0
180,3,22,350,2006,0
180,3,22,350,2007,0
180,3,22,350,2008,0
180,3,22,350,2009,0
180,3,22,350,2010,0
180,3,22,350,2011,0
180,3,22,350,2012,0
180,3,22,350,2013,0
180,3,22,350,2014,0
180,3,22,350,2015,0
180,3,22,350,2016,0
180,3,27,350,1990,0
180,3,27,350,1991,0
180,3,27,350,1992,0
180,3,27,350,1993,0
180,3,27,350,1994,0
180,3,27,350,1995,0
180,3,27,350,1996,0
180,3,27,350,1997,0
180,3,27,350,1998,0
180,3,27,350,1999,0
180,3,27,350,2000,0
180,3,27,350,2001,0
180,3,27,350,2002,0
180,3,27,350,2003,0
180,3,27,350,2004,0
180,3,27,350,2005,0
180,3,27,350,2006,0
180,3,27,350,2007,0
180,3,27,350,2008,0
180,3,27,350,2009,0
180,3,27,350,2010,0
180,3,27,350,2011,0
180,3,27,350,2012,0
180,3,27,350,2013,0
180,3,27,350,2014,0
180,3,27,350,2015,0
180,3,27,350,2016,0
181,1,22,350,1990,0
181,1,22,350,1991,0
181,1,22,350,1992,0
181,1,22,350,1993,0
181,1,22,350,1994,0
181,1,22,350,1995,0
181,1,22,350,1996,0
181,1,22,350,1997,0
181,1,22,350,1998,0
181,1,22,350,1999,0
181,1,22,350,2000,0
181,1,22,350,2001,0
181,1,22,350,2002,0
181,1,22,350,2003,0
181,1,22,350,2004,0
181,1,22,350,2005,0
181,1,22,350,2006,0
181,1,22,350,2007,0
181,1,22,350,2008,0
181,1,22,350,2009,0
181,1,22,350,2010,0
181,1,22,350,2011,0
181,1,22,350,2012,0
181,1,22,350,2013,0
181,1,22,350,2014,0
181,1,22,350,2015,0
181,1,22,350,2016,0
181,1,27,350,1990,0
181,1,27,350,1991,0
181,1,27,350,1992,0
181,1,27,350,1993,0
181,1,27,350,1994,0
181,1,27,350,1995,0
181,1,27,350,1996,0
181,1,27,350,1997,0
181,1,27,350,1998,0
181,1,27,350,1999,0
181,1,27,350,2000,0
181,1,27,350,2001,0
181,1,27,350,2002,0
181,1,27,350,2003,0
181,1,27,350,2004,0
181,1,27,350,2005,0
181,1,27,350,2006,0
181,1,27,350,2007,0
181,1,27,350,2008,0
181,1,27,350,2009,0
181,1,27,350,2010,0
181,1,27,350,2011,0
181,1,27,350,2012,0
181,1,27,350,2013,0
181,1,27,350,2014,0
181,1,27,350,2015,0
181,1,27,350,2016,0
181,2,22,350,1990,0
181,2,22,350,1991,0
181,2,22,350,1992,0
181,2,22,350,1993,0
181,2,22,350,1994,0
181,2,22,350,1995,0
181,2,22,350,1996,0
181,2,22,350,1997,0
181,2,22,350,1998,0
181,2,22,350,1999,0
181,2,22,350,2000,0
181,2,22,350,2001,0
181,2,22,350,2002,0
181,2,22,350,2003,0
181,2,22,350,2004,0
181,2,22,350,2005,0
181,2,22,350,2006,0
181,2,22,350,2007,0
181,2,22,350,2008,0
181,2,22,350,2009,0
181,2,22,350,2010,0
181,2,22,350,2011,0
181,2,22,350,2012,0
181,2,22,350,2013,0
181,2,22,350,2014,0
181,2,22,350,2015,0
181,2,22,350,2016,0
181,2,27,350,1990,0
181,2,27,350,1991,0
181,2,27,350,1992,0
181,2,27,350,1993,0
181,2,27,350,1994,0
181,2,27,350,1995,0
181,2,27,350,1996,0
181,2,27,350,1997,0
181,2,27,350,1998,0
181,2,27,350,1999,0
181,2,27,350,2000,0
181,2,27,350,2001,0
181,2,27,350,2002,0
181,2,27,350,2003,0
181,2,27,350,2004,0
181,2,27,350,2005,0
181,2,27,350,2006,0
181,2,27,350,2007,0
181,2,27,350,2008,0
181,2,27,350,2009,0
181,2,27,350,2010,0
181,2,27,350,2011,0
181,2,27,350,2012,0
181,2,27,350,2013,0
181,2,27,350,2014,0
181,2,27,350,2015,0
181,2,27,350,2016,0
181,3,22,350,1990,0
181,3,22,350,1991,0
181,3,22,350,1992,0
181,3,22,350,1993,0
181,3,22,350,1994,0
181,3,22,350,1995,0
181,3,22,350,1996,0
181,3,22,350,1997,0
181,3,22,350,1998,0
181,3,22,350,1999,0
181,3,22,350,2000,0
181,3,22,350,2001,0
181,3,22,350,2002,0
181,3,22,350,2003,0
181,3,22,350,2004,0
181,3,22,350,2005,0
181,3,22,350,2006,0
181,3,22,350,2007,0
181,3,22,350,2008,0
181,3,22,350,2009,0
181,3,22,350,2010,0
181,3,22,350,2011,0
181,3,22,350,2012,0
181,3,22,350,2013,0
181,3,22,350,2014,0
181,3,22,350,2015,0
181,3,22,350,2016,0
181,3,27,350,1990,0
181,3,27,350,1991,0
181,3,27,350,1992,0
181,3,27,350,1993,0
181,3,27,350,1994,0
181,3,27,350,1995,0
181,3,27,350,1996,0
181,3,27,350,1997,0
181,3,27,350,1998,0
181,3,27,350,1999,0
181,3,27,350,2000,0
181,3,27,350,2001,0
181,3,27,350,2002,0
181,3,27,350,2003,0
181,3,27,350,2004,0
181,3,27,350,2005,0
181,3,27,350,2006,0
181,3,27,350,2007,0
181,3,27,350,2008,0
181,3,27,350,2009,0
181,3,27,350,2010,0
181,3,27,350,2011,0
181,3,27,350,2012,0
181,3,27,350,2013,0
181,3,27,350,2014,0
181,3,27,350,2015,0
181,3,27,350,2016,0
182,1,22,350,1990,4.38
182,1,22,350,1991,2.26
182,1,22,350,1992,1.3
182,1,22,350,1993,0.75
182,1,22,350,1994,0.44
182,1,22,350,1995,0.27
182,1,22,350,1996,0.27
182,1,22,350,1997,0.29
182,1,22,350,1998,0.32
182,1,22,350,1999,0.34
182,1,22,350,2000,0.39
182,1,22,350,2001,0.37
182,1,22,350,2002,0.38
182,1,22,350,2003,0.39
182,1,22,350,2004,0.4
182,1,22,350,2005,0.43
182,1,22,350,2006,0.39
182,1,22,350,2007,0.33
182,1,22,350,2008,0.3
182,1,22,350,2009,0.27
182,1,22,350,2010,0.27
182,1,22,350,2011,0.24
182,1,22,350,2012,0.24
182,1,22,350,2013,0.23
182,1,22,350,2014,0.23
182,1,22,350,2015,0.22
182,1,22,350,2016,0.23
182,1,27,350,1990,5.57
182,1,27,350,1991,2.93
182,1,27,350,1992,1.69
182,1,27,350,1993,0.98
182,1,27,350,1994,0.57
182,1,27,350,1995,0.35
182,1,27,350,1996,0.35
182,1,27,350,1997,0.38
182,1,27,350,1998,0.41
182,1,27,350,1999,0.44
182,1,27,350,2000,0.5
182,1,27,350,2001,0.48
182,1,27,350,2002,0.49
182,1,27,350,2003,0.51
182,1,27,350,2004,0.52
182,1,27,350,2005,0.57
182,1,27,350,2006,0.51
182,1,27,350,2007,0.43
182,1,27,350,2008,0.39
182,1,27,350,2009,0.35
182,1,27,350,2010,0.35
182,1,27,350,2011,0.31
182,1,27,350,2012,0.3
182,1,27,350,2013,0.3
182,1,27,350,2014,0.29
182,1,27,350,2015,0.28
182,1,27,350,2016,0.3
182,2,22,350,1990,4.62
182,2,22,350,1991,2.4
182,2,22,350,1992,1.36
182,2,22,350,1993,0.77
182,2,22,350,1994,0.44
182,2,22,350,1995,0.26
182,2,22,350,1996,0.27
182,2,22,350,1997,0.29
182,2,22,350,1998,0.31
182,2,22,350,1999,0.33
182,2,22,350,2000,0.38
182,2,22,350,2001,0.37
182,2,22,350,2002,0.38
182,2,22,350,2003,0.4
182,2,22,350,2004,0.41
182,2,22,350,2005,0.45
182,2,22,350,2006,0.4
182,2,22,350,2007,0.34
182,2,22,350,2008,0.31
182,2,22,350,2009,0.28
182,2,22,350,2010,0.27
182,2,22,350,2011,0.25
182,2,22,350,2012,0.24
182,2,22,350,2013,0.24
182,2,22,350,2014,0.23
182,2,22,350,2015,0.23
182,2,22,350,2016,0.23
182,2,27,350,1990,5.82
182,2,27,350,1991,3.06
182,2,27,350,1992,1.74
182,2,27,350,1993,0.99
182,2,27,350,1994,0.56
182,2,27,350,1995,0.34
182,2,27,350,1996,0.34
182,2,27,350,1997,0.37
182,2,27,350,1998,0.39
182,2,27,350,1999,0.42
182,2,27,350,2000,0.48
182,2,27,350,2001,0.47
182,2,27,350,2002,0.49
182,2,27,350,2003,0.51
182,2,27,350,2004,0.53
182,2,27,350,2005,0.58
182,2,27,350,2006,0.52
182,2,27,350,2007,0.44
182,2,27,350,2008,0.4
182,2,27,350,2009,0.36
182,2,27,350,2010,0.34
182,2,27,350,2011,0.31
182,2,27,350,2012,0.31
182,2,27,350,2013,0.3
182,2,27,350,2014,0.29
182,2,27,350,2015,0.29
182,2,27,350,2016,0.3
182,3,22,350,1990,4.5
182,3,22,350,1991,2.33
182,3,22,350,1992,1.33
182,3,22,350,1993,0.76
182,3,22,350,1994,0.44
182,3,22,350,1995,0.27
182,3,22,350,1996,0.27
182,3,22,350,1997,0.29
182,3,22,350,1998,0.31
182,3,22,350,1999,0.34
182,3,22,350,2000,0.38
182,3,22,350,2001,0.37
182,3,22,350,2002,0.38
182,3,22,350,2003,0.39
182,3,22,350,2004,0.4
182,3,22,350,2005,0.44
182,3,22,350,2006,0.4
182,3,22,350,2007,0.34
182,3,22,350,2008,0.31
182,3,22,350,2009,0.28
182,3,22,350,2010,0.27
182,3,22,350,2011,0.24
182,3,22,350,2012,0.24
182,3,22,350,2013,0.23
182,3,22,350,2014,0.23
182,3,22,350,2015,0.22
182,3,22,350,2016,0.23
182,3,27,350,1990,5.7
182,3,27,350,1991,3
182,3,27,350,1992,1.72
182,3,27,350,1993,0.98
182,3,27,350,1994,0.57
182,3,27,350,1995,0.34
182,3,27,350,1996,0.35
182,3,27,350,1997,0.37
182,3,27,350,1998,0.4
182,3,27,350,1999,0.43
182,3,27,350,2000,0.49
182,3,27,350,2001,0.48
182,3,27,350,2002,0.49
182,3,27,350,2003,0.51
182,3,27,350,2004,0.52
182,3,27,350,2005,0.57
182,3,27,350,2006,0.52
182,3,27,350,2007,0.44
182,3,27,350,2008,0.39
182,3,27,350,2009,0.36
182,3,27,350,2010,0.34
182,3,27,350,2011,0.31
182,3,27,350,2012,0.31
182,3,27,350,2013,0.3
182,3,27,350,2014,0.29
182,3,27,350,2015,0.29
182,3,27,350,2016,0.3
183,1,22,350,1990,0
183,1,22,350,1991,0
183,1,22,350,1992,0
183,1,22,350,1993,0
183,1,22,350,1994,0
183,1,22,350,1995,0
183,1,22,350,1996,0
183,1,22,350,1997,0
183,1,22,350,1998,0
183,1,22,350,1999,0
183,1,22,350,2000,0
183,1,22,350,2001,0
183,1,22,350,2002,0
183,1,22,350,2003,0
183,1,22,350,2004,0
183,1,22,350,2005,0
183,1,22,350,2006,0
183,1,22,350,2007,0
183,1,22,350,2008,0
183,1,22,350,2009,0
183,1,22,350,2010,0
183,1,22,350,2011,0
183,1,22,350,2012,0
183,1,22,350,2013,0
183,1,22,350,2014,0
183,1,22,350,2015,0
183,1,22,350,2016,0
183,1,27,350,1990,0
183,1,27,350,1991,0
183,1,27,350,1992,0
183,1,27,350,1993,0
183,1,27,350,1994,0
183,1,27,350,1995,0
183,1,27,350,1996,0
183,1,27,350,1997,0
183,1,27,350,1998,0
183,1,27,350,1999,0
183,1,27,350,2000,0
183,1,27,350,2001,0
183,1,27,350,2002,0
183,1,27,350,2003,0
183,1,27,350,2004,0
183,1,27,350,2005,0
183,1,27,350,2006,0
183,1,27,350,2007,0
183,1,27,350,2008,0
183,1,27,350,2009,0
183,1,27,350,2010,0
183,1,27,350,2011,0
183,1,27,350,2012,0
183,1,27,350,2013,0
183,1,27,350,2014,0
183,1,27,350,2015,0
183,1,27,350,2016,0
183,2,22,350,1990,0
183,2,22,350,1991,0
183,2,22,350,1992,0
183,2,22,350,1993,0
183,2,22,350,1994,0
183,2,22,350,1995,0
183,2,22,350,1996,0
183,2,22,350,1997,0
183,2,22,350,1998,0
183,2,22,350,1999,0
183,2,22,350,2000,0
183,2,22,350,2001,0
183,2,22,350,2002,0
183,2,22,350,2003,0
183,2,22,350,2004,0
183,2,22,350,2005,0
183,2,22,350,2006,0
183,2,22,350,2007,0
183,2,22,350,2008,0
183,2,22,350,2009,0
183,2,22,350,2010,0
183,2,22,350,2011,0
183,2,22,350,2012,0
183,2,22,350,2013,0
183,2,22,350,2014,0
183,2,22,350,2015,0
183,2,22,350,2016,0
183,2,27,350,1990,0
183,2,27,350,1991,0
183,2,27,350,1992,0
183,2,27,350,1993,0
183,2,27,350,1994,0
183,2,27,350,1995,0
183,2,27,350,1996,0
183,2,27,350,1997,0
183,2,27,350,1998,0
183,2,27,350,1999,0
183,2,27,350,2000,0
183,2,27,350,2001,0
183,2,27,350,2002,0
183,2,27,350,2003,0
183,2,27,350,2004,0
183,2,27,350,2005,0
183,2,27,350,2006,0
183,2,27,350,2007,0
183,2,27,350,2008,0
183,2,27,350,2009,0
183,2,27,350,2010,0
183,2,27,350,2011,0
183,2,27,350,2012,0
183,2,27,350,2013,0
183,2,27,350,2014,0
183,2,27,350,2015,0
183,2,27,350,2016,0
183,3,22,350,1990,0
183,3,22,350,1991,0
183,3,22,350,1992,0
183,3,22,350,1993,0
183,3,22,350,1994,0
183,3,22,350,1995,0
183,3,22,350,1996,0
183,3,22,350,1997,0
183,3,22,350,1998,0
183,3,22,350,1999,0
183,3,22,350,2000,0
183,3,22,350,2001,0
183,3,22,350,2002,0
183,3,22,350,2003,0
183,3,22,350,2004,0
183,3,22,350,2005,0
183,3,22,350,2006,0
183,3,22,350,2007,0
183,3,22,350,2008,0
183,3,22,350,2009,0
183,3,22,350,2010,0
183,3,22,350,2011,0
183,3,22,350,2012,0
183,3,22,350,2013,0
183,3,22,350,2014,0
183,3,22,350,2015,0
183,3,22,350,2016,0
183,3,27,350,1990,0
183,3,27,350,1991,0
183,3,27,350,1992,0
183,3,27,350,1993,0
183,3,27,350,1994,0
183,3,27,350,1995,0
183,3,27,350,1996,0
183,3,27,350,1997,0
183,3,27,350,1998,0
183,3,27,350,1999,0
183,3,27,350,2000,0
183,3,27,350,2001,0
183,3,27,350,2002,0
183,3,27,350,2003,0
183,3,27,350,2004,0
183,3,27,350,2005,0
183,3,27,350,2006,0
183,3,27,350,2007,0
183,3,27,350,2008,0
183,3,27,350,2009,0
183,3,27,350,2010,0
183,3,27,350,2011,0
183,3,27,350,2012,0
183,3,27,350,2013,0
183,3,27,350,2014,0
183,3,27,350,2015,0
183,3,27,350,2016,0
184,1,22,350,1990,0.04
184,1,22,350,1991,0
184,1,22,350,1992,0
184,1,22,350,1993,0
184,1,22,350,1994,0
184,1,22,350,1995,0
184,1,22,350,1996,0
184,1,22,350,1997,0
184,1,22,350,1998,0
184,1,22,350,1999,0
184,1,22,350,2000,0
184,1,22,350,2001,0
184,1,22,350,2002,0
184,1,22,350,2003,0
184,1,22,350,2004,0
184,1,22,350,2005,0
184,1,22,350,2006,0
184,1,22,350,2007,0
184,1,22,350,2008,0
184,1,22,350,2009,0
184,1,22,350,2010,0
184,1,22,350,2011,0
184,1,22,350,2012,0
184,1,22,350,2013,0
184,1,22,350,2014,0
184,1,22,350,2015,0
184,1,22,350,2016,0
184,1,27,350,1990,0.06
184,1,27,350,1991,0
184,1,27,350,1992,0
184,1,27,350,1993,0
184,1,27,350,1994,0
184,1,27,350,1995,0
184,1,27,350,1996,0
184,1,27,350,1997,0
184,1,27,350,1998,0
184,1,27,350,1999,0
184,1,27,350,2000,0
184,1,27,350,2001,0
184,1,27,350,2002,0
184,1,27,350,2003,0
184,1,27,350,2004,0
184,1,27,350,2005,0
184,1,27,350,2006,0
184,1,27,350,2007,0
184,1,27,350,2008,0
184,1,27,350,2009,0
184,1,27,350,2010,0
184,1,27,350,2011,0
184,1,27,350,2012,0
184,1,27,350,2013,0
184,1,27,350,2014,0
184,1,27,350,2015,0
184,1,27,350,2016,0
184,2,22,350,1990,0.04
184,2,22,350,1991,0
184,2,22,350,1992,0
184,2,22,350,1993,0
184,2,22,350,1994,0
184,2,22,350,1995,0
184,2,22,350,1996,0
184,2,22,350,1997,0
184,2,22,350,1998,0
184,2,22,350,1999,0
184,2,22,350,2000,0
184,2,22,350,2001,0
184,2,22,350,2002,0
184,2,22,350,2003,0
184,2,22,350,2004,0
184,2,22,350,2005,0
184,2,22,350,2006,0
184,2,22,350,2007,0
184,2,22,350,2008,0
184,2,22,350,2009,0
184,2,22,350,2010,0
184,2,22,350,2011,0
184,2,22,350,2012,0
184,2,22,350,2013,0
184,2,22,350,2014,0
184,2,22,350,2015,0
184,2,22,350,2016,0
184,2,27,350,1990,0.05
184,2,27,350,1991,0
184,2,27,350,1992,0
184,2,27,350,1993,0
184,2,27,350,1994,0
184,2,27,350,1995,0
184,2,27,350,1996,0
184,2,27,350,1997,0
184,2,27,350,1998,0
184,2,27,350,1999,0
184,2,27,350,2000,0
184,2,27,350,2001,0
184,2,27,350,2002,0
184,2,27,350,2003,0
184,2,27,350,2004,0
184,2,27,350,2005,0
184,2,27,350,2006,0
184,2,27,350,2007,0
184,2,27,350,2008,0
184,2,27,350,2009,0
184,2,27,350,2010,0
184,2,27,350,2011,0
184,2,27,350,2012,0
184,2,27,350,2013,0
184,2,27,350,2014,0
184,2,27,350,2015,0
184,2,27,350,2016,0
184,3,22,350,1990,0.04
184,3,22,350,1991,0
184,3,22,350,1992,0
184,3,22,350,1993,0
184,3,22,350,1994,0
184,3,22,350,1995,0
184,3,22,350,1996,0
184,3,22,350,1997,0
184,3,22,350,1998,0
184,3,22,350,1999,0
184,3,22,350,2000,0
184,3,22,350,2001,0
184,3,22,350,2002,0
184,3,22,350,2003,0
184,3,22,350,2004,0
184,3,22,350,2005,0
184,3,22,350,2006,0
184,3,22,350,2007,0
184,3,22,350,2008,0
184,3,22,350,2009,0
184,3,22,350,2010,0
184,3,22,350,2011,0
184,3,22,350,2012,0
184,3,22,350,2013,0
184,3,22,350,2014,0
184,3,22,350,2015,0
184,3,22,350,2016,0
184,3,27,350,1990,0.06
184,3,27,350,1991,0
184,3,27,350,1992,0
184,3,27,350,1993,0
184,3,27,350,1994,0
184,3,27,350,1995,0
184,3,27,350,1996,0
184,3,27,350,1997,0
184,3,27,350,1998,0
184,3,27,350,1999,0
184,3,27,350,2000,0
184,3,27,350,2001,0
184,3,27,350,2002,0
184,3,27,350,2003,0
184,3,27,350,2004,0
184,3,27,350,2005,0
184,3,27,350,2006,0
184,3,27,350,2007,0
184,3,27,350,2008,0
184,3,27,350,2009,0
184,3,27,350,2010,0
184,3,27,350,2011,0
184,3,27,350,2012,0
184,3,27,350,2013,0
184,3,27,350,2014,0
184,3,27,350,2015,0
184,3,27,350,2016,0
185,1,22,350,1990,0
185,1,22,350,1991,0
185,1,22,350,1992,0
185,1,22,350,1993,0
185,1,22,350,1994,0
185,1,22,350,1995,0
185,1,22,350,1996,0
185,1,22,350,1997,0
185,1,22,350,1998,0
185,1,22,350,1999,0
185,1,22,350,2000,0
185,1,22,350,2001,0
185,1,22,350,2002,0
185,1,22,350,2003,0
185,1,22,350,2004,0
185,1,22,350,2005,0
185,1,22,350,2006,0
185,1,22,350,2007,0
185,1,22,350,2008,0
185,1,22,350,2009,0
185,1,22,350,2010,0
185,1,22,350,2011,0
185,1,22,350,2012,0
185,1,22,350,2013,0
185,1,22,350,2014,0
185,1,22,350,2015,0
185,1,22,350,2016,0
185,1,27,350,1990,0
185,1,27,350,1991,0
185,1,27,350,1992,0
185,1,27,350,1993,0
185,1,27,350,1994,0
185,1,27,350,1995,0
185,1,27,350,1996,0
185,1,27,350,1997,0
185,1,27,350,1998,0
185,1,27,350,1999,0
185,1,27,350,2000,0
185,1,27,350,2001,0
185,1,27,350,2002,0
185,1,27,350,2003,0
185,1,27,350,2004,0
185,1,27,350,2005,0
185,1,27,350,2006,0
185,1,27,350,2007,0
185,1,27,350,2008,0
185,1,27,350,2009,0
185,1,27,350,2010,0
185,1,27,350,2011,0
185,1,27,350,2012,0
185,1,27,350,2013,0
185,1,27,350,2014,0
185,1,27,350,2015,0
185,1,27,350,2016,0
185,2,22,350,1990,0
185,2,22,350,1991,0
185,2,22,350,1992,0
185,2,22,350,1993,0
185,2,22,350,1994,0
185,2,22,350,1995,0
185,2,22,350,1996,0
185,2,22,350,1997,0
185,2,22,350,1998,0
185,2,22,350,1999,0
185,2,22,350,2000,0
185,2,22,350,2001,0
185,2,22,350,2002,0
185,2,22,350,2003,0
185,2,22,350,2004,0
185,2,22,350,2005,0
185,2,22,350,2006,0
185,2,22,350,2007,0
185,2,22,350,2008,0
185,2,22,350,2009,0
185,2,22,350,2010,0
185,2,22,350,2011,0
185,2,22,350,2012,0
185,2,22,350,2013,0
185,2,22,350,2014,0
185,2,22,350,2015,0
185,2,22,350,2016,0
185,2,27,350,1990,0
185,2,27,350,1991,0
185,2,27,350,1992,0
185,2,27,350,1993,0
185,2,27,350,1994,0
185,2,27,350,1995,0
185,2,27,350,1996,0
185,2,27,350,1997,0
185,2,27,350,1998,0
185,2,27,350,1999,0
185,2,27,350,2000,0
185,2,27,350,2001,0
185,2,27,350,2002,0
185,2,27,350,2003,0
185,2,27,350,2004,0
185,2,27,350,2005,0
185,2,27,350,2006,0
185,2,27,350,2007,0
185,2,27,350,2008,0
185,2,27,350,2009,0
185,2,27,350,2010,0
185,2,27,350,2011,0
185,2,27,350,2012,0
185,2,27,350,2013,0
185,2,27,350,2014,0
185,2,27,350,2015,0
185,2,27,350,2016,0
185,3,22,350,1990,0
185,3,22,350,1991,0
185,3,22,350,1992,0
185,3,22,350,1993,0
185,3,22,350,1994,0
185,3,22,350,1995,0
185,3,22,350,1996,0
185,3,22,350,1997,0
185,3,22,350,1998,0
185,3,22,350,1999,0
185,3,22,350,2000,0
185,3,22,350,2001,0
185,3,22,350,2002,0
185,3,22,350,2003,0
185,3,22,350,2004,0
185,3,22,350,2005,0
185,3,22,350,2006,0
185,3,22,350,2007,0
185,3,22,350,2008,0
185,3,22,350,2009,0
185,3,22,350,2010,0
185,3,22,350,2011,0
185,3,22,350,2012,0
185,3,22,350,2013,0
185,3,22,350,2014,0
185,3,22,350,2015,0
185,3,22,350,2016,0
185,3,27,350,1990,0
185,3,27,350,1991,0
185,3,27,350,1992,0
185,3,27,350,1993,0
185,3,27,350,1994,0
185,3,27,350,1995,0
185,3,27,350,1996,0
185,3,27,350,1997,0
185,3,27,350,1998,0
185,3,27,350,1999,0
185,3,27,350,2000,0
185,3,27,350,2001,0
185,3,27,350,2002,0
185,3,27,350,2003,0
185,3,27,350,2004,0
185,3,27,350,2005,0
185,3,27,350,2006,0
185,3,27,350,2007,0
185,3,27,350,2008,0
185,3,27,350,2009,0
185,3,27,350,2010,0
185,3,27,350,2011,0
185,3,27,350,2012,0
185,3,27,350,2013,0
185,3,27,350,2014,0
185,3,27,350,2015,0
185,3,27,350,2016,0
186,1,22,350,1990,0
186,1,22,350,1991,0
186,1,22,350,1992,0
186,1,22,350,1993,0
186,1,22,350,1994,0
186,1,22,350,1995,0
186,1,22,350,1996,0
186,1,22,350,1997,0
186,1,22,350,1998,0
186,1,22,350,1999,0
186,1,22,350,2000,0
186,1,22,350,2001,0
186,1,22,350,2002,0
186,1,22,350,2003,0
186,1,22,350,2004,0
186,1,22,350,2005,0
186,1,22,350,2006,0
186,1,22,350,2007,0
186,1,22,350,2008,0
186,1,22,350,2009,0
186,1,22,350,2010,0
186,1,22,350,2011,0
186,1,22,350,2012,0
186,1,22,350,2013,0
186,1,22,350,2014,0
186,1,22,350,2015,0
186,1,22,350,2016,0
186,1,27,350,1990,0
186,1,27,350,1991,0
186,1,27,350,1992,0
186,1,27,350,1993,0
186,1,27,350,1994,0
186,1,27,350,1995,0
186,1,27,350,1996,0
186,1,27,350,1997,0
186,1,27,350,1998,0
186,1,27,350,1999,0
186,1,27,350,2000,0
186,1,27,350,2001,0
186,1,27,350,2002,0
186,1,27,350,2003,0
186,1,27,350,2004,0
186,1,27,350,2005,0
186,1,27,350,2006,0
186,1,27,350,2007,0
186,1,27,350,2008,0
186,1,27,350,2009,0
186,1,27,350,2010,0
186,1,27,350,2011,0
186,1,27,350,2012,0
186,1,27,350,2013,0
186,1,27,350,2014,0
186,1,27,350,2015,0
186,1,27,350,2016,0
186,2,22,350,1990,0
186,2,22,350,1991,0
186,2,22,350,1992,0
186,2,22,350,1993,0
186,2,22,350,1994,0
186,2,22,350,1995,0
186,2,22,350,1996,0
186,2,22,350,1997,0
186,2,22,350,1998,0
186,2,22,350,1999,0
186,2,22,350,2000,0
186,2,22,350,2001,0
186,2,22,350,2002,0
186,2,22,350,2003,0
186,2,22,350,2004,0
186,2,22,350,2005,0
186,2,22,350,2006,0
186,2,22,350,2007,0
186,2,22,350,2008,0
186,2,22,350,2009,0
186,2,22,350,2010,0
186,2,22,350,2011,0
186,2,22,350,2012,0
186,2,22,350,2013,0
186,2,22,350,2014,0
186,2,22,350,2015,0
186,2,22,350,2016,0
186,2,27,350,1990,0
186,2,27,350,1991,0
186,2,27,350,1992,0
186,2,27,350,1993,0
186,2,27,350,1994,0
186,2,27,350,1995,0
186,2,27,350,1996,0
186,2,27,350,1997,0
186,2,27,350,1998,0
186,2,27,350,1999,0
186,2,27,350,2000,0
186,2,27,350,2001,0
186,2,27,350,2002,0
186,2,27,350,2003,0
186,2,27,350,2004,0
186,2,27,350,2005,0
186,2,27,350,2006,0
186,2,27,350,2007,0
186,2,27,350,2008,0
186,2,27,350,2009,0
186,2,27,350,2010,0
186,2,27,350,2011,0
186,2,27,350,2012,0
186,2,27,350,2013,0
186,2,27,350,2014,0
186,2,27,350,2015,0
186,2,27,350,2016,0
186,3,22,350,1990,0
186,3,22,350,1991,0
186,3,22,350,1992,0
186,3,22,350,1993,0
186,3,22,350,1994,0
186,3,22,350,1995,0
186,3,22,350,1996,0
186,3,22,350,1997,0
186,3,22,350,1998,0
186,3,22,350,1999,0
186,3,22,350,2000,0
186,3,22,350,2001,0
186,3,22,350,2002,0
186,3,22,350,2003,0
186,3,22,350,2004,0
186,3,22,350,2005,0
186,3,22,350,2006,0
186,3,22,350,2007,0
186,3,22,350,2008,0
186,3,22,350,2009,0
186,3,22,350,2010,0
186,3,22,350,2011,0
186,3,22,350,2012,0
186,3,22,350,2013,0
186,3,22,350,2014,0
186,3,22,350,2015,0
186,3,22,350,2016,0
186,3,27,350,1990,0
186,3,27,350,1991,0
186,3,27,350,1992,0
186,3,27,350,1993,0
186,3,27,350,1994,0
186,3,27,350,1995,0
186,3,27,350,1996,0
186,3,27,350,1997,0
186,3,27,350,1998,0
186,3,27,350,1999,0
186,3,27,350,2000,0
186,3,27,350,2001,0
186,3,27,350,2002,0
186,3,27,350,2003,0
186,3,27,350,2004,0
186,3,27,350,2005,0
186,3,27,350,2006,0
186,3,27,350,2007,0
186,3,27,350,2008,0
186,3,27,350,2009,0
186,3,27,350,2010,0
186,3,27,350,2011,0
186,3,27,350,2012,0
186,3,27,350,2013,0
186,3,27,350,2014,0
186,3,27,350,2015,0
186,3,27,350,2016,0
187,1,22,350,1990,0
187,1,22,350,1991,0
187,1,22,350,1992,0
187,1,22,350,1993,0
187,1,22,350,1994,0
187,1,22,350,1995,0
187,1,22,350,1996,0
187,1,22,350,1997,0
187,1,22,350,1998,0
187,1,22,350,1999,0
187,1,22,350,2000,0
187,1,22,350,2001,0
187,1,22,350,2002,0
187,1,22,350,2003,0
187,1,22,350,2004,0
187,1,22,350,2005,0
187,1,22,350,2006,0
187,1,22,350,2007,0
187,1,22,350,2008,0
187,1,22,350,2009,0
187,1,22,350,2010,0
187,1,22,350,2011,0
187,1,22,350,2012,0
187,1,22,350,2013,0
187,1,22,350,2014,0
187,1,22,350,2015,0
187,1,22,350,2016,0
187,1,27,350,1990,0
187,1,27,350,1991,0
187,1,27,350,1992,0
187,1,27,350,1993,0
187,1,27,350,1994,0
187,1,27,350,1995,0
187,1,27,350,1996,0
187,1,27,350,1997,0
187,1,27,350,1998,0
187,1,27,350,1999,0
187,1,27,350,2000,0
187,1,27,350,2001,0
187,1,27,350,2002,0
187,1,27,350,2003,0
187,1,27,350,2004,0
187,1,27,350,2005,0
187,1,27,350,2006,0
187,1,27,350,2007,0
187,1,27,350,2008,0
187,1,27,350,2009,0
187,1,27,350,2010,0
187,1,27,350,2011,0
187,1,27,350,2012,0
187,1,27,350,2013,0
187,1,27,350,2014,0
187,1,27,350,2015,0
187,1,27,350,2016,0
187,2,22,350,1990,0
187,2,22,350,1991,0
187,2,22,350,1992,0
187,2,22,350,1993,0
187,2,22,350,1994,0
187,2,22,350,1995,0
187,2,22,350,1996,0
187,2,22,350,1997,0
187,2,22,350,1998,0
187,2,22,350,1999,0
187,2,22,350,2000,0
187,2,22,350,2001,0
187,2,22,350,2002,0
187,2,22,350,2003,0
187,2,22,350,2004,0
187,2,22,350,2005,0
187,2,22,350,2006,0
187,2,22,350,2007,0
187,2,22,350,2008,0
187,2,22,350,2009,0
187,2,22,350,2010,0
187,2,22,350,2011,0
187,2,22,350,2012,0
187,2,22,350,2013,0
187,2,22,350,2014,0
187,2,22,350,2015,0
187,2,22,350,2016,0
187,2,27,350,1990,0
187,2,27,350,1991,0
187,2,27,350,1992,0
187,2,27,350,1993,0
187,2,27,350,1994,0
187,2,27,350,1995,0
187,2,27,350,1996,0
187,2,27,350,1997,0
187,2,27,350,1998,0
187,2,27,350,1999,0
187,2,27,350,2000,0
187,2,27,350,2001,0
187,2,27,350,2002,0
187,2,27,350,2003,0
187,2,27,350,2004,0
187,2,27,350,2005,0
187,2,27,350,2006,0
187,2,27,350,2007,0
187,2,27,350,2008,0
187,2,27,350,2009,0
187,2,27,350,2010,0
187,2,27,350,2011,0
187,2,27,350,2012,0
187,2,27,350,2013,0
187,2,27,350,2014,0
187,2,27,350,2015,0
187,2,27,350,2016,0
187,3,22,350,1990,0
187,3,22,350,1991,0
187,3,22,350,1992,0
187,3,22,350,1993,0
187,3,22,350,1994,0
187,3,22,350,1995,0
187,3,22,350,1996,0
187,3,22,350,1997,0
187,3,22,350,1998,0
187,3,22,350,1999,0
187,3,22,350,2000,0
187,3,22,350,2001,0
187,3,22,350,2002,0
187,3,22,350,2003,0
187,3,22,350,2004,0
187,3,22,350,2005,0
187,3,22,350,2006,0
187,3,22,350,2007,0
187,3,22,350,2008,0
187,3,22,350,2009,0
187,3,22,350,2010,0
187,3,22,350,2011,0
187,3,22,350,2012,0
187,3,22,350,2013,0
187,3,22,350,2014,0
187,3,22,350,2015,0
187,3,22,350,2016,0
187,3,27,350,1990,0
187,3,27,350,1991,0
187,3,27,350,1992,0
187,3,27,350,1993,0
187,3,27,350,1994,0
187,3,27,350,1995,0
187,3,27,350,1996,0
187,3,27,350,1997,0
187,3,27,350,1998,0
187,3,27,350,1999,0
187,3,27,350,2000,0
187,3,27,350,2001,0
187,3,27,350,2002,0
187,3,27,350,2003,0
187,3,27,350,2004,0
187,3,27,350,2005,0
187,3,27,350,2006,0
187,3,27,350,2007,0
187,3,27,350,2008,0
187,3,27,350,2009,0
187,3,27,350,2010,0
187,3,27,350,2011,0
187,3,27,350,2012,0
187,3,27,350,2013,0
187,3,27,350,2014,0
187,3,27,350,2015,0
187,3,27,350,2016,0
189,1,22,350,1990,1.31
189,1,22,350,1991,1.42
189,1,22,350,1992,1.65
189,1,22,350,1993,1.92
189,1,22,350,1994,2.24
189,1,22,350,1995,2.88
189,1,22,350,1996,2.2
189,1,22,350,1997,1.85
189,1,22,350,1998,1.56
189,1,22,350,1999,1.32
189,1,22,350,2000,1.19
189,1,22,350,2001,1
189,1,22,350,2002,0.89
189,1,22,350,2003,0.8
189,1,22,350,2004,0.71
189,1,22,350,2005,0.71
189,1,22,350,2006,0.32
189,1,22,350,2007,0.14
189,1,22,350,2008,0.06
189,1,22,350,2009,0.03
189,1,22,350,2010,0.01
189,1,22,350,2011,0.01
189,1,22,350,2012,0.01
189,1,22,350,2013,0.01
189,1,22,350,2014,0.01
189,1,22,350,2015,0.01
189,1,22,350,2016,0
189,1,27,350,1990,1.69
189,1,27,350,1991,1.83
189,1,27,350,1992,2.13
189,1,27,350,1993,2.48
189,1,27,350,1994,2.89
189,1,27,350,1995,3.65
189,1,27,350,1996,2.84
189,1,27,350,1997,2.39
189,1,27,350,1998,2.02
189,1,27,350,1999,1.71
189,1,27,350,2000,1.55
189,1,27,350,2001,1.28
189,1,27,350,2002,1.14
189,1,27,350,2003,1.01
189,1,27,350,2004,0.9
189,1,27,350,2005,0.89
189,1,27,350,2006,0.4
189,1,27,350,2007,0.17
189,1,27,350,2008,0.08
189,1,27,350,2009,0.04
189,1,27,350,2010,0.02
189,1,27,350,2011,0.01
189,1,27,350,2012,0.01
189,1,27,350,2013,0.01
189,1,27,350,2014,0.01
189,1,27,350,2015,0.01
189,1,27,350,2016,0.01
189,2,22,350,1990,1.33
189,2,22,350,1991,1.44
189,2,22,350,1992,1.67
189,2,22,350,1993,1.94
189,2,22,350,1994,2.25
189,2,22,350,1995,2.86
189,2,22,350,1996,2.2
189,2,22,350,1997,1.85
189,2,22,350,1998,1.56
189,2,22,350,1999,1.32
189,2,22,350,2000,1.19
189,2,22,350,2001,1
189,2,22,350,2002,0.89
189,2,22,350,2003,0.8
189,2,22,350,2004,0.71
189,2,22,350,2005,0.68
189,2,22,350,2006,0.31
189,2,22,350,2007,0.14
189,2,22,350,2008,0.06
189,2,22,350,2009,0.03
189,2,22,350,2010,0.01
189,2,22,350,2011,0.01
189,2,22,350,2012,0.01
189,2,22,350,2013,0.01
189,2,22,350,2014,0.01
189,2,22,350,2015,0.01
189,2,22,350,2016,0
189,2,27,350,1990,1.67
189,2,27,350,1991,1.82
189,2,27,350,1992,2.11
189,2,27,350,1993,2.45
189,2,27,350,1994,2.85
189,2,27,350,1995,3.62
189,2,27,350,1996,2.8
189,2,27,350,1997,2.35
189,2,27,350,1998,1.99
189,2,27,350,1999,1.68
189,2,27,350,2000,1.5
189,2,27,350,2001,1.27
189,2,27,350,2002,1.13
189,2,27,350,2003,1.01
189,2,27,350,2004,0.9
189,2,27,350,2005,0.86
189,2,27,350,2006,0.4
189,2,27,350,2007,0.17
189,2,27,350,2008,0.08
189,2,27,350,2009,0.04
189,2,27,350,2010,0.02
189,2,27,350,2011,0.01
189,2,27,350,2012,0.01
189,2,27,350,2013,0.01
189,2,27,350,2014,0.01
189,2,27,350,2015,0.01
189,2,27,350,2016,0.01
189,3,22,350,1990,1.32
189,3,22,350,1991,1.43
189,3,22,350,1992,1.66
189,3,22,350,1993,1.93
189,3,22,350,1994,2.25
189,3,22,350,1995,2.87
189,3,22,350,1996,2.2
189,3,22,350,1997,1.85
189,3,22,350,1998,1.56
189,3,22,350,1999,1.32
189,3,22,350,2000,1.19
189,3,22,350,2001,1
189,3,22,350,2002,0.89
189,3,22,350,2003,0.8
189,3,22,350,2004,0.71
189,3,22,350,2005,0.69
189,3,22,350,2006,0.32
189,3,22,350,2007,0.14
189,3,22,350,2008,0.06
189,3,22,350,2009,0.03
189,3,22,350,2010,0.01
189,3,22,350,2011,0.01
189,3,22,350,2012,0.01
189,3,22,350,2013,0.01
189,3,22,350,2014,0.01
189,3,22,350,2015,0.01
189,3,22,350,2016,0
189,3,27,350,1990,1.68
189,3,27,350,1991,1.82
189,3,27,350,1992,2.12
189,3,27,350,1993,2.46
189,3,27,350,1994,2.87
189,3,27,350,1995,3.64
189,3,27,350,1996,2.82
189,3,27,350,1997,2.37
189,3,27,350,1998,2
189,3,27,350,1999,1.69
189,3,27,350,2000,1.53
189,3,27,350,2001,1.27
189,3,27,350,2002,1.13
189,3,27,350,2003,1.01
189,3,27,350,2004,0.9
189,3,27,350,2005,0.88
189,3,27,350,2006,0.4
189,3,27,350,2007,0.17
189,3,27,350,2008,0.08
189,3,27,350,2009,0.04
189,3,27,350,2010,0.02
189,3,27,350,2011,0.01
189,3,27,350,2012,0.01
189,3,27,350,2013,0.01
189,3,27,350,2014,0.01
189,3,27,350,2015,0.01
189,3,27,350,2016,0.01
190,1,22,350,1990,74.42
190,1,22,350,1991,61.76
190,1,22,350,1992,52.47
190,1,22,350,1993,44.67
190,1,22,350,1994,38.11
190,1,22,350,1995,33.26
190,1,22,350,1996,31.27
190,1,22,350,1997,30.1
190,1,22,350,1998,29.06
190,1,22,350,1999,28.13
190,1,22,350,2000,27.93
190,1,22,350,2001,20.88
190,1,22,350,2002,16.29
190,1,22,350,2003,13.05
190,1,22,350,2004,10.85
190,1,22,350,2005,9.65
190,1,22,350,2006,7.17
190,1,22,350,2007,5.23
190,1,22,350,2008,3.91
190,1,22,350,2009,2.92
190,1,22,350,2010,2.22
190,1,22,350,2011,1.49
190,1,22,350,2012,1.03
190,1,22,350,2013,0.71
190,1,22,350,2014,0.5
190,1,22,350,2015,0.35
190,1,22,350,2016,0.26
190,1,27,350,1990,99.23
190,1,27,350,1991,82.23
190,1,27,350,1992,70.13
190,1,27,350,1993,59.93
190,1,27,350,1994,51.32
190,1,27,350,1995,45.05
190,1,27,350,1996,42.18
190,1,27,350,1997,40.55
190,1,27,350,1998,39.08
190,1,27,350,1999,37.76
190,1,27,350,2000,37.6
190,1,27,350,2001,28.1
190,1,27,350,2002,22.01
190,1,27,350,2003,17.71
190,1,27,350,2004,14.78
190,1,27,350,2005,13.26
190,1,27,350,2006,9.84
190,1,27,350,2007,7.12
190,1,27,350,2008,5.29
190,1,27,350,2009,3.94
190,1,27,350,2010,3.01
190,1,27,350,2011,2
190,1,27,350,2012,1.37
190,1,27,350,2013,0.95
190,1,27,350,2014,0.66
190,1,27,350,2015,0.47
190,1,27,350,2016,0.34
190,2,22,350,1990,75.36
190,2,22,350,1991,63.48
190,2,22,350,1992,54.49
190,2,22,350,1993,46.89
190,2,22,350,1994,40.44
190,2,22,350,1995,35.67
190,2,22,350,1996,33.29
190,2,22,350,1997,31.79
190,2,22,350,1998,30.45
190,2,22,350,1999,29.23
190,2,22,350,2000,28.68
190,2,22,350,2001,21.39
190,2,22,350,2002,16.58
190,2,22,350,2003,13.22
190,2,22,350,2004,10.92
190,2,22,350,2005,9.62
190,2,22,350,2006,7.18
190,2,22,350,2007,5.26
190,2,22,350,2008,3.94
190,2,22,350,2009,2.95
190,2,22,350,2010,2.26
190,2,22,350,2011,1.51
190,2,22,350,2012,1.04
190,2,22,350,2013,0.72
190,2,22,350,2014,0.51
190,2,22,350,2015,0.36
190,2,22,350,2016,0.26
190,2,27,350,1990,98.36
190,2,27,350,1991,82.62
190,2,27,350,1992,70.82
190,2,27,350,1993,60.85
190,2,27,350,1994,52.39
190,2,27,350,1995,46.23
190,2,27,350,1996,43.25
190,2,27,350,1997,41.49
190,2,27,350,1998,39.9
190,2,27,350,1999,38.47
190,2,27,350,2000,38.06
190,2,27,350,2001,28.32
190,2,27,350,2002,22
190,2,27,350,2003,17.56
190,2,27,350,2004,14.54
190,2,27,350,2005,12.91
190,2,27,350,2006,9.59
190,2,27,350,2007,6.96
190,2,27,350,2008,5.18
190,2,27,350,2009,3.86
190,2,27,350,2010,2.96
190,2,27,350,2011,1.97
190,2,27,350,2012,1.36
190,2,27,350,2013,0.94
190,2,27,350,2014,0.66
190,2,27,350,2015,0.47
190,2,27,350,2016,0.34
190,3,22,350,1990,74.89
190,3,22,350,1991,62.62
190,3,22,350,1992,53.49
190,3,22,350,1993,45.79
190,3,22,350,1994,39.28
190,3,22,350,1995,34.47
190,3,22,350,1996,32.29
190,3,22,350,1997,30.95
190,3,22,350,1998,29.76
190,3,22,350,1999,28.68
190,3,22,350,2000,28.31
190,3,22,350,2001,21.14
190,3,22,350,2002,16.44
190,3,22,350,2003,13.14
190,3,22,350,2004,10.89
190,3,22,350,2005,9.64
190,3,22,350,2006,7.18
190,3,22,350,2007,5.25
190,3,22,350,2008,3.92
190,3,22,350,2009,2.94
190,3,22,350,2010,2.24
190,3,22,350,2011,1.5
190,3,22,350,2012,1.03
190,3,22,350,2013,0.72
190,3,22,350,2014,0.5
190,3,22,350,2015,0.36
190,3,22,350,2016,0.26
190,3,27,350,1990,98.78
190,3,27,350,1991,82.42
190,3,27,350,1992,70.47
190,3,27,350,1993,60.37
190,3,27,350,1994,51.83
190,3,27,350,1995,45.61
190,3,27,350,1996,42.7
190,3,27,350,1997,41.01
190,3,27,350,1998,39.49
190,3,27,350,1999,38.13
190,3,27,350,2000,37.85
190,3,27,350,2001,28.21
190,3,27,350,2002,22
190,3,27,350,2003,17.63
190,3,27,350,2004,14.65
190,3,27,350,2005,13.07
190,3,27,350,2006,9.7
190,3,27,350,2007,7.03
190,3,27,350,2008,5.23
190,3,27,350,2009,3.9
190,3,27,350,2010,2.98
190,3,27,350,2011,1.99
190,3,27,350,2012,1.37
190,3,27,350,2013,0.95
190,3,27,350,2014,0.66
190,3,27,350,2015,0.47
190,3,27,350,2016,0.34
191,1,22,350,1990,0.15
191,1,22,350,1991,0.1
191,1,22,350,1992,0.06
191,1,22,350,1993,0.04
191,1,22,350,1994,0.03
191,1,22,350,1995,0.02
191,1,22,350,1996,0.03
191,1,22,350,1997,0.04
191,1,22,350,1998,0.05
191,1,22,350,1999,0.07
191,1,22,350,2000,0.1
191,1,22,350,2001,0.09
191,1,22,350,2002,0.09
191,1,22,350,2003,0.08
191,1,22,350,2004,0.08
191,1,22,350,2005,0.08
191,1,22,350,2006,0.08
191,1,22,350,2007,0.07
191,1,22,350,2008,0.07
191,1,22,350,2009,0.08
191,1,22,350,2010,0.08
191,1,22,350,2011,0.07
191,1,22,350,2012,0.07
191,1,22,350,2013,0.07
191,1,22,350,2014,0.07
191,1,22,350,2015,0.06
191,1,22,350,2016,0.07
191,1,27,350,1990,0.2
191,1,27,350,1991,0.12
191,1,27,350,1992,0.08
191,1,27,350,1993,0.05
191,1,27,350,1994,0.04
191,1,27,350,1995,0.03
191,1,27,350,1996,0.03
191,1,27,350,1997,0.05
191,1,27,350,1998,0.07
191,1,27,350,1999,0.09
191,1,27,350,2000,0.14
191,1,27,350,2001,0.12
191,1,27,350,2002,0.11
191,1,27,350,2003,0.11
191,1,27,350,2004,0.1
191,1,27,350,2005,0.1
191,1,27,350,2006,0.1
191,1,27,350,2007,0.1
191,1,27,350,2008,0.1
191,1,27,350,2009,0.1
191,1,27,350,2010,0.11
191,1,27,350,2011,0.1
191,1,27,350,2012,0.09
191,1,27,350,2013,0.09
191,1,27,350,2014,0.08
191,1,27,350,2015,0.08
191,1,27,350,2016,0.08
191,2,22,350,1990,0.15
191,2,22,350,1991,0.09
191,2,22,350,1992,0.06
191,2,22,350,1993,0.04
191,2,22,350,1994,0.03
191,2,22,350,1995,0.02
191,2,22,350,1996,0.03
191,2,22,350,1997,0.04
191,2,22,350,1998,0.05
191,2,22,350,1999,0.07
191,2,22,350,2000,0.1
191,2,22,350,2001,0.09
191,2,22,350,2002,0.09
191,2,22,350,2003,0.08
191,2,22,350,2004,0.08
191,2,22,350,2005,0.08
191,2,22,350,2006,0.08
191,2,22,350,2007,0.08
191,2,22,350,2008,0.08
191,2,22,350,2009,0.08
191,2,22,350,2010,0.08
191,2,22,350,2011,0.08
191,2,22,350,2012,0.07
191,2,22,350,2013,0.07
191,2,22,350,2014,0.07
191,2,22,350,2015,0.06
191,2,22,350,2016,0.07
191,2,27,350,1990,0.2
191,2,27,350,1991,0.12
191,2,27,350,1992,0.08
191,2,27,350,1993,0.05
191,2,27,350,1994,0.04
191,2,27,350,1995,0.03
191,2,27,350,1996,0.03
191,2,27,350,1997,0.05
191,2,27,350,1998,0.06
191,2,27,350,1999,0.09
191,2,27,350,2000,0.13
191,2,27,350,2001,0.12
191,2,27,350,2002,0.11
191,2,27,350,2003,0.11
191,2,27,350,2004,0.1
191,2,27,350,2005,0.1
191,2,27,350,2006,0.1
191,2,27,350,2007,0.1
191,2,27,350,2008,0.1
191,2,27,350,2009,0.1
191,2,27,350,2010,0.11
191,2,27,350,2011,0.1
191,2,27,350,2012,0.09
191,2,27,350,2013,0.09
191,2,27,350,2014,0.08
191,2,27,350,2015,0.08
191,2,27,350,2016,0.08
191,3,22,350,1990,0.15
191,3,22,350,1991,0.09
191,3,22,350,1992,0.06
191,3,22,350,1993,0.04
191,3,22,350,1994,0.03
191,3,22,350,1995,0.02
191,3,22,350,1996,0.03
191,3,22,350,1997,0.04
191,3,22,350,1998,0.05
191,3,22,350,1999,0.07
191,3,22,350,2000,0.1
191,3,22,350,2001,0.09
191,3,22,350,2002,0.09
191,3,22,350,2003,0.08
191,3,22,350,2004,0.08
191,3,22,350,2005,0.08
191,3,22,350,2006,0.08
191,3,22,350,2007,0.08
191,3,22,350,2008,0.08
191,3,22,350,2009,0.08
191,3,22,350,2010,0.08
191,3,22,350,2011,0.08
191,3,22,350,2012,0.07
191,3,22,350,2013,0.07
191,3,22,350,2014,0.07
191,3,22,350,2015,0.06
191,3,22,350,2016,0.07
191,3,27,350,1990,0.2
191,3,27,350,1991,0.12
191,3,27,350,1992,0.08
191,3,27,350,1993,0.05
191,3,27,350,1994,0.04
191,3,27,350,1995,0.03
191,3,27,350,1996,0.03
191,3,27,350,1997,0.05
191,3,27,350,1998,0.06
191,3,27,350,1999,0.09
191,3,27,350,2000,0.14
191,3,27,350,2001,0.12
191,3,27,350,2002,0.11
191,3,27,350,2003,0.11
191,3,27,350,2004,0.1
191,3,27,350,2005,0.1
191,3,27,350,2006,0.1
191,3,27,350,2007,0.1
191,3,27,350,2008,0.1
191,3,27,350,2009,0.1
191,3,27,350,2010,0.11
191,3,27,350,2011,0.1
191,3,27,350,2012,0.09
191,3,27,350,2013,0.09
191,3,27,350,2014,0.08
191,3,27,350,2015,0.08
191,3,27,350,2016,0.08
193,1,22,350,1990,0
193,1,22,350,1991,0
193,1,22,350,1992,0
193,1,22,350,1993,0
193,1,22,350,1994,0
193,1,22,350,1995,0
193,1,22,350,1996,0
193,1,22,350,1997,0
193,1,22,350,1998,0
193,1,22,350,1999,0
193,1,22,350,2000,0
193,1,22,350,2001,0
193,1,22,350,2002,0
193,1,22,350,2003,0
193,1,22,350,2004,0
193,1,22,350,2005,0
193,1,22,350,2006,0
193,1,22,350,2007,0
193,1,22,350,2008,0
193,1,22,350,2009,0
193,1,22,350,2010,0
193,1,22,350,2011,0
193,1,22,350,2012,0
193,1,22,350,2013,0
193,1,22,350,2014,0
193,1,22,350,2015,0
193,1,22,350,2016,0
193,1,27,350,1990,0
193,1,27,350,1991,0
193,1,27,350,1992,0
193,1,27,350,1993,0
193,1,27,350,1994,0
193,1,27,350,1995,0
193,1,27,350,1996,0
193,1,27,350,1997,0
193,1,27,350,1998,0
193,1,27,350,1999,0
193,1,27,350,2000,0
193,1,27,350,2001,0
193,1,27,350,2002,0
193,1,27,350,2003,0
193,1,27,350,2004,0
193,1,27,350,2005,0
193,1,27,350,2006,0
193,1,27,350,2007,0
193,1,27,350,2008,0
193,1,27,350,2009,0
193,1,27,350,2010,0
193,1,27,350,2011,0
193,1,27,350,2012,0
193,1,27,350,2013,0
193,1,27,350,2014,0
193,1,27,350,2015,0
193,1,27,350,2016,0
193,2,22,350,1990,0
193,2,22,350,1991,0
193,2,22,350,1992,0
193,2,22,350,1993,0
193,2,22,350,1994,0
193,2,22,350,1995,0
193,2,22,350,1996,0
193,2,22,350,1997,0
193,2,22,350,1998,0
193,2,22,350,1999,0
193,2,22,350,2000,0
193,2,22,350,2001,0
193,2,22,350,2002,0
193,2,22,350,2003,0
193,2,22,350,2004,0
193,2,22,350,2005,0
193,2,22,350,2006,0
193,2,22,350,2007,0
193,2,22,350,2008,0
193,2,22,350,2009,0
193,2,22,350,2010,0
193,2,22,350,2011,0
193,2,22,350,2012,0
193,2,22,350,2013,0
193,2,22,350,2014,0
193,2,22,350,2015,0
193,2,22,350,2016,0
193,2,27,350,1990,0
193,2,27,350,1991,0
193,2,27,350,1992,0
193,2,27,350,1993,0
193,2,27,350,1994,0
193,2,27,350,1995,0
193,2,27,350,1996,0
193,2,27,350,1997,0
193,2,27,350,1998,0
193,2,27,350,1999,0
193,2,27,350,2000,0
193,2,27,350,2001,0
193,2,27,350,2002,0
193,2,27,350,2003,0
193,2,27,350,2004,0
193,2,27,350,2005,0
193,2,27,350,2006,0
193,2,27,350,2007,0
193,2,27,350,2008,0
193,2,27,350,2009,0
193,2,27,350,2010,0
193,2,27,350,2011,0
193,2,27,350,2012,0
193,2,27,350,2013,0
193,2,27,350,2014,0
193,2,27,350,2015,0
193,2,27,350,2016,0
193,3,22,350,1990,0
193,3,22,350,1991,0
193,3,22,350,1992,0
193,3,22,350,1993,0
193,3,22,350,1994,0
193,3,22,350,1995,0
193,3,22,350,1996,0
193,3,22,350,1997,0
193,3,22,350,1998,0
193,3,22,350,1999,0
193,3,22,350,2000,0
193,3,22,350,2001,0
193,3,22,350,2002,0
193,3,22,350,2003,0
193,3,22,350,2004,0
193,3,22,350,2005,0
193,3,22,350,2006,0
193,3,22,350,2007,0
193,3,22,350,2008,0
193,3,22,350,2009,0
193,3,22,350,2010,0
193,3,22,350,2011,0
193,3,22,350,2012,0
193,3,22,350,2013,0
193,3,22,350,2014,0
193,3,22,350,2015,0
193,3,22,350,2016,0
193,3,27,350,1990,0
193,3,27,350,1991,0
193,3,27,350,1992,0
193,3,27,350,1993,0
193,3,27,350,1994,0
193,3,27,350,1995,0
193,3,27,350,1996,0
193,3,27,350,1997,0
193,3,27,350,1998,0
193,3,27,350,1999,0
193,3,27,350,2000,0
193,3,27,350,2001,0
193,3,27,350,2002,0
193,3,27,350,2003,0
193,3,27,350,2004,0
193,3,27,350,2005,0
193,3,27,350,2006,0
193,3,27,350,2007,0
193,3,27,350,2008,0
193,3,27,350,2009,0
193,3,27,350,2010,0
193,3,27,350,2011,0
193,3,27,350,2012,0
193,3,27,350,2013,0
193,3,27,350,2014,0
193,3,27,350,2015,0
193,3,27,350,2016,0
194,1,22,350,1990,0
194,1,22,350,1991,0
194,1,22,350,1992,0
194,1,22,350,1993,0
194,1,22,350,1994,0
194,1,22,350,1995,0
194,1,22,350,1996,0
194,1,22,350,1997,0
194,1,22,350,1998,0
194,1,22,350,1999,0
194,1,22,350,2000,0
194,1,22,350,2001,0
194,1,22,350,2002,0
194,1,22,350,2003,0
194,1,22,350,2004,0
194,1,22,350,2005,0
194,1,22,350,2006,0
194,1,22,350,2007,0
194,1,22,350,2008,0
194,1,22,350,2009,0
194,1,22,350,2010,0
194,1,22,350,2011,0
194,1,22,350,2012,0
194,1,22,350,2013,0
194,1,22,350,2014,0
194,1,22,350,2015,0
194,1,22,350,2016,0
194,1,27,350,1990,0
194,1,27,350,1991,0
194,1,27,350,1992,0
194,1,27,350,1993,0
194,1,27,350,1994,0
194,1,27,350,1995,0
194,1,27,350,1996,0
194,1,27,350,1997,0
194,1,27,350,1998,0
194,1,27,350,1999,0
194,1,27,350,2000,0
194,1,27,350,2001,0
194,1,27,350,2002,0
194,1,27,350,2003,0
194,1,27,350,2004,0
194,1,27,350,2005,0
194,1,27,350,2006,0
194,1,27,350,2007,0
194,1,27,350,2008,0
194,1,27,350,2009,0
194,1,27,350,2010,0
194,1,27,350,2011,0
194,1,27,350,2012,0
194,1,27,350,2013,0
194,1,27,350,2014,0
194,1,27,350,2015,0
194,1,27,350,2016,0
194,2,22,350,1990,0
194,2,22,350,1991,0
194,2,22,350,1992,0
194,2,22,350,1993,0
194,2,22,350,1994,0
194,2,22,350,1995,0
194,2,22,350,1996,0
194,2,22,350,1997,0
194,2,22,350,1998,0
194,2,22,350,1999,0
194,2,22,350,2000,0
194,2,22,350,2001,0
194,2,22,350,2002,0
194,2,22,350,2003,0
194,2,22,350,2004,0
194,2,22,350,2005,0
194,2,22,350,2006,0
194,2,22,350,2007,0
194,2,22,350,2008,0
194,2,22,350,2009,0
194,2,22,350,2010,0
194,2,22,350,2011,0
194,2,22,350,2012,0
194,2,22,350,2013,0
194,2,22,350,2014,0
194,2,22,350,2015,0
194,2,22,350,2016,0
194,2,27,350,1990,0
194,2,27,350,1991,0
194,2,27,350,1992,0
194,2,27,350,1993,0
194,2,27,350,1994,0
194,2,27,350,1995,0
194,2,27,350,1996,0
194,2,27,350,1997,0
194,2,27,350,1998,0
194,2,27,350,1999,0
194,2,27,350,2000,0
194,2,27,350,2001,0
194,2,27,350,2002,0
194,2,27,350,2003,0
194,2,27,350,2004,0
194,2,27,350,2005,0
194,2,27,350,2006,0
194,2,27,350,2007,0
194,2,27,350,2008,0
194,2,27,350,2009,0
194,2,27,350,2010,0
194,2,27,350,2011,0
194,2,27,350,2012,0
194,2,27,350,2013,0
194,2,27,350,2014,0
194,2,27,350,2015,0
194,2,27,350,2016,0
194,3,22,350,1990,0
194,3,22,350,1991,0
194,3,22,350,1992,0
194,3,22,350,1993,0
194,3,22,350,1994,0
194,3,22,350,1995,0
194,3,22,350,1996,0
194,3,22,350,1997,0
194,3,22,350,1998,0
194,3,22,350,1999,0
194,3,22,350,2000,0
194,3,22,350,2001,0
194,3,22,350,2002,0
194,3,22,350,2003,0
194,3,22,350,2004,0
194,3,22,350,2005,0
194,3,22,350,2006,0
194,3,22,350,2007,0
194,3,22,350,2008,0
194,3,22,350,2009,0
194,3,22,350,2010,0
194,3,22,350,2011,0
194,3,22,350,2012,0
194,3,22,350,2013,0
194,3,22,350,2014,0
194,3,22,350,2015,0
194,3,22,350,2016,0
194,3,27,350,1990,0
194,3,27,350,1991,0
194,3,27,350,1992,0
194,3,27,350,1993,0
194,3,27,350,1994,0
194,3,27,350,1995,0
194,3,27,350,1996,0
194,3,27,350,1997,0
194,3,27,350,1998,0
194,3,27,350,1999,0
194,3,27,350,2000,0
194,3,27,350,2001,0
194,3,27,350,2002,0
194,3,27,350,2003,0
194,3,27,350,2004,0
194,3,27,350,2005,0
194,3,27,350,2006,0
194,3,27,350,2007,0
194,3,27,350,2008,0
194,3,27,350,2009,0
194,3,27,350,2010,0
194,3,27,350,2011,0
194,3,27,350,2012,0
194,3,27,350,2013,0
194,3,27,350,2014,0
194,3,27,350,2015,0
194,3,27,350,2016,0
195,1,22,350,1990,0
195,1,22,350,1991,0
195,1,22,350,1992,0
195,1,22,350,1993,0
195,1,22,350,1994,0
195,1,22,350,1995,0
195,1,22,350,1996,0
195,1,22,350,1997,0
195,1,22,350,1998,0
195,1,22,350,1999,0
195,1,22,350,2000,0
195,1,22,350,2001,0
195,1,22,350,2002,0
195,1,22,350,2003,0
195,1,22,350,2004,0
195,1,22,350,2005,0
195,1,22,350,2006,0
195,1,22,350,2007,0
195,1,22,350,2008,0
195,1,22,350,2009,0
195,1,22,350,2010,0
195,1,22,350,2011,0
195,1,22,350,2012,0
195,1,22,350,2013,0
195,1,22,350,2014,0
195,1,22,350,2015,0
195,1,22,350,2016,0
195,1,27,350,1990,0
195,1,27,350,1991,0
195,1,27,350,1992,0
195,1,27,350,1993,0
195,1,27,350,1994,0
195,1,27,350,1995,0
195,1,27,350,1996,0
195,1,27,350,1997,0
195,1,27,350,1998,0
195,1,27,350,1999,0
195,1,27,350,2000,0
195,1,27,350,2001,0
195,1,27,350,2002,0
195,1,27,350,2003,0
195,1,27,350,2004,0
195,1,27,350,2005,0
195,1,27,350,2006,0
195,1,27,350,2007,0
195,1,27,350,2008,0
195,1,27,350,2009,0
195,1,27,350,2010,0
195,1,27,350,2011,0
195,1,27,350,2012,0
195,1,27,350,2013,0
195,1,27,350,2014,0
195,1,27,350,2015,0
195,1,27,350,2016,0
195,2,22,350,1990,0
195,2,22,350,1991,0
195,2,22,350,1992,0
195,2,22,350,1993,0
195,2,22,350,1994,0
195,2,22,350,1995,0
195,2,22,350,1996,0
195,2,22,350,1997,0
195,2,22,350,1998,0
195,2,22,350,1999,0
195,2,22,350,2000,0
195,2,22,350,2001,0
195,2,22,350,2002,0
195,2,22,350,2003,0
195,2,22,350,2004,0
195,2,22,350,2005,0
195,2,22,350,2006,0
195,2,22,350,2007,0
195,2,22,350,2008,0
195,2,22,350,2009,0
195,2,22,350,2010,0
195,2,22,350,2011,0
195,2,22,350,2012,0
195,2,22,350,2013,0
195,2,22,350,2014,0
195,2,22,350,2015,0
195,2,22,350,2016,0
195,2,27,350,1990,0
195,2,27,350,1991,0
195,2,27,350,1992,0
195,2,27,350,1993,0
195,2,27,350,1994,0
195,2,27,350,1995,0
195,2,27,350,1996,0
195,2,27,350,1997,0
195,2,27,350,1998,0
195,2,27,350,1999,0
195,2,27,350,2000,0
195,2,27,350,2001,0
195,2,27,350,2002,0
195,2,27,350,2003,0
195,2,27,350,2004,0
195,2,27,350,2005,0
195,2,27,350,2006,0
195,2,27,350,2007,0
195,2,27,350,2008,0
195,2,27,350,2009,0
195,2,27,350,2010,0
195,2,27,350,2011,0
195,2,27,350,2012,0
195,2,27,350,2013,0
195,2,27,350,2014,0
195,2,27,350,2015,0
195,2,27,350,2016,0
195,3,22,350,1990,0
195,3,22,350,1991,0
195,3,22,350,1992,0
195,3,22,350,1993,0
195,3,22,350,1994,0
195,3,22,350,1995,0
195,3,22,350,1996,0
195,3,22,350,1997,0
195,3,22,350,1998,0
195,3,22,350,1999,0
195,3,22,350,2000,0
195,3,22,350,2001,0
195,3,22,350,2002,0
195,3,22,350,2003,0
195,3,22,350,2004,0
195,3,22,350,2005,0
195,3,22,350,2006,0
195,3,22,350,2007,0
195,3,22,350,2008,0
195,3,22,350,2009,0
195,3,22,350,2010,0
195,3,22,350,2011,0
195,3,22,350,2012,0
195,3,22,350,2013,0
195,3,22,350,2014,0
195,3,22,350,2015,0
195,3,22,350,2016,0
195,3,27,350,1990,0
195,3,27,350,1991,0
195,3,27,350,1992,0
195,3,27,350,1993,0
195,3,27,350,1994,0
195,3,27,350,1995,0
195,3,27,350,1996,0
195,3,27,350,1997,0
195,3,27,350,1998,0
195,3,27,350,1999,0
195,3,27,350,2000,0
195,3,27,350,2001,0
195,3,27,350,2002,0
195,3,27,350,2003,0
195,3,27,350,2004,0
195,3,27,350,2005,0
195,3,27,350,2006,0
195,3,27,350,2007,0
195,3,27,350,2008,0
195,3,27,350,2009,0
195,3,27,350,2010,0
195,3,27,350,2011,0
195,3,27,350,2012,0
195,3,27,350,2013,0
195,3,27,350,2014,0
195,3,27,350,2015,0
195,3,27,350,2016,0
196,1,22,350,1990,0
196,1,22,350,1991,0
196,1,22,350,1992,0
196,1,22,350,1993,0
196,1,22,350,1994,0
196,1,22,350,1995,0
196,1,22,350,1996,0
196,1,22,350,1997,0
196,1,22,350,1998,0
196,1,22,350,1999,0
196,1,22,350,2000,0
196,1,22,350,2001,0
196,1,22,350,2002,0
196,1,22,350,2003,0
196,1,22,350,2004,0
196,1,22,350,2005,0
196,1,22,350,2006,0
196,1,22,350,2007,0
196,1,22,350,2008,0
196,1,22,350,2009,0
196,1,22,350,2010,0
196,1,22,350,2011,0
196,1,22,350,2012,0
196,1,22,350,2013,0
196,1,22,350,2014,0
196,1,22,350,2015,0
196,1,22,350,2016,0
196,1,27,350,1990,0
196,1,27,350,1991,0
196,1,27,350,1992,0
196,1,27,350,1993,0
196,1,27,350,1994,0
196,1,27,350,1995,0
196,1,27,350,1996,0
196,1,27,350,1997,0
196,1,27,350,1998,0
196,1,27,350,1999,0
196,1,27,350,2000,0
196,1,27,350,2001,0
196,1,27,350,2002,0
196,1,27,350,2003,0
196,1,27,350,2004,0
196,1,27,350,2005,0
196,1,27,350,2006,0
196,1,27,350,2007,0
196,1,27,350,2008,0
196,1,27,350,2009,0
196,1,27,350,2010,0
196,1,27,350,2011,0
196,1,27,350,2012,0
196,1,27,350,2013,0
196,1,27,350,2014,0
196,1,27,350,2015,0
196,1,27,350,2016,0
196,2,22,350,1990,0
196,2,22,350,1991,0
196,2,22,350,1992,0
196,2,22,350,1993,0
196,2,22,350,1994,0
196,2,22,350,1995,0
196,2,22,350,1996,0
196,2,22,350,1997,0
196,2,22,350,1998,0
196,2,22,350,1999,0
196,2,22,350,2000,0
196,2,22,350,2001,0
196,2,22,350,2002,0
196,2,22,350,2003,0
196,2,22,350,2004,0
196,2,22,350,2005,0
196,2,22,350,2006,0
196,2,22,350,2007,0
196,2,22,350,2008,0
196,2,22,350,2009,0
196,2,22,350,2010,0
196,2,22,350,2011,0
196,2,22,350,2012,0
196,2,22,350,2013,0
196,2,22,350,2014,0
196,2,22,350,2015,0
196,2,22,350,2016,0
196,2,27,350,1990,0
196,2,27,350,1991,0
196,2,27,350,1992,0
196,2,27,350,1993,0
196,2,27,350,1994,0
196,2,27,350,1995,0
196,2,27,350,1996,0
196,2,27,350,1997,0
196,2,27,350,1998,0
196,2,27,350,1999,0
196,2,27,350,2000,0
196,2,27,350,2001,0
196,2,27,350,2002,0
196,2,27,350,2003,0
196,2,27,350,2004,0
196,2,27,350,2005,0
196,2,27,350,2006,0
196,2,27,350,2007,0
196,2,27,350,2008,0
196,2,27,350,2009,0
196,2,27,350,2010,0
196,2,27,350,2011,0
196,2,27,350,2012,0
196,2,27,350,2013,0
196,2,27,350,2014,0
196,2,27,350,2015,0
196,2,27,350,2016,0
196,3,22,350,1990,0
196,3,22,350,1991,0
196,3,22,350,1992,0
196,3,22,350,1993,0
196,3,22,350,1994,0
196,3,22,350,1995,0
196,3,22,350,1996,0
196,3,22,350,1997,0
196,3,22,350,1998,0
196,3,22,350,1999,0
196,3,22,350,2000,0
196,3,22,350,2001,0
196,3,22,350,2002,0
196,3,22,350,2003,0
196,3,22,350,2004,0
196,3,22,350,2005,0
196,3,22,350,2006,0
196,3,22,350,2007,0
196,3,22,350,2008,0
196,3,22,350,2009,0
196,3,22,350,2010,0
196,3,22,350,2011,0
196,3,22,350,2012,0
196,3,22,350,2013,0
196,3,22,350,2014,0
196,3,22,350,2015,0
196,3,22,350,2016,0
196,3,27,350,1990,0
196,3,27,350,1991,0
196,3,27,350,1992,0
196,3,27,350,1993,0
196,3,27,350,1994,0
196,3,27,350,1995,0
196,3,27,350,1996,0
196,3,27,350,1997,0
196,3,27,350,1998,0
196,3,27,350,1999,0
196,3,27,350,2000,0
196,3,27,350,2001,0
196,3,27,350,2002,0
196,3,27,350,2003,0
196,3,27,350,2004,0
196,3,27,350,2005,0
196,3,27,350,2006,0
196,3,27,350,2007,0
196,3,27,350,2008,0
196,3,27,350,2009,0
196,3,27,350,2010,0
196,3,27,350,2011,0
196,3,27,350,2012,0
196,3,27,350,2013,0
196,3,27,350,2014,0
196,3,27,350,2015,0
196,3,27,350,2016,0
197,1,22,350,1990,0
197,1,22,350,1991,0
197,1,22,350,1992,0
197,1,22,350,1993,0
197,1,22,350,1994,0
197,1,22,350,1995,0
197,1,22,350,1996,0
197,1,22,350,1997,0
197,1,22,350,1998,0
197,1,22,350,1999,0
197,1,22,350,2000,0
197,1,22,350,2001,0
197,1,22,350,2002,0
197,1,22,350,2003,0
197,1,22,350,2004,0
197,1,22,350,2005,0
197,1,22,350,2006,0
197,1,22,350,2007,0
197,1,22,350,2008,0
197,1,22,350,2009,0
197,1,22,350,2010,0
197,1,22,350,2011,0
197,1,22,350,2012,0
197,1,22,350,2013,0
197,1,22,350,2014,0
197,1,22,350,2015,0
197,1,22,350,2016,0
197,1,27,350,1990,0
197,1,27,350,1991,0
197,1,27,350,1992,0
197,1,27,350,1993,0
197,1,27,350,1994,0
197,1,27,350,1995,0
197,1,27,350,1996,0
197,1,27,350,1997,0
197,1,27,350,1998,0
197,1,27,350,1999,0
197,1,27,350,2000,0
197,1,27,350,2001,0
197,1,27,350,2002,0
197,1,27,350,2003,0
197,1,27,350,2004,0
197,1,27,350,2005,0
197,1,27,350,2006,0
197,1,27,350,2007,0
197,1,27,350,2008,0
197,1,27,350,2009,0
197,1,27,350,2010,0
197,1,27,350,2011,0
197,1,27,350,2012,0
197,1,27,350,2013,0
197,1,27,350,2014,0
197,1,27,350,2015,0
197,1,27,350,2016,0
197,2,22,350,1990,0
197,2,22,350,1991,0
197,2,22,350,1992,0
197,2,22,350,1993,0
197,2,22,350,1994,0
197,2,22,350,1995,0
197,2,22,350,1996,0
197,2,22,350,1997,0
197,2,22,350,1998,0
197,2,22,350,1999,0
197,2,22,350,2000,0
197,2,22,350,2001,0
197,2,22,350,2002,0
197,2,22,350,2003,0
197,2,22,350,2004,0
197,2,22,350,2005,0
197,2,22,350,2006,0
197,2,22,350,2007,0
197,2,22,350,2008,0
197,2,22,350,2009,0
197,2,22,350,2010,0
197,2,22,350,2011,0
197,2,22,350,2012,0
197,2,22,350,2013,0
197,2,22,350,2014,0
197,2,22,350,2015,0
197,2,22,350,2016,0
197,2,27,350,1990,0
197,2,27,350,1991,0
197,2,27,350,1992,0
197,2,27,350,1993,0
197,2,27,350,1994,0
197,2,27,350,1995,0
197,2,27,350,1996,0
197,2,27,350,1997,0
197,2,27,350,1998,0
197,2,27,350,1999,0
197,2,27,350,2000,0
197,2,27,350,2001,0
197,2,27,350,2002,0
197,2,27,350,2003,0
197,2,27,350,2004,0
197,2,27,350,2005,0
197,2,27,350,2006,0
197,2,27,350,2007,0
197,2,27,350,2008,0
197,2,27,350,2009,0
197,2,27,350,2010,0
197,2,27,350,2011,0
197,2,27,350,2012,0
197,2,27,350,2013,0
197,2,27,350,2014,0
197,2,27,350,2015,0
197,2,27,350,2016,0
197,3,22,350,1990,0
197,3,22,350,1991,0
197,3,22,350,1992,0
197,3,22,350,1993,0
197,3,22,350,1994,0
197,3,22,350,1995,0
197,3,22,350,1996,0
197,3,22,350,1997,0
197,3,22,350,1998,0
197,3,22,350,1999,0
197,3,22,350,2000,0
197,3,22,350,2001,0
197,3,22,350,2002,0
197,3,22,350,2003,0
197,3,22,350,2004,0
197,3,22,350,2005,0
197,3,22,350,2006,0
197,3,22,350,2007,0
197,3,22,350,2008,0
197,3,22,350,2009,0
197,3,22,350,2010,0
197,3,22,350,2011,0
197,3,22,350,2012,0
197,3,22,350,2013,0
197,3,22,350,2014,0
197,3,22,350,2015,0
197,3,22,350,2016,0
197,3,27,350,1990,0
197,3,27,350,1991,0
197,3,27,350,1992,0
197,3,27,350,1993,0
197,3,27,350,1994,0
197,3,27,350,1995,0
197,3,27,350,1996,0
197,3,27,350,1997,0
197,3,27,350,1998,0
197,3,27,350,1999,0
197,3,27,350,2000,0
197,3,27,350,2001,0
197,3,27,350,2002,0
197,3,27,350,2003,0
197,3,27,350,2004,0
197,3,27,350,2005,0
197,3,27,350,2006,0
197,3,27,350,2007,0
197,3,27,350,2008,0
197,3,27,350,2009,0
197,3,27,350,2010,0
197,3,27,350,2011,0
197,3,27,350,2012,0
197,3,27,350,2013,0
197,3,27,350,2014,0
197,3,27,350,2015,0
197,3,27,350,2016,0
198,1,22,350,1990,0.02
198,1,22,350,1991,0.02
198,1,22,350,1992,0.03
198,1,22,350,1993,0.03
198,1,22,350,1994,0.03
198,1,22,350,1995,0.03
198,1,22,350,1996,0.03
198,1,22,350,1997,0.04
198,1,22,350,1998,0.05
198,1,22,350,1999,0.06
198,1,22,350,2000,0.07
198,1,22,350,2001,0.06
198,1,22,350,2002,0.05
198,1,22,350,2003,0.05
198,1,22,350,2004,0.04
198,1,22,350,2005,0.04
198,1,22,350,2006,0.03
198,1,22,350,2007,0.03
198,1,22,350,2008,0.03
198,1,22,350,2009,0.02
198,1,22,350,2010,0.02
198,1,22,350,2011,0.02
198,1,22,350,2012,0.02
198,1,22,350,2013,0.02
198,1,22,350,2014,0.03
198,1,22,350,2015,0.03
198,1,22,350,2016,0.03
198,1,27,350,1990,0.03
198,1,27,350,1991,0.03
198,1,27,350,1992,0.03
198,1,27,350,1993,0.03
198,1,27,350,1994,0.03
198,1,27,350,1995,0.04
198,1,27,350,1996,0.04
198,1,27,350,1997,0.05
198,1,27,350,1998,0.06
198,1,27,350,1999,0.07
198,1,27,350,2000,0.09
198,1,27,350,2001,0.07
198,1,27,350,2002,0.07
198,1,27,350,2003,0.06
198,1,27,350,2004,0.05
198,1,27,350,2005,0.05
198,1,27,350,2006,0.04
198,1,27,350,2007,0.04
198,1,27,350,2008,0.03
198,1,27,350,2009,0.03
198,1,27,350,2010,0.03
198,1,27,350,2011,0.03
198,1,27,350,2012,0.03
198,1,27,350,2013,0.03
198,1,27,350,2014,0.03
198,1,27,350,2015,0.03
198,1,27,350,2016,0.04
198,2,22,350,1990,0.02
198,2,22,350,1991,0.02
198,2,22,350,1992,0.03
198,2,22,350,1993,0.03
198,2,22,350,1994,0.03
198,2,22,350,1995,0.03
198,2,22,350,1996,0.03
198,2,22,350,1997,0.04
198,2,22,350,1998,0.05
198,2,22,350,1999,0.06
198,2,22,350,2000,0.07
198,2,22,350,2001,0.06
198,2,22,350,2002,0.05
198,2,22,350,2003,0.05
198,2,22,350,2004,0.04
198,2,22,350,2005,0.04
198,2,22,350,2006,0.03
198,2,22,350,2007,0.03
198,2,22,350,2008,0.03
198,2,22,350,2009,0.02
198,2,22,350,2010,0.02
198,2,22,350,2011,0.02
198,2,22,350,2012,0.02
198,2,22,350,2013,0.02
198,2,22,350,2014,0.03
198,2,22,350,2015,0.03
198,2,22,350,2016,0.03
198,2,27,350,1990,0.03
198,2,27,350,1991,0.03
198,2,27,350,1992,0.03
198,2,27,350,1993,0.03
198,2,27,350,1994,0.03
198,2,27,350,1995,0.04
198,2,27,350,1996,0.04
198,2,27,350,1997,0.05
198,2,27,350,1998,0.06
198,2,27,350,1999,0.07
198,2,27,350,2000,0.09
198,2,27,350,2001,0.07
198,2,27,350,2002,0.06
198,2,27,350,2003,0.06
198,2,27,350,2004,0.05
198,2,27,350,2005,0.05
198,2,27,350,2006,0.04
198,2,27,350,2007,0.04
198,2,27,350,2008,0.03
198,2,27,350,2009,0.03
198,2,27,350,2010,0.03
198,2,27,350,2011,0.03
198,2,27,350,2012,0.03
198,2,27,350,2013,0.03
198,2,27,350,2014,0.03
198,2,27,350,2015,0.03
198,2,27,350,2016,0.04
198,3,22,350,1990,0.02
198,3,22,350,1991,0.02
198,3,22,350,1992,0.03
198,3,22,350,1993,0.03
198,3,22,350,1994,0.03
198,3,22,350,1995,0.03
198,3,22,350,1996,0.03
198,3,22,350,1997,0.04
198,3,22,350,1998,0.05
198,3,22,350,1999,0.06
198,3,22,350,2000,0.07
198,3,22,350,2001,0.06
198,3,22,350,2002,0.05
198,3,22,350,2003,0.05
198,3,22,350,2004,0.04
198,3,22,350,2005,0.04
198,3,22,350,2006,0.03
198,3,22,350,2007,0.03
198,3,22,350,2008,0.03
198,3,22,350,2009,0.02
198,3,22,350,2010,0.02
198,3,22,350,2011,0.02
198,3,22,350,2012,0.02
198,3,22,350,2013,0.02
198,3,22,350,2014,0.03
198,3,22,350,2015,0.03
198,3,22,350,2016,0.03
198,3,27,350,1990,0.03
198,3,27,350,1991,0.03
198,3,27,350,1992,0.03
198,3,27,350,1993,0.03
198,3,27,350,1994,0.03
198,3,27,350,1995,0.04
198,3,27,350,1996,0.04
198,3,27,350,1997,0.05
198,3,27,350,1998,0.06
198,3,27,350,1999,0.07
198,3,27,350,2000,0.09
198,3,27,350,2001,0.07
198,3,27,350,2002,0.06
198,3,27,350,2003,0.06
198,3,27,350,2004,0.05
198,3,27,350,2005,0.05
198,3,27,350,2006,0.04
198,3,27,350,2007,0.04
198,3,27,350,2008,0.03
198,3,27,350,2009,0.03
198,3,27,350,2010,0.03
198,3,27,350,2011,0.03
198,3,27,350,2012,0.03
198,3,27,350,2013,0.03
198,3,27,350,2014,0.03
198,3,27,350,2015,0.03
198,3,27,350,2016,0.04
200,1,22,350,1990,0.15
200,1,22,350,1991,0.12
200,1,22,350,1992,0.11
200,1,22,350,1993,0.11
200,1,22,350,1994,0.12
200,1,22,350,1995,0.14
200,1,22,350,1996,0
200,1,22,350,1997,0
200,1,22,350,1998,0
200,1,22,350,1999,0
200,1,22,350,2000,0
200,1,22,350,2001,0
200,1,22,350,2002,0
200,1,22,350,2003,0
200,1,22,350,2004,0
200,1,22,350,2005,0
200,1,22,350,2006,0
200,1,22,350,2007,0
200,1,22,350,2008,0
200,1,22,350,2009,0
200,1,22,350,2010,0
200,1,22,350,2011,0
200,1,22,350,2012,0
200,1,22,350,2013,0
200,1,22,350,2014,0
200,1,22,350,2015,0
200,1,22,350,2016,0
200,1,27,350,1990,0.2
200,1,27,350,1991,0.15
200,1,27,350,1992,0.14
200,1,27,350,1993,0.14
200,1,27,350,1994,0.15
200,1,27,350,1995,0.17
200,1,27,350,1996,0
200,1,27,350,1997,0
200,1,27,350,1998,0
200,1,27,350,1999,0
200,1,27,350,2000,0
200,1,27,350,2001,0
200,1,27,350,2002,0
200,1,27,350,2003,0
200,1,27,350,2004,0
200,1,27,350,2005,0
200,1,27,350,2006,0
200,1,27,350,2007,0
200,1,27,350,2008,0
200,1,27,350,2009,0
200,1,27,350,2010,0
200,1,27,350,2011,0
200,1,27,350,2012,0
200,1,27,350,2013,0
200,1,27,350,2014,0
200,1,27,350,2015,0
200,1,27,350,2016,0
200,2,22,350,1990,0.16
200,2,22,350,1991,0.12
200,2,22,350,1992,0.12
200,2,22,350,1993,0.12
200,2,22,350,1994,0.12
200,2,22,350,1995,0.14
200,2,22,350,1996,0
200,2,22,350,1997,0
200,2,22,350,1998,0
200,2,22,350,1999,0
200,2,22,350,2000,0
200,2,22,350,2001,0
200,2,22,350,2002,0
200,2,22,350,2003,0
200,2,22,350,2004,0
200,2,22,350,2005,0
200,2,22,350,2006,0
200,2,22,350,2007,0
200,2,22,350,2008,0
200,2,22,350,2009,0
200,2,22,350,2010,0
200,2,22,350,2011,0
200,2,22,350,2012,0
200,2,22,350,2013,0
200,2,22,350,2014,0
200,2,22,350,2015,0
200,2,22,350,2016,0
200,2,27,350,1990,0.2
200,2,27,350,1991,0.15
200,2,27,350,1992,0.15
200,2,27,350,1993,0.15
200,2,27,350,1994,0.15
200,2,27,350,1995,0.18
200,2,27,350,1996,0
200,2,27,350,1997,0
200,2,27,350,1998,0
200,2,27,350,1999,0
200,2,27,350,2000,0
200,2,27,350,2001,0
200,2,27,350,2002,0
200,2,27,350,2003,0
200,2,27,350,2004,0
200,2,27,350,2005,0
200,2,27,350,2006,0
200,2,27,350,2007,0
200,2,27,350,2008,0
200,2,27,350,2009,0
200,2,27,350,2010,0
200,2,27,350,2011,0
200,2,27,350,2012,0
200,2,27,350,2013,0
200,2,27,350,2014,0
200,2,27,350,2015,0
200,2,27,350,2016,0
200,3,22,350,1990,0.16
200,3,22,350,1991,0.12
200,3,22,350,1992,0.12
200,3,22,350,1993,0.12
200,3,22,350,1994,0.12
200,3,22,350,1995,0.14
200,3,22,350,1996,0
200,3,22,350,1997,0
200,3,22,350,1998,0
200,3,22,350,1999,0
200,3,22,350,2000,0
200,3,22,350,2001,0
200,3,22,350,2002,0
200,3,22,350,2003,0
200,3,22,350,2004,0
200,3,22,350,2005,0
200,3,22,350,2006,0
200,3,22,350,2007,0
200,3,22,350,2008,0
200,3,22,350,2009,0
200,3,22,350,2010,0
200,3,22,350,2011,0
200,3,22,350,2012,0
200,3,22,350,2013,0
200,3,22,350,2014,0
200,3,22,350,2015,0
200,3,22,350,2016,0
200,3,27,350,1990,0.2
200,3,27,350,1991,0.15
200,3,27,350,1992,0.15
200,3,27,350,1993,0.15
200,3,27,350,1994,0.15
200,3,27,350,1995,0.17
200,3,27,350,1996,0
200,3,27,350,1997,0
200,3,27,350,1998,0
200,3,27,350,1999,0
200,3,27,350,2000,0
200,3,27,350,2001,0
200,3,27,350,2002,0
200,3,27,350,2003,0
200,3,27,350,2004,0
200,3,27,350,2005,0
200,3,27,350,2006,0
200,3,27,350,2007,0
200,3,27,350,2008,0
200,3,27,350,2009,0
200,3,27,350,2010,0
200,3,27,350,2011,0
200,3,27,350,2012,0
200,3,27,350,2013,0
200,3,27,350,2014,0
200,3,27,350,2015,0
200,3,27,350,2016,0
201,1,22,350,1990,1.64
201,1,22,350,1991,1.35
201,1,22,350,1992,1.13
201,1,22,350,1993,0.95
201,1,22,350,1994,0.8
201,1,22,350,1995,0.7
201,1,22,350,1996,0
201,1,22,350,1997,0
201,1,22,350,1998,0
201,1,22,350,1999,0
201,1,22,350,2000,0
201,1,22,350,2001,0
201,1,22,350,2002,0
201,1,22,350,2003,0
201,1,22,350,2004,0
201,1,22,350,2005,0
201,1,22,350,2006,0
201,1,22,350,2007,0
201,1,22,350,2008,0
201,1,22,350,2009,0
201,1,22,350,2010,0
201,1,22,350,2011,0
201,1,22,350,2012,0
201,1,22,350,2013,0
201,1,22,350,2014,0.01
201,1,22,350,2015,0.01
201,1,22,350,2016,0.1
201,1,27,350,1990,2.16
201,1,27,350,1991,1.77
201,1,27,350,1992,1.49
201,1,27,350,1993,1.25
201,1,27,350,1994,1.05
201,1,27,350,1995,0.92
201,1,27,350,1996,0
201,1,27,350,1997,0
201,1,27,350,1998,0
201,1,27,350,1999,0
201,1,27,350,2000,0
201,1,27,350,2001,0
201,1,27,350,2002,0
201,1,27,350,2003,0
201,1,27,350,2004,0
201,1,27,350,2005,0
201,1,27,350,2006,0
201,1,27,350,2007,0
201,1,27,350,2008,0
201,1,27,350,2009,0
201,1,27,350,2010,0
201,1,27,350,2011,0
201,1,27,350,2012,0
201,1,27,350,2013,0
201,1,27,350,2014,0.01
201,1,27,350,2015,0.02
201,1,27,350,2016,0.13
201,2,22,350,1990,1.67
201,2,22,350,1991,1.37
201,2,22,350,1992,1.15
201,2,22,350,1993,0.98
201,2,22,350,1994,0.83
201,2,22,350,1995,0.72
201,2,22,350,1996,0
201,2,22,350,1997,0
201,2,22,350,1998,0
201,2,22,350,1999,0
201,2,22,350,2000,0
201,2,22,350,2001,0
201,2,22,350,2002,0
201,2,22,350,2003,0
201,2,22,350,2004,0
201,2,22,350,2005,0
201,2,22,350,2006,0
201,2,22,350,2007,0
201,2,22,350,2008,0
201,2,22,350,2009,0
201,2,22,350,2010,0
201,2,22,350,2011,0
201,2,22,350,2012,0
201,2,22,350,2013,0
201,2,22,350,2014,0.01
201,2,22,350,2015,0.01
201,2,22,350,2016,0.11
201,2,27,350,1990,2.09
201,2,27,350,1991,1.71
201,2,27,350,1992,1.44
201,2,27,350,1993,1.22
201,2,27,350,1994,1.03
201,2,27,350,1995,0.9
201,2,27,350,1996,0
201,2,27,350,1997,0
201,2,27,350,1998,0
201,2,27,350,1999,0
201,2,27,350,2000,0
201,2,27,350,2001,0
201,2,27,350,2002,0
201,2,27,350,2003,0
201,2,27,350,2004,0
201,2,27,350,2005,0
201,2,27,350,2006,0
201,2,27,350,2007,0
201,2,27,350,2008,0
201,2,27,350,2009,0
201,2,27,350,2010,0
201,2,27,350,2011,0
201,2,27,350,2012,0
201,2,27,350,2013,0
201,2,27,350,2014,0.01
201,2,27,350,2015,0.02
201,2,27,350,2016,0.13
201,3,22,350,1990,1.65
201,3,22,350,1991,1.36
201,3,22,350,1992,1.14
201,3,22,350,1993,0.96
201,3,22,350,1994,0.81
201,3,22,350,1995,0.71
201,3,22,350,1996,0
201,3,22,350,1997,0
201,3,22,350,1998,0
201,3,22,350,1999,0
201,3,22,350,2000,0
201,3,22,350,2001,0
201,3,22,350,2002,0
201,3,22,350,2003,0
201,3,22,350,2004,0
201,3,22,350,2005,0
201,3,22,350,2006,0
201,3,22,350,2007,0
201,3,22,350,2008,0
201,3,22,350,2009,0
201,3,22,350,2010,0
201,3,22,350,2011,0
201,3,22,350,2012,0
201,3,22,350,2013,0
201,3,22,350,2014,0.01
201,3,22,350,2015,0.01
201,3,22,350,2016,0.11
201,3,27,350,1990,2.12
201,3,27,350,1991,1.74
201,3,27,350,1992,1.46
201,3,27,350,1993,1.23
201,3,27,350,1994,1.04
201,3,27,350,1995,0.91
201,3,27,350,1996,0
201,3,27,350,1997,0
201,3,27,350,1998,0
201,3,27,350,1999,0
201,3,27,350,2000,0
201,3,27,350,2001,0
201,3,27,350,2002,0
201,3,27,350,2003,0
201,3,27,350,2004,0
201,3,27,350,2005,0
201,3,27,350,2006,0
201,3,27,350,2007,0
201,3,27,350,2008,0
201,3,27,350,2009,0
201,3,27,350,2010,0
201,3,27,350,2011,0
201,3,27,350,2012,0
201,3,27,350,2013,0
201,3,27,350,2014,0.01
201,3,27,350,2015,0.02
201,3,27,350,2016,0.13
202,1,22,350,1990,1.56
202,1,22,350,1991,1.34
202,1,22,350,1992,1.18
202,1,22,350,1993,1.03
202,1,22,350,1994,0.91
202,1,22,350,1995,0.82
202,1,22,350,1996,0.8
202,1,22,350,1997,0.79
202,1,22,350,1998,0.79
202,1,22,350,1999,0.79
202,1,22,350,2000,0.81
202,1,22,350,2001,0.64
202,1,22,350,2002,0.53
202,1,22,350,2003,0.43
202,1,22,350,2004,0.35
202,1,22,350,2005,0.29
202,1,22,350,2006,0.28
202,1,22,350,2007,0.26
202,1,22,350,2008,0.25
202,1,22,350,2009,0.24
202,1,22,350,2010,0.24
202,1,22,350,2011,0.21
202,1,22,350,2012,0.18
202,1,22,350,2013,0.16
202,1,22,350,2014,0.14
202,1,22,350,2015,0.13
202,1,22,350,2016,0.12
202,1,27,350,1990,1.96
202,1,27,350,1991,1.69
202,1,27,350,1992,1.48
202,1,27,350,1993,1.3
202,1,27,350,1994,1.14
202,1,27,350,1995,1.04
202,1,27,350,1996,1
202,1,27,350,1997,1
202,1,27,350,1998,1
202,1,27,350,1999,0.99
202,1,27,350,2000,1.02
202,1,27,350,2001,0.81
202,1,27,350,2002,0.66
202,1,27,350,2003,0.54
202,1,27,350,2004,0.44
202,1,27,350,2005,0.37
202,1,27,350,2006,0.35
202,1,27,350,2007,0.33
202,1,27,350,2008,0.32
202,1,27,350,2009,0.3
202,1,27,350,2010,0.3
202,1,27,350,2011,0.26
202,1,27,350,2012,0.23
202,1,27,350,2013,0.2
202,1,27,350,2014,0.18
202,1,27,350,2015,0.16
202,1,27,350,2016,0.14
202,2,22,350,1990,1.6
202,2,22,350,1991,1.38
202,2,22,350,1992,1.21
202,2,22,350,1993,1.06
202,2,22,350,1994,0.93
202,2,22,350,1995,0.84
202,2,22,350,1996,0.82
202,2,22,350,1997,0.82
202,2,22,350,1998,0.82
202,2,22,350,1999,0.82
202,2,22,350,2000,0.83
202,2,22,350,2001,0.66
202,2,22,350,2002,0.54
202,2,22,350,2003,0.43
202,2,22,350,2004,0.35
202,2,22,350,2005,0.29
202,2,22,350,2006,0.28
202,2,22,350,2007,0.26
202,2,22,350,2008,0.25
202,2,22,350,2009,0.24
202,2,22,350,2010,0.24
202,2,22,350,2011,0.21
202,2,22,350,2012,0.18
202,2,22,350,2013,0.16
202,2,22,350,2014,0.15
202,2,22,350,2015,0.13
202,2,22,350,2016,0.12
202,2,27,350,1990,1.97
202,2,27,350,1991,1.7
202,2,27,350,1992,1.49
202,2,27,350,1993,1.31
202,2,27,350,1994,1.16
202,2,27,350,1995,1.04
202,2,27,350,1996,1.02
202,2,27,350,1997,1.01
202,2,27,350,1998,1.01
202,2,27,350,1999,1.01
202,2,27,350,2000,1.04
202,2,27,350,2001,0.82
202,2,27,350,2002,0.66
202,2,27,350,2003,0.54
202,2,27,350,2004,0.43
202,2,27,350,2005,0.36
202,2,27,350,2006,0.35
202,2,27,350,2007,0.32
202,2,27,350,2008,0.31
202,2,27,350,2009,0.3
202,2,27,350,2010,0.3
202,2,27,350,2011,0.26
202,2,27,350,2012,0.23
202,2,27,350,2013,0.2
202,2,27,350,2014,0.18
202,2,27,350,2015,0.16
202,2,27,350,2016,0.15
202,3,22,350,1990,1.58
202,3,22,350,1991,1.36
202,3,22,350,1992,1.19
202,3,22,350,1993,1.05
202,3,22,350,1994,0.92
202,3,22,350,1995,0.83
202,3,22,350,1996,0.81
202,3,22,350,1997,0.81
202,3,22,350,1998,0.81
202,3,22,350,1999,0.8
202,3,22,350,2000,0.82
202,3,22,350,2001,0.65
202,3,22,350,2002,0.53
202,3,22,350,2003,0.43
202,3,22,350,2004,0.35
202,3,22,350,2005,0.29
202,3,22,350,2006,0.28
202,3,22,350,2007,0.26
202,3,22,350,2008,0.25
202,3,22,350,2009,0.24
202,3,22,350,2010,0.24
202,3,22,350,2011,0.21
202,3,22,350,2012,0.18
202,3,22,350,2013,0.16
202,3,22,350,2014,0.14
202,3,22,350,2015,0.13
202,3,22,350,2016,0.12
202,3,27,350,1990,1.96
202,3,27,350,1991,1.69
202,3,27,350,1992,1.49
202,3,27,350,1993,1.31
202,3,27,350,1994,1.15
202,3,27,350,1995,1.04
202,3,27,350,1996,1.01
202,3,27,350,1997,1.01
202,3,27,350,1998,1
202,3,27,350,1999,1
202,3,27,350,2000,1.03
202,3,27,350,2001,0.81
202,3,27,350,2002,0.66
202,3,27,350,2003,0.54
202,3,27,350,2004,0.44
202,3,27,350,2005,0.36
202,3,27,350,2006,0.35
202,3,27,350,2007,0.33
202,3,27,350,2008,0.31
202,3,27,350,2009,0.3
202,3,27,350,2010,0.3
202,3,27,350,2011,0.26
202,3,27,350,2012,0.23
202,3,27,350,2013,0.2
202,3,27,350,2014,0.18
202,3,27,350,2015,0.16
202,3,27,350,2016,0.14
203,1,22,350,1990,0
203,1,22,350,1991,0
203,1,22,350,1992,0
203,1,22,350,1993,0
203,1,22,350,1994,0
203,1,22,350,1995,0
203,1,22,350,1996,0
203,1,22,350,1997,0
203,1,22,350,1998,0
203,1,22,350,1999,0
203,1,22,350,2000,0
203,1,22,350,2001,0
203,1,22,350,2002,0
203,1,22,350,2003,0
203,1,22,350,2004,0
203,1,22,350,2005,0
203,1,22,350,2006,0
203,1,22,350,2007,0
203,1,22,350,2008,0
203,1,22,350,2009,0
203,1,22,350,2010,0
203,1,22,350,2011,0
203,1,22,350,2012,0
203,1,22,350,2013,0
203,1,22,350,2014,0
203,1,22,350,2015,0
203,1,22,350,2016,0
203,1,27,350,1990,0
203,1,27,350,1991,0
203,1,27,350,1992,0
203,1,27,350,1993,0
203,1,27,350,1994,0
203,1,27,350,1995,0
203,1,27,350,1996,0
203,1,27,350,1997,0
203,1,27,350,1998,0
203,1,27,350,1999,0
203,1,27,350,2000,0
203,1,27,350,2001,0
203,1,27,350,2002,0
203,1,27,350,2003,0
203,1,27,350,2004,0
203,1,27,350,2005,0
203,1,27,350,2006,0
203,1,27,350,2007,0
203,1,27,350,2008,0
203,1,27,350,2009,0
203,1,27,350,2010,0
203,1,27,350,2011,0
203,1,27,350,2012,0
203,1,27,350,2013,0
203,1,27,350,2014,0
203,1,27,350,2015,0
203,1,27,350,2016,0
203,2,22,350,1990,0
203,2,22,350,1991,0
203,2,22,350,1992,0
203,2,22,350,1993,0
203,2,22,350,1994,0
203,2,22,350,1995,0
203,2,22,350,1996,0
203,2,22,350,1997,0
203,2,22,350,1998,0
203,2,22,350,1999,0
203,2,22,350,2000,0
203,2,22,350,2001,0
203,2,22,350,2002,0
203,2,22,350,2003,0
203,2,22,350,2004,0
203,2,22,350,2005,0
203,2,22,350,2006,0
203,2,22,350,2007,0
203,2,22,350,2008,0
203,2,22,350,2009,0
203,2,22,350,2010,0
203,2,22,350,2011,0
203,2,22,350,2012,0
203,2,22,350,2013,0
203,2,22,350,2014,0
203,2,22,350,2015,0
203,2,22,350,2016,0
203,2,27,350,1990,0
203,2,27,350,1991,0
203,2,27,350,1992,0
203,2,27,350,1993,0
203,2,27,350,1994,0
203,2,27,350,1995,0
203,2,27,350,1996,0
203,2,27,350,1997,0
203,2,27,350,1998,0
203,2,27,350,1999,0
203,2,27,350,2000,0
203,2,27,350,2001,0
203,2,27,350,2002,0
203,2,27,350,2003,0
203,2,27,350,2004,0
203,2,27,350,2005,0
203,2,27,350,2006,0
203,2,27,350,2007,0
203,2,27,350,2008,0
203,2,27,350,2009,0
203,2,27,350,2010,0
203,2,27,350,2011,0
203,2,27,350,2012,0
203,2,27,350,2013,0
203,2,27,350,2014,0
203,2,27,350,2015,0
203,2,27,350,2016,0
203,3,22,350,1990,0
203,3,22,350,1991,0
203,3,22,350,1992,0
203,3,22,350,1993,0
203,3,22,350,1994,0
203,3,22,350,1995,0
203,3,22,350,1996,0
203,3,22,350,1997,0
203,3,22,350,1998,0
203,3,22,350,1999,0
203,3,22,350,2000,0
203,3,22,350,2001,0
203,3,22,350,2002,0
203,3,22,350,2003,0
203,3,22,350,2004,0
203,3,22,350,2005,0
203,3,22,350,2006,0
203,3,22,350,2007,0
203,3,22,350,2008,0
203,3,22,350,2009,0
203,3,22,350,2010,0
203,3,22,350,2011,0
203,3,22,350,2012,0
203,3,22,350,2013,0
203,3,22,350,2014,0
203,3,22,350,2015,0
203,3,22,350,2016,0
203,3,27,350,1990,0
203,3,27,350,1991,0
203,3,27,350,1992,0
203,3,27,350,1993,0
203,3,27,350,1994,0
203,3,27,350,1995,0
203,3,27,350,1996,0
203,3,27,350,1997,0
203,3,27,350,1998,0
203,3,27,350,1999,0
203,3,27,350,2000,0
203,3,27,350,2001,0
203,3,27,350,2002,0
203,3,27,350,2003,0
203,3,27,350,2004,0
203,3,27,350,2005,0
203,3,27,350,2006,0
203,3,27,350,2007,0
203,3,27,350,2008,0
203,3,27,350,2009,0
203,3,27,350,2010,0
203,3,27,350,2011,0
203,3,27,350,2012,0
203,3,27,350,2013,0
203,3,27,350,2014,0
203,3,27,350,2015,0
203,3,27,350,2016,0
204,1,22,350,1990,42.04
204,1,22,350,1991,38.92
204,1,22,350,1992,36.9
204,1,22,350,1993,35.03
204,1,22,350,1994,33.29
204,1,22,350,1995,32.44
204,1,22,350,1996,27.86
204,1,22,350,1997,24.52
204,1,22,350,1998,21.6
204,1,22,350,1999,19.05
204,1,22,350,2000,17.09
204,1,22,350,2001,14.44
204,1,22,350,2002,12.42
204,1,22,350,2003,10.68
204,1,22,350,2004,9.19
204,1,22,350,2005,8.07
204,1,22,350,2006,7.94
204,1,22,350,2007,7.66
204,1,22,350,2008,7.55
204,1,22,350,2009,7.45
204,1,22,350,2010,7.48
204,1,22,350,2011,5.8
204,1,22,350,2012,4.57
204,1,22,350,2013,3.61
204,1,22,350,2014,2.85
204,1,22,350,2015,2.25
204,1,22,350,2016,1.81
204,1,27,350,1990,53.37
204,1,27,350,1991,49.52
204,1,27,350,1992,47.19
204,1,27,350,1993,44.99
204,1,27,350,1994,42.93
204,1,27,350,1995,42.18
204,1,27,350,1996,36.09
204,1,27,350,1997,31.78
204,1,27,350,1998,28.01
204,1,27,350,1999,24.69
204,1,27,350,2000,22.25
204,1,27,350,2001,18.74
204,1,27,350,2002,16.13
204,1,27,350,2003,13.89
204,1,27,350,2004,11.96
204,1,27,350,2005,10.56
204,1,27,350,2006,10.39
204,1,27,350,2007,10.01
204,1,27,350,2008,9.87
204,1,27,350,2009,9.73
204,1,27,350,2010,9.8
204,1,27,350,2011,7.57
204,1,27,350,2012,5.96
204,1,27,350,2013,4.7
204,1,27,350,2014,3.71
204,1,27,350,2015,2.92
204,1,27,350,2016,2.36
204,2,22,350,1990,42.47
204,2,22,350,1991,39.32
204,2,22,350,1992,37.35
204,2,22,350,1993,35.49
204,2,22,350,1994,33.76
204,2,22,350,1995,32.82
204,2,22,350,1996,28.35
204,2,22,350,1997,25.04
204,2,22,350,1998,22.14
204,2,22,350,1999,19.59
204,2,22,350,2000,17.65
204,2,22,350,2001,14.83
204,2,22,350,2002,12.69
204,2,22,350,2003,10.87
204,2,22,350,2004,9.31
204,2,22,350,2005,8.2
204,2,22,350,2006,8
204,2,22,350,2007,7.65
204,2,22,350,2008,7.5
204,2,22,350,2009,7.36
204,2,22,350,2010,7.36
204,2,22,350,2011,5.73
204,2,22,350,2012,4.54
204,2,22,350,2013,3.6
204,2,22,350,2014,2.86
204,2,22,350,2015,2.27
204,2,22,350,2016,1.84
204,2,27,350,1990,53.01
204,2,27,350,1991,49.13
204,2,27,350,1992,46.79
204,2,27,350,1993,44.6
204,2,27,350,1994,42.53
204,2,27,350,1995,41.57
204,2,27,350,1996,35.93
204,2,27,350,1997,31.84
204,2,27,350,1998,28.24
204,2,27,350,1999,25.06
204,2,27,350,2000,22.72
204,2,27,350,2001,19.05
204,2,27,350,2002,16.32
204,2,27,350,2003,13.99
204,2,27,350,2004,12.01
204,2,27,350,2005,10.61
204,2,27,350,2006,10.36
204,2,27,350,2007,9.88
204,2,27,350,2008,9.69
204,2,27,350,2009,9.5
204,2,27,350,2010,9.54
204,2,27,350,2011,7.39
204,2,27,350,2012,5.85
204,2,27,350,2013,4.64
204,2,27,350,2014,3.68
204,2,27,350,2015,2.92
204,2,27,350,2016,2.38
204,3,22,350,1990,42.26
204,3,22,350,1991,39.12
204,3,22,350,1992,37.13
204,3,22,350,1993,35.26
204,3,22,350,1994,33.53
204,3,22,350,1995,32.63
204,3,22,350,1996,28.11
204,3,22,350,1997,24.78
204,3,22,350,1998,21.87
204,3,22,350,1999,19.32
204,3,22,350,2000,17.37
204,3,22,350,2001,14.64
204,3,22,350,2002,12.55
204,3,22,350,2003,10.77
204,3,22,350,2004,9.25
204,3,22,350,2005,8.14
204,3,22,350,2006,7.97
204,3,22,350,2007,7.66
204,3,22,350,2008,7.53
204,3,22,350,2009,7.41
204,3,22,350,2010,7.42
204,3,22,350,2011,5.76
204,3,22,350,2012,4.56
204,3,22,350,2013,3.6
204,3,22,350,2014,2.85
204,3,22,350,2015,2.26
204,3,22,350,2016,1.83
204,3,27,350,1990,53.2
204,3,27,350,1991,49.33
204,3,27,350,1992,47
204,3,27,350,1993,44.8
204,3,27,350,1994,42.73
204,3,27,350,1995,41.86
204,3,27,350,1996,36.01
204,3,27,350,1997,31.82
204,3,27,350,1998,28.13
204,3,27,350,1999,24.89
204,3,27,350,2000,22.5
204,3,27,350,2001,18.91
204,3,27,350,2002,16.23
204,3,27,350,2003,13.95
204,3,27,350,2004,11.99
204,3,27,350,2005,10.59
204,3,27,350,2006,10.38
204,3,27,350,2007,9.95
204,3,27,350,2008,9.78
204,3,27,350,2009,9.62
204,3,27,350,2010,9.67
204,3,27,350,2011,7.48
204,3,27,350,2012,5.91
204,3,27,350,2013,4.67
204,3,27,350,2014,3.69
204,3,27,350,2015,2.92
204,3,27,350,2016,2.37
205,1,22,350,1990,20.08
205,1,22,350,1991,16.89
205,1,22,350,1992,14.49
205,1,22,350,1993,12.44
205,1,22,350,1994,10.69
205,1,22,350,1995,9.35
205,1,22,350,1996,8.17
205,1,22,350,1997,7.27
205,1,22,350,1998,6.48
205,1,22,350,1999,5.76
205,1,22,350,2000,5.26
205,1,22,350,2001,3.7
205,1,22,350,2002,2.66
205,1,22,350,2003,1.92
205,1,22,350,2004,1.38
205,1,22,350,2005,1.02
205,1,22,350,2006,0.85
205,1,22,350,2007,0.68
205,1,22,350,2008,0.57
205,1,22,350,2009,0.47
205,1,22,350,2010,0.4
205,1,22,350,2011,0.32
205,1,22,350,2012,0.26
205,1,22,350,2013,0.21
205,1,22,350,2014,0.17
205,1,22,350,2015,0.14
205,1,22,350,2016,0.12
205,1,27,350,1990,24.21
205,1,27,350,1991,20.29
205,1,27,350,1992,17.4
205,1,27,350,1993,14.93
205,1,27,350,1994,12.82
205,1,27,350,1995,11.25
205,1,27,350,1996,9.79
205,1,27,350,1997,8.7
205,1,27,350,1998,7.74
205,1,27,350,1999,6.88
205,1,27,350,2000,6.31
205,1,27,350,2001,4.42
205,1,27,350,2002,3.18
205,1,27,350,2003,2.3
205,1,27,350,2004,1.66
205,1,27,350,2005,1.23
205,1,27,350,2006,1.02
205,1,27,350,2007,0.82
205,1,27,350,2008,0.68
205,1,27,350,2009,0.56
205,1,27,350,2010,0.48
205,1,27,350,2011,0.38
205,1,27,350,2012,0.31
205,1,27,350,2013,0.25
205,1,27,350,2014,0.21
205,1,27,350,2015,0.17
205,1,27,350,2016,0.14
205,2,22,350,1990,19.2
205,2,22,350,1991,16.13
205,2,22,350,1992,13.86
205,2,22,350,1993,11.93
205,2,22,350,1994,10.28
205,2,22,350,1995,9.09
205,2,22,350,1996,7.92
205,2,22,350,1997,7.08
205,2,22,350,1998,6.33
205,2,22,350,1999,5.66
205,2,22,350,2000,5.18
205,2,22,350,2001,3.64
205,2,22,350,2002,2.62
205,2,22,350,2003,1.88
205,2,22,350,2004,1.36
205,2,22,350,2005,1
205,2,22,350,2006,0.83
205,2,22,350,2007,0.67
205,2,22,350,2008,0.56
205,2,22,350,2009,0.46
205,2,22,350,2010,0.39
205,2,22,350,2011,0.31
205,2,22,350,2012,0.26
205,2,22,350,2013,0.21
205,2,22,350,2014,0.17
205,2,22,350,2015,0.14
205,2,22,350,2016,0.12
205,2,27,350,1990,24.43
205,2,27,350,1991,20.36
205,2,27,350,1992,17.4
205,2,27,350,1993,14.89
205,2,27,350,1994,12.75
205,2,27,350,1995,11.28
205,2,27,350,1996,9.76
205,2,27,350,1997,8.72
205,2,27,350,1998,7.8
205,2,27,350,1999,6.98
205,2,27,350,2000,6.41
205,2,27,350,2001,4.51
205,2,27,350,2002,3.25
205,2,27,350,2003,2.35
205,2,27,350,2004,1.7
205,2,27,350,2005,1.26
205,2,27,350,2006,1.04
205,2,27,350,2007,0.84
205,2,27,350,2008,0.7
205,2,27,350,2009,0.58
205,2,27,350,2010,0.49
205,2,27,350,2011,0.39
205,2,27,350,2012,0.32
205,2,27,350,2013,0.26
205,2,27,350,2014,0.21
205,2,27,350,2015,0.17
205,2,27,350,2016,0.15
205,3,22,350,1990,19.66
205,3,22,350,1991,16.53
205,3,22,350,1992,14.19
205,3,22,350,1993,12.19
205,3,22,350,1994,10.49
205,3,22,350,1995,9.23
205,3,22,350,1996,8.05
205,3,22,350,1997,7.18
205,3,22,350,1998,6.41
205,3,22,350,1999,5.71
205,3,22,350,2000,5.22
205,3,22,350,2001,3.67
205,3,22,350,2002,2.64
205,3,22,350,2003,1.9
205,3,22,350,2004,1.37
205,3,22,350,2005,1.01
205,3,22,350,2006,0.84
205,3,22,350,2007,0.68
205,3,22,350,2008,0.56
205,3,22,350,2009,0.47
205,3,22,350,2010,0.39
205,3,22,350,2011,0.32
205,3,22,350,2012,0.26
205,3,22,350,2013,0.21
205,3,22,350,2014,0.17
205,3,22,350,2015,0.14
205,3,22,350,2016,0.12
205,3,27,350,1990,24.29
205,3,27,350,1991,20.3
205,3,27,350,1992,17.39
205,3,27,350,1993,14.91
205,3,27,350,1994,12.79
205,3,27,350,1995,11.27
205,3,27,350,1996,9.78
205,3,27,350,1997,8.71
205,3,27,350,1998,7.77
205,3,27,350,1999,6.93
205,3,27,350,2000,6.36
205,3,27,350,2001,4.46
205,3,27,350,2002,3.21
205,3,27,350,2003,2.32
205,3,27,350,2004,1.67
205,3,27,350,2005,1.24
205,3,27,350,2006,1.03
205,3,27,350,2007,0.83
205,3,27,350,2008,0.69
205,3,27,350,2009,0.57
205,3,27,350,2010,0.48
205,3,27,350,2011,0.39
205,3,27,350,2012,0.31
205,3,27,350,2013,0.26
205,3,27,350,2014,0.21
205,3,27,350,2015,0.17
205,3,27,350,2016,0.14
206,1,22,350,1990,0
206,1,22,350,1991,0
206,1,22,350,1992,0
206,1,22,350,1993,0
206,1,22,350,1994,0
206,1,22,350,1995,0
206,1,22,350,1996,0
206,1,22,350,1997,0
206,1,22,350,1998,0
206,1,22,350,1999,0
206,1,22,350,2000,0
206,1,22,350,2001,0
206,1,22,350,2002,0
206,1,22,350,2003,0
206,1,22,350,2004,0
206,1,22,350,2005,0
206,1,22,350,2006,0
206,1,22,350,2007,0
206,1,22,350,2008,0
206,1,22,350,2009,0
206,1,22,350,2010,0
206,1,22,350,2011,0
206,1,22,350,2012,0
206,1,22,350,2013,0
206,1,22,350,2014,0
206,1,22,350,2015,0
206,1,22,350,2016,0
206,1,27,350,1990,0
206,1,27,350,1991,0
206,1,27,350,1992,0
206,1,27,350,1993,0
206,1,27,350,1994,0
206,1,27,350,1995,0
206,1,27,350,1996,0
206,1,27,350,1997,0
206,1,27,350,1998,0
206,1,27,350,1999,0
206,1,27,350,2000,0
206,1,27,350,2001,0
206,1,27,350,2002,0
206,1,27,350,2003,0
206,1,27,350,2004,0
206,1,27,350,2005,0
206,1,27,350,2006,0
206,1,27,350,2007,0
206,1,27,350,2008,0
206,1,27,350,2009,0
206,1,27,350,2010,0
206,1,27,350,2011,0
206,1,27,350,2012,0
206,1,27,350,2013,0
206,1,27,350,2014,0
206,1,27,350,2015,0
206,1,27,350,2016,0
206,2,22,350,1990,0
206,2,22,350,1991,0
206,2,22,350,1992,0
206,2,22,350,1993,0
206,2,22,350,1994,0
206,2,22,350,1995,0
206,2,22,350,1996,0
206,2,22,350,1997,0
206,2,22,350,1998,0
206,2,22,350,1999,0
206,2,22,350,2000,0
206,2,22,350,2001,0
206,2,22,350,2002,0
206,2,22,350,2003,0
206,2,22,350,2004,0
206,2,22,350,2005,0
206,2,22,350,2006,0
206,2,22,350,2007,0
206,2,22,350,2008,0
206,2,22,350,2009,0
206,2,22,350,2010,0
206,2,22,350,2011,0
206,2,22,350,2012,0
206,2,22,350,2013,0
206,2,22,350,2014,0
206,2,22,350,2015,0
206,2,22,350,2016,0
206,2,27,350,1990,0
206,2,27,350,1991,0
206,2,27,350,1992,0
206,2,27,350,1993,0
206,2,27,350,1994,0
206,2,27,350,1995,0
206,2,27,350,1996,0
206,2,27,350,1997,0
206,2,27,350,1998,0
206,2,27,350,1999,0
206,2,27,350,2000,0
206,2,27,350,2001,0
206,2,27,350,2002,0
206,2,27,350,2003,0
206,2,27,350,2004,0
206,2,27,350,2005,0
206,2,27,350,2006,0
206,2,27,350,2007,0
206,2,27,350,2008,0
206,2,27,350,2009,0
206,2,27,350,2010,0
206,2,27,350,2011,0
206,2,27,350,2012,0
206,2,27,350,2013,0
206,2,27,350,2014,0
206,2,27,350,2015,0
206,2,27,350,2016,0
206,3,22,350,1990,0
206,3,22,350,1991,0
206,3,22,350,1992,0
206,3,22,350,1993,0
206,3,22,350,1994,0
206,3,22,350,1995,0
206,3,22,350,1996,0
206,3,22,350,1997,0
206,3,22,350,1998,0
206,3,22,350,1999,0
206,3,22,350,2000,0
206,3,22,350,2001,0
206,3,22,350,2002,0
206,3,22,350,2003,0
206,3,22,350,2004,0
206,3,22,350,2005,0
206,3,22,350,2006,0
206,3,22,350,2007,0
206,3,22,350,2008,0
206,3,22,350,2009,0
206,3,22,350,2010,0
206,3,22,350,2011,0
206,3,22,350,2012,0
206,3,22,350,2013,0
206,3,22,350,2014,0
206,3,22,350,2015,0
206,3,22,350,2016,0
206,3,27,350,1990,0
206,3,27,350,1991,0
206,3,27,350,1992,0
206,3,27,350,1993,0
206,3,27,350,1994,0
206,3,27,350,1995,0
206,3,27,350,1996,0
206,3,27,350,1997,0
206,3,27,350,1998,0
206,3,27,350,1999,0
206,3,27,350,2000,0
206,3,27,350,2001,0
206,3,27,350,2002,0
206,3,27,350,2003,0
206,3,27,350,2004,0
206,3,27,350,2005,0
206,3,27,350,2006,0
206,3,27,350,2007,0
206,3,27,350,2008,0
206,3,27,350,2009,0
206,3,27,350,2010,0
206,3,27,350,2011,0
206,3,27,350,2012,0
206,3,27,350,2013,0
206,3,27,350,2014,0
206,3,27,350,2015,0
206,3,27,350,2016,0
207,1,22,350,1990,0.58
207,1,22,350,1991,0.28
207,1,22,350,1992,0.14
207,1,22,350,1993,0.08
207,1,22,350,1994,0.04
207,1,22,350,1995,0.02
207,1,22,350,1996,0.01
207,1,22,350,1997,0.01
207,1,22,350,1998,0.01
207,1,22,350,1999,0
207,1,22,350,2000,0
207,1,22,350,2001,0
207,1,22,350,2002,0
207,1,22,350,2003,0
207,1,22,350,2004,0
207,1,22,350,2005,0
207,1,22,350,2006,0
207,1,22,350,2007,0
207,1,22,350,2008,0
207,1,22,350,2009,0
207,1,22,350,2010,0.01
207,1,22,350,2011,0
207,1,22,350,2012,0
207,1,22,350,2013,0
207,1,22,350,2014,0
207,1,22,350,2015,0
207,1,22,350,2016,0
207,1,27,350,1990,0.72
207,1,27,350,1991,0.34
207,1,27,350,1992,0.18
207,1,27,350,1993,0.09
207,1,27,350,1994,0.05
207,1,27,350,1995,0.03
207,1,27,350,1996,0.02
207,1,27,350,1997,0.01
207,1,27,350,1998,0.01
207,1,27,350,1999,0
207,1,27,350,2000,0
207,1,27,350,2001,0
207,1,27,350,2002,0
207,1,27,350,2003,0
207,1,27,350,2004,0
207,1,27,350,2005,0
207,1,27,350,2006,0
207,1,27,350,2007,0
207,1,27,350,2008,0
207,1,27,350,2009,0
207,1,27,350,2010,0.01
207,1,27,350,2011,0
207,1,27,350,2012,0
207,1,27,350,2013,0
207,1,27,350,2014,0
207,1,27,350,2015,0
207,1,27,350,2016,0
207,2,22,350,1990,0.61
207,2,22,350,1991,0.29
207,2,22,350,1992,0.15
207,2,22,350,1993,0.08
207,2,22,350,1994,0.04
207,2,22,350,1995,0.02
207,2,22,350,1996,0.01
207,2,22,350,1997,0.01
207,2,22,350,1998,0.01
207,2,22,350,1999,0
207,2,22,350,2000,0
207,2,22,350,2001,0
207,2,22,350,2002,0
207,2,22,350,2003,0
207,2,22,350,2004,0
207,2,22,350,2005,0
207,2,22,350,2006,0
207,2,22,350,2007,0
207,2,22,350,2008,0
207,2,22,350,2009,0
207,2,22,350,2010,0.01
207,2,22,350,2011,0
207,2,22,350,2012,0
207,2,22,350,2013,0
207,2,22,350,2014,0
207,2,22,350,2015,0
207,2,22,350,2016,0
207,2,27,350,1990,0.76
207,2,27,350,1991,0.36
207,2,27,350,1992,0.18
207,2,27,350,1993,0.1
207,2,27,350,1994,0.05
207,2,27,350,1995,0.03
207,2,27,350,1996,0.02
207,2,27,350,1997,0.01
207,2,27,350,1998,0.01
207,2,27,350,1999,0
207,2,27,350,2000,0
207,2,27,350,2001,0
207,2,27,350,2002,0
207,2,27,350,2003,0
207,2,27,350,2004,0
207,2,27,350,2005,0
207,2,27,350,2006,0
207,2,27,350,2007,0
207,2,27,350,2008,0
207,2,27,350,2009,0
207,2,27,350,2010,0.01
207,2,27,350,2011,0
207,2,27,350,2012,0
207,2,27,350,2013,0
207,2,27,350,2014,0
207,2,27,350,2015,0
207,2,27,350,2016,0
207,3,22,350,1990,0.6
207,3,22,350,1991,0.29
207,3,22,350,1992,0.15
207,3,22,350,1993,0.08
207,3,22,350,1994,0.04
207,3,22,350,1995,0.02
207,3,22,350,1996,0.01
207,3,22,350,1997,0.01
207,3,22,350,1998,0.01
207,3,22,350,1999,0
207,3,22,350,2000,0
207,3,22,350,2001,0
207,3,22,350,2002,0
207,3,22,350,2003,0
207,3,22,350,2004,0
207,3,22,350,2005,0
207,3,22,350,2006,0
207,3,22,350,2007,0
207,3,22,350,2008,0
207,3,22,350,2009,0
207,3,22,350,2010,0.01
207,3,22,350,2011,0
207,3,22,350,2012,0
207,3,22,350,2013,0
207,3,22,350,2014,0
207,3,22,350,2015,0
207,3,22,350,2016,0
207,3,27,350,1990,0.74
207,3,27,350,1991,0.35
207,3,27,350,1992,0.18
207,3,27,350,1993,0.09
207,3,27,350,1994,0.05
207,3,27,350,1995,0.03
207,3,27,350,1996,0.02
207,3,27,350,1997,0.01
207,3,27,350,1998,0.01
207,3,27,350,1999,0
207,3,27,350,2000,0
207,3,27,350,2001,0
207,3,27,350,2002,0
207,3,27,350,2003,0
207,3,27,350,2004,0
207,3,27,350,2005,0
207,3,27,350,2006,0
207,3,27,350,2007,0
207,3,27,350,2008,0
207,3,27,350,2009,0
207,3,27,350,2010,0.01
207,3,27,350,2011,0
207,3,27,350,2012,0
207,3,27,350,2013,0
207,3,27,350,2014,0
207,3,27,350,2015,0
207,3,27,350,2016,0
208,1,22,350,1990,7.91
208,1,22,350,1991,8.58
208,1,22,350,1992,9.54
208,1,22,350,1993,10.61
208,1,22,350,1994,11.8
208,1,22,350,1995,13.37
208,1,22,350,1996,12.75
208,1,22,350,1997,12.41
208,1,22,350,1998,12.08
208,1,22,350,1999,11.77
208,1,22,350,2000,11.81
208,1,22,350,2001,10.39
208,1,22,350,2002,9.41
208,1,22,350,2003,8.52
208,1,22,350,2004,7.73
208,1,22,350,2005,7.18
208,1,22,350,2006,6.92
208,1,22,350,2007,6.55
208,1,22,350,2008,6.33
208,1,22,350,2009,6.13
208,1,22,350,2010,6.05
208,1,22,350,2011,5.02
208,1,22,350,2012,4.26
208,1,22,350,2013,3.61
208,1,22,350,2014,3.06
208,1,22,350,2015,2.6
208,1,22,350,2016,2.24
208,1,27,350,1990,9.62
208,1,27,350,1991,10.38
208,1,27,350,1992,11.56
208,1,27,350,1993,12.88
208,1,27,350,1994,14.36
208,1,27,350,1995,16.36
208,1,27,350,1996,15.63
208,1,27,350,1997,15.26
208,1,27,350,1998,14.9
208,1,27,350,1999,14.56
208,1,27,350,2000,14.7
208,1,27,350,2001,12.87
208,1,27,350,2002,11.64
208,1,27,350,2003,10.53
208,1,27,350,2004,9.53
208,1,27,350,2005,8.85
208,1,27,350,2006,8.54
208,1,27,350,2007,8.04
208,1,27,350,2008,7.77
208,1,27,350,2009,7.51
208,1,27,350,2010,7.45
208,1,27,350,2011,6.16
208,1,27,350,2012,5.23
208,1,27,350,2013,4.43
208,1,27,350,2014,3.76
208,1,27,350,2015,3.2
208,1,27,350,2016,2.77
208,2,22,350,1990,8.18
208,2,22,350,1991,8.87
208,2,22,350,1992,9.86
208,2,22,350,1993,10.95
208,2,22,350,1994,12.17
208,2,22,350,1995,13.83
208,2,22,350,1996,13.2
208,2,22,350,1997,12.89
208,2,22,350,1998,12.6
208,2,22,350,1999,12.33
208,2,22,350,2000,12.33
208,2,22,350,2001,10.86
208,2,22,350,2002,9.76
208,2,22,350,2003,8.78
208,2,22,350,2004,7.91
208,2,22,350,2005,7.28
208,2,22,350,2006,6.99
208,2,22,350,2007,6.57
208,2,22,350,2008,6.32
208,2,22,350,2009,6.09
208,2,22,350,2010,6.02
208,2,22,350,2011,4.99
208,2,22,350,2012,4.24
208,2,22,350,2013,3.61
208,2,22,350,2014,3.08
208,2,22,350,2015,2.62
208,2,22,350,2016,2.3
208,2,27,350,1990,9.69
208,2,27,350,1991,10.51
208,2,27,350,1992,11.7
208,2,27,350,1993,13.04
208,2,27,350,1994,14.53
208,2,27,350,1995,16.6
208,2,27,350,1996,15.86
208,2,27,350,1997,15.53
208,2,27,350,1998,15.21
208,2,27,350,1999,14.91
208,2,27,350,2000,14.95
208,2,27,350,2001,13.16
208,2,27,350,2002,11.86
208,2,27,350,2003,10.69
208,2,27,350,2004,9.64
208,2,27,350,2005,8.9
208,2,27,350,2006,8.54
208,2,27,350,2007,8.01
208,2,27,350,2008,7.7
208,2,27,350,2009,7.4
208,2,27,350,2010,7.33
208,2,27,350,2011,6.05
208,2,27,350,2012,5.14
208,2,27,350,2013,4.37
208,2,27,350,2014,3.72
208,2,27,350,2015,3.17
208,2,27,350,2016,2.78
208,3,22,350,1990,8.05
208,3,22,350,1991,8.73
208,3,22,350,1992,9.7
208,3,22,350,1993,10.78
208,3,22,350,1994,11.99
208,3,22,350,1995,13.6
208,3,22,350,1996,12.98
208,3,22,350,1997,12.65
208,3,22,350,1998,12.34
208,3,22,350,1999,12.05
208,3,22,350,2000,12.07
208,3,22,350,2001,10.63
208,3,22,350,2002,9.59
208,3,22,350,2003,8.65
208,3,22,350,2004,7.82
208,3,22,350,2005,7.23
208,3,22,350,2006,6.96
208,3,22,350,2007,6.56
208,3,22,350,2008,6.33
208,3,22,350,2009,6.11
208,3,22,350,2010,6.04
208,3,22,350,2011,5.01
208,3,22,350,2012,4.25
208,3,22,350,2013,3.61
208,3,22,350,2014,3.07
208,3,22,350,2015,2.61
208,3,22,350,2016,2.27
208,3,27,350,1990,9.65
208,3,27,350,1991,10.44
208,3,27,350,1992,11.63
208,3,27,350,1993,12.96
208,3,27,350,1994,14.45
208,3,27,350,1995,16.48
208,3,27,350,1996,15.75
208,3,27,350,1997,15.39
208,3,27,350,1998,15.05
208,3,27,350,1999,14.73
208,3,27,350,2000,14.82
208,3,27,350,2001,13.01
208,3,27,350,2002,11.75
208,3,27,350,2003,10.61
208,3,27,350,2004,9.59
208,3,27,350,2005,8.88
208,3,27,350,2006,8.54
208,3,27,350,2007,8.03
208,3,27,350,2008,7.74
208,3,27,350,2009,7.46
208,3,27,350,2010,7.39
208,3,27,350,2011,6.1
208,3,27,350,2012,5.18
208,3,27,350,2013,4.4
208,3,27,350,2014,3.74
208,3,27,350,2015,3.18
208,3,27,350,2016,2.78
209,1,22,350,1990,0
209,1,22,350,1991,0
209,1,22,350,1992,0
209,1,22,350,1993,0
209,1,22,350,1994,0
209,1,22,350,1995,0
209,1,22,350,1996,0
209,1,22,350,1997,0
209,1,22,350,1998,0
209,1,22,350,1999,0
209,1,22,350,2000,0
209,1,22,350,2001,0
209,1,22,350,2002,0
209,1,22,350,2003,0
209,1,22,350,2004,0
209,1,22,350,2005,0
209,1,22,350,2006,0
209,1,22,350,2007,0
209,1,22,350,2008,0
209,1,22,350,2009,0
209,1,22,350,2010,0
209,1,22,350,2011,0
209,1,22,350,2012,0
209,1,22,350,2013,0
209,1,22,350,2014,0
209,1,22,350,2015,0
209,1,22,350,2016,0
209,1,27,350,1990,0
209,1,27,350,1991,0
209,1,27,350,1992,0
209,1,27,350,1993,0
209,1,27,350,1994,0
209,1,27,350,1995,0
209,1,27,350,1996,0
209,1,27,350,1997,0
209,1,27,350,1998,0
209,1,27,350,1999,0
209,1,27,350,2000,0
209,1,27,350,2001,0
209,1,27,350,2002,0
209,1,27,350,2003,0
209,1,27,350,2004,0
209,1,27,350,2005,0
209,1,27,350,2006,0
209,1,27,350,2007,0
209,1,27,350,2008,0
209,1,27,350,2009,0
209,1,27,350,2010,0
209,1,27,350,2011,0
209,1,27,350,2012,0
209,1,27,350,2013,0
209,1,27,350,2014,0
209,1,27,350,2015,0
209,1,27,350,2016,0
209,2,22,350,1990,0
209,2,22,350,1991,0
209,2,22,350,1992,0
209,2,22,350,1993,0
209,2,22,350,1994,0
209,2,22,350,1995,0
209,2,22,350,1996,0
209,2,22,350,1997,0
209,2,22,350,1998,0
209,2,22,350,1999,0
209,2,22,350,2000,0
209,2,22,350,2001,0
209,2,22,350,2002,0
209,2,22,350,2003,0
209,2,22,350,2004,0
209,2,22,350,2005,0
209,2,22,350,2006,0
209,2,22,350,2007,0
209,2,22,350,2008,0
209,2,22,350,2009,0
209,2,22,350,2010,0
209,2,22,350,2011,0
209,2,22,350,2012,0
209,2,22,350,2013,0
209,2,22,350,2014,0
209,2,22,350,2015,0
209,2,22,350,2016,0
209,2,27,350,1990,0
209,2,27,350,1991,0
209,2,27,350,1992,0
209,2,27,350,1993,0
209,2,27,350,1994,0
209,2,27,350,1995,0
209,2,27,350,1996,0
209,2,27,350,1997,0
209,2,27,350,1998,0
209,2,27,350,1999,0
209,2,27,350,2000,0
209,2,27,350,2001,0
209,2,27,350,2002,0
209,2,27,350,2003,0
209,2,27,350,2004,0
209,2,27,350,2005,0
209,2,27,350,2006,0
209,2,27,350,2007,0
209,2,27,350,2008,0
209,2,27,350,2009,0
209,2,27,350,2010,0
209,2,27,350,2011,0
209,2,27,350,2012,0
209,2,27,350,2013,0
209,2,27,350,2014,0
209,2,27,350,2015,0
209,2,27,350,2016,0
209,3,22,350,1990,0
209,3,22,350,1991,0
209,3,22,350,1992,0
209,3,22,350,1993,0
209,3,22,350,1994,0
209,3,22,350,1995,0
209,3,22,350,1996,0
209,3,22,350,1997,0
209,3,22,350,1998,0
209,3,22,350,1999,0
209,3,22,350,2000,0
209,3,22,350,2001,0
209,3,22,350,2002,0
209,3,22,350,2003,0
209,3,22,350,2004,0
209,3,22,350,2005,0
209,3,22,350,2006,0
209,3,22,350,2007,0
209,3,22,350,2008,0
209,3,22,350,2009,0
209,3,22,350,2010,0
209,3,22,350,2011,0
209,3,22,350,2012,0
209,3,22,350,2013,0
209,3,22,350,2014,0
209,3,22,350,2015,0
209,3,22,350,2016,0
209,3,27,350,1990,0
209,3,27,350,1991,0
209,3,27,350,1992,0
209,3,27,350,1993,0
209,3,27,350,1994,0
209,3,27,350,1995,0
209,3,27,350,1996,0
209,3,27,350,1997,0
209,3,27,350,1998,0
209,3,27,350,1999,0
209,3,27,350,2000,0
209,3,27,350,2001,0
209,3,27,350,2002,0
209,3,27,350,2003,0
209,3,27,350,2004,0
209,3,27,350,2005,0
209,3,27,350,2006,0
209,3,27,350,2007,0
209,3,27,350,2008,0
209,3,27,350,2009,0
209,3,27,350,2010,0
209,3,27,350,2011,0
209,3,27,350,2012,0
209,3,27,350,2013,0
209,3,27,350,2014,0
209,3,27,350,2015,0
209,3,27,350,2016,0
210,1,22,350,1990,0
210,1,22,350,1991,0
210,1,22,350,1992,0
210,1,22,350,1993,0
210,1,22,350,1994,0
210,1,22,350,1995,0
210,1,22,350,1996,0
210,1,22,350,1997,0
210,1,22,350,1998,0
210,1,22,350,1999,0
210,1,22,350,2000,0
210,1,22,350,2001,0
210,1,22,350,2002,0
210,1,22,350,2003,0
210,1,22,350,2004,0
210,1,22,350,2005,0
210,1,22,350,2006,0
210,1,22,350,2007,0
210,1,22,350,2008,0
210,1,22,350,2009,0
210,1,22,350,2010,0
210,1,22,350,2011,0
210,1,22,350,2012,0
210,1,22,350,2013,0
210,1,22,350,2014,0
210,1,22,350,2015,0
210,1,22,350,2016,0
210,1,27,350,1990,0
210,1,27,350,1991,0
210,1,27,350,1992,0
210,1,27,350,1993,0
210,1,27,350,1994,0
210,1,27,350,1995,0
210,1,27,350,1996,0
210,1,27,350,1997,0
210,1,27,350,1998,0
210,1,27,350,1999,0
210,1,27,350,2000,0
210,1,27,350,2001,0
210,1,27,350,2002,0
210,1,27,350,2003,0
210,1,27,350,2004,0
210,1,27,350,2005,0
210,1,27,350,2006,0
210,1,27,350,2007,0
210,1,27,350,2008,0
210,1,27,350,2009,0
210,1,27,350,2010,0
210,1,27,350,2011,0
210,1,27,350,2012,0
210,1,27,350,2013,0
210,1,27,350,2014,0
210,1,27,350,2015,0
210,1,27,350,2016,0
210,2,22,350,1990,0
210,2,22,350,1991,0
210,2,22,350,1992,0
210,2,22,350,1993,0
210,2,22,350,1994,0
210,2,22,350,1995,0
210,2,22,350,1996,0
210,2,22,350,1997,0
210,2,22,350,1998,0
210,2,22,350,1999,0
210,2,22,350,2000,0
210,2,22,350,2001,0
210,2,22,350,2002,0
210,2,22,350,2003,0
210,2,22,350,2004,0
210,2,22,350,2005,0
210,2,22,350,2006,0
210,2,22,350,2007,0
210,2,22,350,2008,0
210,2,22,350,2009,0
210,2,22,350,2010,0
210,2,22,350,2011,0
210,2,22,350,2012,0
210,2,22,350,2013,0
210,2,22,350,2014,0
210,2,22,350,2015,0
210,2,22,350,2016,0
210,2,27,350,1990,0
210,2,27,350,1991,0
210,2,27,350,1992,0
210,2,27,350,1993,0
210,2,27,350,1994,0
210,2,27,350,1995,0
210,2,27,350,1996,0
210,2,27,350,1997,0
210,2,27,350,1998,0
210,2,27,350,1999,0
210,2,27,350,2000,0
210,2,27,350,2001,0
210,2,27,350,2002,0
210,2,27,350,2003,0
210,2,27,350,2004,0
210,2,27,350,2005,0
210,2,27,350,2006,0
210,2,27,350,2007,0
210,2,27,350,2008,0
210,2,27,350,2009,0
210,2,27,350,2010,0
210,2,27,350,2011,0
210,2,27,350,2012,0
210,2,27,350,2013,0
210,2,27,350,2014,0
210,2,27,350,2015,0
210,2,27,350,2016,0
210,3,22,350,1990,0
210,3,22,350,1991,0
210,3,22,350,1992,0
210,3,22,350,1993,0
210,3,22,350,1994,0
210,3,22,350,1995,0
210,3,22,350,1996,0
210,3,22,350,1997,0
210,3,22,350,1998,0
210,3,22,350,1999,0
210,3,22,350,2000,0
210,3,22,350,2001,0
210,3,22,350,2002,0
210,3,22,350,2003,0
210,3,22,350,2004,0
210,3,22,350,2005,0
210,3,22,350,2006,0
210,3,22,350,2007,0
210,3,22,350,2008,0
210,3,22,350,2009,0
210,3,22,350,2010,0
210,3,22,350,2011,0
210,3,22,350,2012,0
210,3,22,350,2013,0
210,3,22,350,2014,0
210,3,22,350,2015,0
210,3,22,350,2016,0
210,3,27,350,1990,0
210,3,27,350,1991,0
210,3,27,350,1992,0
210,3,27,350,1993,0
210,3,27,350,1994,0
210,3,27,350,1995,0
210,3,27,350,1996,0
210,3,27,350,1997,0
210,3,27,350,1998,0
210,3,27,350,1999,0
210,3,27,350,2000,0
210,3,27,350,2001,0
210,3,27,350,2002,0
210,3,27,350,2003,0
210,3,27,350,2004,0
210,3,27,350,2005,0
210,3,27,350,2006,0
210,3,27,350,2007,0
210,3,27,350,2008,0
210,3,27,350,2009,0
210,3,27,350,2010,0
210,3,27,350,2011,0
210,3,27,350,2012,0
210,3,27,350,2013,0
210,3,27,350,2014,0
210,3,27,350,2015,0
210,3,27,350,2016,0
211,1,22,350,1990,1.47
211,1,22,350,1991,0.66
211,1,22,350,1992,0.34
211,1,22,350,1993,0.18
211,1,22,350,1994,0.1
211,1,22,350,1995,0.06
211,1,22,350,1996,0
211,1,22,350,1997,0
211,1,22,350,1998,0
211,1,22,350,1999,0
211,1,22,350,2000,0
211,1,22,350,2001,0
211,1,22,350,2002,0
211,1,22,350,2003,0
211,1,22,350,2004,0
211,1,22,350,2005,0
211,1,22,350,2006,0
211,1,22,350,2007,0
211,1,22,350,2008,0
211,1,22,350,2009,0
211,1,22,350,2010,0
211,1,22,350,2011,0
211,1,22,350,2012,0
211,1,22,350,2013,0
211,1,22,350,2014,0
211,1,22,350,2015,0
211,1,22,350,2016,0
211,1,27,350,1990,1.89
211,1,27,350,1991,0.84
211,1,27,350,1992,0.44
211,1,27,350,1993,0.24
211,1,27,350,1994,0.13
211,1,27,350,1995,0.07
211,1,27,350,1996,0
211,1,27,350,1997,0
211,1,27,350,1998,0
211,1,27,350,1999,0
211,1,27,350,2000,0
211,1,27,350,2001,0
211,1,27,350,2002,0
211,1,27,350,2003,0
211,1,27,350,2004,0
211,1,27,350,2005,0
211,1,27,350,2006,0
211,1,27,350,2007,0
211,1,27,350,2008,0
211,1,27,350,2009,0
211,1,27,350,2010,0
211,1,27,350,2011,0
211,1,27,350,2012,0
211,1,27,350,2013,0
211,1,27,350,2014,0
211,1,27,350,2015,0
211,1,27,350,2016,0
211,2,22,350,1990,1.57
211,2,22,350,1991,0.67
211,2,22,350,1992,0.35
211,2,22,350,1993,0.19
211,2,22,350,1994,0.1
211,2,22,350,1995,0.06
211,2,22,350,1996,0
211,2,22,350,1997,0
211,2,22,350,1998,0
211,2,22,350,1999,0
211,2,22,350,2000,0
211,2,22,350,2001,0
211,2,22,350,2002,0
211,2,22,350,2003,0
211,2,22,350,2004,0
211,2,22,350,2005,0
211,2,22,350,2006,0
211,2,22,350,2007,0
211,2,22,350,2008,0
211,2,22,350,2009,0
211,2,22,350,2010,0
211,2,22,350,2011,0
211,2,22,350,2012,0
211,2,22,350,2013,0
211,2,22,350,2014,0
211,2,22,350,2015,0
211,2,22,350,2016,0
211,2,27,350,1990,1.99
211,2,27,350,1991,0.85
211,2,27,350,1992,0.44
211,2,27,350,1993,0.24
211,2,27,350,1994,0.13
211,2,27,350,1995,0.07
211,2,27,350,1996,0
211,2,27,350,1997,0
211,2,27,350,1998,0
211,2,27,350,1999,0
211,2,27,350,2000,0
211,2,27,350,2001,0
211,2,27,350,2002,0
211,2,27,350,2003,0
211,2,27,350,2004,0
211,2,27,350,2005,0
211,2,27,350,2006,0
211,2,27,350,2007,0
211,2,27,350,2008,0
211,2,27,350,2009,0
211,2,27,350,2010,0
211,2,27,350,2011,0
211,2,27,350,2012,0
211,2,27,350,2013,0
211,2,27,350,2014,0
211,2,27,350,2015,0
211,2,27,350,2016,0
211,3,22,350,1990,1.52
211,3,22,350,1991,0.67
211,3,22,350,1992,0.35
211,3,22,350,1993,0.19
211,3,22,350,1994,0.1
211,3,22,350,1995,0.06
211,3,22,350,1996,0
211,3,22,350,1997,0
211,3,22,350,1998,0
211,3,22,350,1999,0
211,3,22,350,2000,0
211,3,22,350,2001,0
211,3,22,350,2002,0
211,3,22,350,2003,0
211,3,22,350,2004,0
211,3,22,350,2005,0
211,3,22,350,2006,0
211,3,22,350,2007,0
211,3,22,350,2008,0
211,3,22,350,2009,0
211,3,22,350,2010,0
211,3,22,350,2011,0
211,3,22,350,2012,0
211,3,22,350,2013,0
211,3,22,350,2014,0
211,3,22,350,2015,0
211,3,22,350,2016,0
211,3,27,350,1990,1.94
211,3,27,350,1991,0.85
211,3,27,350,1992,0.44
211,3,27,350,1993,0.24
211,3,27,350,1994,0.13
211,3,27,350,1995,0.07
211,3,27,350,1996,0
211,3,27,350,1997,0
211,3,27,350,1998,0
211,3,27,350,1999,0
211,3,27,350,2000,0
211,3,27,350,2001,0
211,3,27,350,2002,0
211,3,27,350,2003,0
211,3,27,350,2004,0
211,3,27,350,2005,0
211,3,27,350,2006,0
211,3,27,350,2007,0
211,3,27,350,2008,0
211,3,27,350,2009,0
211,3,27,350,2010,0
211,3,27,350,2011,0
211,3,27,350,2012,0
211,3,27,350,2013,0
211,3,27,350,2014,0
211,3,27,350,2015,0
211,3,27,350,2016,0
212,1,22,350,1990,0
212,1,22,350,1991,0
212,1,22,350,1992,0
212,1,22,350,1993,0
212,1,22,350,1994,0
212,1,22,350,1995,0
212,1,22,350,1996,0
212,1,22,350,1997,0
212,1,22,350,1998,0
212,1,22,350,1999,0
212,1,22,350,2000,0
212,1,22,350,2001,0
212,1,22,350,2002,0
212,1,22,350,2003,0
212,1,22,350,2004,0
212,1,22,350,2005,0
212,1,22,350,2006,0
212,1,22,350,2007,0
212,1,22,350,2008,0
212,1,22,350,2009,0
212,1,22,350,2010,0
212,1,22,350,2011,0
212,1,22,350,2012,0
212,1,22,350,2013,0
212,1,22,350,2014,0
212,1,22,350,2015,0
212,1,22,350,2016,0
212,1,27,350,1990,0
212,1,27,350,1991,0
212,1,27,350,1992,0
212,1,27,350,1993,0
212,1,27,350,1994,0
212,1,27,350,1995,0
212,1,27,350,1996,0
212,1,27,350,1997,0
212,1,27,350,1998,0
212,1,27,350,1999,0
212,1,27,350,2000,0
212,1,27,350,2001,0
212,1,27,350,2002,0
212,1,27,350,2003,0
212,1,27,350,2004,0
212,1,27,350,2005,0
212,1,27,350,2006,0
212,1,27,350,2007,0
212,1,27,350,2008,0
212,1,27,350,2009,0
212,1,27,350,2010,0
212,1,27,350,2011,0
212,1,27,350,2012,0
212,1,27,350,2013,0
212,1,27,350,2014,0
212,1,27,350,2015,0
212,1,27,350,2016,0
212,2,22,350,1990,0
212,2,22,350,1991,0
212,2,22,350,1992,0
212,2,22,350,1993,0
212,2,22,350,1994,0
212,2,22,350,1995,0
212,2,22,350,1996,0
212,2,22,350,1997,0
212,2,22,350,1998,0
212,2,22,350,1999,0
212,2,22,350,2000,0
212,2,22,350,2001,0
212,2,22,350,2002,0
212,2,22,350,2003,0
212,2,22,350,2004,0
212,2,22,350,2005,0
212,2,22,350,2006,0
212,2,22,350,2007,0
212,2,22,350,2008,0
212,2,22,350,2009,0
212,2,22,350,2010,0
212,2,22,350,2011,0
212,2,22,350,2012,0
212,2,22,350,2013,0
212,2,22,350,2014,0
212,2,22,350,2015,0
212,2,22,350,2016,0
212,2,27,350,1990,0
212,2,27,350,1991,0
212,2,27,350,1992,0
212,2,27,350,1993,0
212,2,27,350,1994,0
212,2,27,350,1995,0
212,2,27,350,1996,0
212,2,27,350,1997,0
212,2,27,350,1998,0
212,2,27,350,1999,0
212,2,27,350,2000,0
212,2,27,350,2001,0
212,2,27,350,2002,0
212,2,27,350,2003,0
212,2,27,350,2004,0
212,2,27,350,2005,0
212,2,27,350,2006,0
212,2,27,350,2007,0
212,2,27,350,2008,0
212,2,27,350,2009,0
212,2,27,350,2010,0
212,2,27,350,2011,0
212,2,27,350,2012,0
212,2,27,350,2013,0
212,2,27,350,2014,0
212,2,27,350,2015,0
212,2,27,350,2016,0
212,3,22,350,1990,0
212,3,22,350,1991,0
212,3,22,350,1992,0
212,3,22,350,1993,0
212,3,22,350,1994,0
212,3,22,350,1995,0
212,3,22,350,1996,0
212,3,22,350,1997,0
212,3,22,350,1998,0
212,3,22,350,1999,0
212,3,22,350,2000,0
212,3,22,350,2001,0
212,3,22,350,2002,0
212,3,22,350,2003,0
212,3,22,350,2004,0
212,3,22,350,2005,0
212,3,22,350,2006,0
212,3,22,350,2007,0
212,3,22,350,2008,0
212,3,22,350,2009,0
212,3,22,350,2010,0
212,3,22,350,2011,0
212,3,22,350,2012,0
212,3,22,350,2013,0
212,3,22,350,2014,0
212,3,22,350,2015,0
212,3,22,350,2016,0
212,3,27,350,1990,0
212,3,27,350,1991,0
212,3,27,350,1992,0
212,3,27,350,1993,0
212,3,27,350,1994,0
212,3,27,350,1995,0
212,3,27,350,1996,0
212,3,27,350,1997,0
212,3,27,350,1998,0
212,3,27,350,1999,0
212,3,27,350,2000,0
212,3,27,350,2001,0
212,3,27,350,2002,0
212,3,27,350,2003,0
212,3,27,350,2004,0
212,3,27,350,2005,0
212,3,27,350,2006,0
212,3,27,350,2007,0
212,3,27,350,2008,0
212,3,27,350,2009,0
212,3,27,350,2010,0
212,3,27,350,2011,0
212,3,27,350,2012,0
212,3,27,350,2013,0
212,3,27,350,2014,0
212,3,27,350,2015,0
212,3,27,350,2016,0
213,1,22,350,1990,0
213,1,22,350,1991,0
213,1,22,350,1992,0
213,1,22,350,1993,0
213,1,22,350,1994,0
213,1,22,350,1995,0
213,1,22,350,1996,0
213,1,22,350,1997,0
213,1,22,350,1998,0
213,1,22,350,1999,0
213,1,22,350,2000,0
213,1,22,350,2001,0
213,1,22,350,2002,0
213,1,22,350,2003,0
213,1,22,350,2004,0
213,1,22,350,2005,0
213,1,22,350,2006,0
213,1,22,350,2007,0
213,1,22,350,2008,0
213,1,22,350,2009,0
213,1,22,350,2010,0
213,1,22,350,2011,0
213,1,22,350,2012,0
213,1,22,350,2013,0
213,1,22,350,2014,0
213,1,22,350,2015,0
213,1,22,350,2016,0
213,1,27,350,1990,0
213,1,27,350,1991,0
213,1,27,350,1992,0
213,1,27,350,1993,0
213,1,27,350,1994,0
213,1,27,350,1995,0
213,1,27,350,1996,0
213,1,27,350,1997,0
213,1,27,350,1998,0
213,1,27,350,1999,0
213,1,27,350,2000,0
213,1,27,350,2001,0
213,1,27,350,2002,0
213,1,27,350,2003,0
213,1,27,350,2004,0
213,1,27,350,2005,0
213,1,27,350,2006,0
213,1,27,350,2007,0
213,1,27,350,2008,0
213,1,27,350,2009,0
213,1,27,350,2010,0
213,1,27,350,2011,0
213,1,27,350,2012,0
213,1,27,350,2013,0
213,1,27,350,2014,0
213,1,27,350,2015,0
213,1,27,350,2016,0
213,2,22,350,1990,0
213,2,22,350,1991,0
213,2,22,350,1992,0
213,2,22,350,1993,0
213,2,22,350,1994,0
213,2,22,350,1995,0
213,2,22,350,1996,0
213,2,22,350,1997,0
213,2,22,350,1998,0
213,2,22,350,1999,0
213,2,22,350,2000,0
213,2,22,350,2001,0
213,2,22,350,2002,0
213,2,22,350,2003,0
213,2,22,350,2004,0
213,2,22,350,2005,0
213,2,22,350,2006,0
213,2,22,350,2007,0
213,2,22,350,2008,0
213,2,22,350,2009,0
213,2,22,350,2010,0
213,2,22,350,2011,0
213,2,22,350,2012,0
213,2,22,350,2013,0
213,2,22,350,2014,0
213,2,22,350,2015,0
213,2,22,350,2016,0
213,2,27,350,1990,0
213,2,27,350,1991,0
213,2,27,350,1992,0
213,2,27,350,1993,0
213,2,27,350,1994,0
213,2,27,350,1995,0
213,2,27,350,1996,0
213,2,27,350,1997,0
213,2,27,350,1998,0
213,2,27,350,1999,0
213,2,27,350,2000,0
213,2,27,350,2001,0
213,2,27,350,2002,0
213,2,27,350,2003,0
213,2,27,350,2004,0
213,2,27,350,2005,0
213,2,27,350,2006,0
213,2,27,350,2007,0
213,2,27,350,2008,0
213,2,27,350,2009,0
213,2,27,350,2010,0
213,2,27,350,2011,0
213,2,27,350,2012,0
213,2,27,350,2013,0
213,2,27,350,2014,0
213,2,27,350,2015,0
213,2,27,350,2016,0
213,3,22,350,1990,0
213,3,22,350,1991,0
213,3,22,350,1992,0
213,3,22,350,1993,0
213,3,22,350,1994,0
213,3,22,350,1995,0
213,3,22,350,1996,0
213,3,22,350,1997,0
213,3,22,350,1998,0
213,3,22,350,1999,0
213,3,22,350,2000,0
213,3,22,350,2001,0
213,3,22,350,2002,0
213,3,22,350,2003,0
213,3,22,350,2004,0
213,3,22,350,2005,0
213,3,22,350,2006,0
213,3,22,350,2007,0
213,3,22,350,2008,0
213,3,22,350,2009,0
213,3,22,350,2010,0
213,3,22,350,2011,0
213,3,22,350,2012,0
213,3,22,350,2013,0
213,3,22,350,2014,0
213,3,22,350,2015,0
213,3,22,350,2016,0
213,3,27,350,1990,0
213,3,27,350,1991,0
213,3,27,350,1992,0
213,3,27,350,1993,0
213,3,27,350,1994,0
213,3,27,350,1995,0
213,3,27,350,1996,0
213,3,27,350,1997,0
213,3,27,350,1998,0
213,3,27,350,1999,0
213,3,27,350,2000,0
213,3,27,350,2001,0
213,3,27,350,2002,0
213,3,27,350,2003,0
213,3,27,350,2004,0
213,3,27,350,2005,0
213,3,27,350,2006,0
213,3,27,350,2007,0
213,3,27,350,2008,0
213,3,27,350,2009,0
213,3,27,350,2010,0
213,3,27,350,2011,0
213,3,27,350,2012,0
213,3,27,350,2013,0
213,3,27,350,2014,0
213,3,27,350,2015,0
213,3,27,350,2016,0
214,1,22,350,1990,0.01
214,1,22,350,1991,0.01
214,1,22,350,1992,0.01
214,1,22,350,1993,0.01
214,1,22,350,1994,0.02
214,1,22,350,1995,0.02
214,1,22,350,1996,0.03
214,1,22,350,1997,0.05
214,1,22,350,1998,0.08
214,1,22,350,1999,0.13
214,1,22,350,2000,0.29
214,1,22,350,2001,0.16
214,1,22,350,2002,0.1
214,1,22,350,2003,0.06
214,1,22,350,2004,0.03
214,1,22,350,2005,0.02
214,1,22,350,2006,0.02
214,1,22,350,2007,0.02
214,1,22,350,2008,0.02
214,1,22,350,2009,0.02
214,1,22,350,2010,0.02
214,1,22,350,2011,0
214,1,22,350,2012,0
214,1,22,350,2013,0
214,1,22,350,2014,0
214,1,22,350,2015,0
214,1,22,350,2016,0
214,1,27,350,1990,0.02
214,1,27,350,1991,0.01
214,1,27,350,1992,0.01
214,1,27,350,1993,0.02
214,1,27,350,1994,0.02
214,1,27,350,1995,0.03
214,1,27,350,1996,0.04
214,1,27,350,1997,0.06
214,1,27,350,1998,0.1
214,1,27,350,1999,0.17
214,1,27,350,2000,0.36
214,1,27,350,2001,0.21
214,1,27,350,2002,0.12
214,1,27,350,2003,0.07
214,1,27,350,2004,0.04
214,1,27,350,2005,0.02
214,1,27,350,2006,0.02
214,1,27,350,2007,0.02
214,1,27,350,2008,0.02
214,1,27,350,2009,0.02
214,1,27,350,2010,0.02
214,1,27,350,2011,0
214,1,27,350,2012,0
214,1,27,350,2013,0
214,1,27,350,2014,0
214,1,27,350,2015,0
214,1,27,350,2016,0
214,2,22,350,1990,0.01
214,2,22,350,1991,0.01
214,2,22,350,1992,0.01
214,2,22,350,1993,0.01
214,2,22,350,1994,0.02
214,2,22,350,1995,0.02
214,2,22,350,1996,0.03
214,2,22,350,1997,0.05
214,2,22,350,1998,0.08
214,2,22,350,1999,0.14
214,2,22,350,2000,0.3
214,2,22,350,2001,0.17
214,2,22,350,2002,0.1
214,2,22,350,2003,0.06
214,2,22,350,2004,0.03
214,2,22,350,2005,0.02
214,2,22,350,2006,0.02
214,2,22,350,2007,0.02
214,2,22,350,2008,0.02
214,2,22,350,2009,0.02
214,2,22,350,2010,0.02
214,2,22,350,2011,0
214,2,22,350,2012,0
214,2,22,350,2013,0
214,2,22,350,2014,0
214,2,22,350,2015,0
214,2,22,350,2016,0
214,2,27,350,1990,0.02
214,2,27,350,1991,0.01
214,2,27,350,1992,0.02
214,2,27,350,1993,0.02
214,2,27,350,1994,0.02
214,2,27,350,1995,0.03
214,2,27,350,1996,0.04
214,2,27,350,1997,0.06
214,2,27,350,1998,0.1
214,2,27,350,1999,0.17
214,2,27,350,2000,0.36
214,2,27,350,2001,0.21
214,2,27,350,2002,0.12
214,2,27,350,2003,0.07
214,2,27,350,2004,0.04
214,2,27,350,2005,0.02
214,2,27,350,2006,0.02
214,2,27,350,2007,0.02
214,2,27,350,2008,0.02
214,2,27,350,2009,0.02
214,2,27,350,2010,0.02
214,2,27,350,2011,0
214,2,27,350,2012,0
214,2,27,350,2013,0
214,2,27,350,2014,0
214,2,27,350,2015,0
214,2,27,350,2016,0
214,3,22,350,1990,0.01
214,3,22,350,1991,0.01
214,3,22,350,1992,0.01
214,3,22,350,1993,0.01
214,3,22,350,1994,0.02
214,3,22,350,1995,0.02
214,3,22,350,1996,0.03
214,3,22,350,1997,0.05
214,3,22,350,1998,0.08
214,3,22,350,1999,0.14
214,3,22,350,2000,0.29
214,3,22,350,2001,0.17
214,3,22,350,2002,0.1
214,3,22,350,2003,0.06
214,3,22,350,2004,0.03
214,3,22,350,2005,0.02
214,3,22,350,2006,0.02
214,3,22,350,2007,0.02
214,3,22,350,2008,0.02
214,3,22,350,2009,0.02
214,3,22,350,2010,0.02
214,3,22,350,2011,0
214,3,22,350,2012,0
214,3,22,350,2013,0
214,3,22,350,2014,0
214,3,22,350,2015,0
214,3,22,350,2016,0
214,3,27,350,1990,0.02
214,3,27,350,1991,0.01
214,3,27,350,1992,0.01
214,3,27,350,1993,0.02
214,3,27,350,1994,0.02
214,3,27,350,1995,0.03
214,3,27,350,1996,0.04
214,3,27,350,1997,0.06
214,3,27,350,1998,0.1
214,3,27,350,1999,0.17
214,3,27,350,2000,0.36
214,3,27,350,2001,0.21
214,3,27,350,2002,0.12
214,3,27,350,2003,0.07
214,3,27,350,2004,0.04
214,3,27,350,2005,0.02
214,3,27,350,2006,0.02
214,3,27,350,2007,0.02
214,3,27,350,2008,0.02
214,3,27,350,2009,0.02
214,3,27,350,2010,0.02
214,3,27,350,2011,0
214,3,27,350,2012,0
214,3,27,350,2013,0
214,3,27,350,2014,0
214,3,27,350,2015,0
214,3,27,350,2016,0
215,1,22,350,1990,0
215,1,22,350,1991,0
215,1,22,350,1992,0
215,1,22,350,1993,0
215,1,22,350,1994,0
215,1,22,350,1995,0
215,1,22,350,1996,0
215,1,22,350,1997,0
215,1,22,350,1998,0
215,1,22,350,1999,0
215,1,22,350,2000,0
215,1,22,350,2001,0
215,1,22,350,2002,0
215,1,22,350,2003,0
215,1,22,350,2004,0
215,1,22,350,2005,0
215,1,22,350,2006,0
215,1,22,350,2007,0
215,1,22,350,2008,0
215,1,22,350,2009,0
215,1,22,350,2010,0
215,1,22,350,2011,0
215,1,22,350,2012,0
215,1,22,350,2013,0
215,1,22,350,2014,0
215,1,22,350,2015,0
215,1,22,350,2016,0
215,1,27,350,1990,0
215,1,27,350,1991,0
215,1,27,350,1992,0
215,1,27,350,1993,0
215,1,27,350,1994,0
215,1,27,350,1995,0
215,1,27,350,1996,0
215,1,27,350,1997,0
215,1,27,350,1998,0
215,1,27,350,1999,0
215,1,27,350,2000,0
215,1,27,350,2001,0
215,1,27,350,2002,0
215,1,27,350,2003,0
215,1,27,350,2004,0
215,1,27,350,2005,0
215,1,27,350,2006,0
215,1,27,350,2007,0
215,1,27,350,2008,0
215,1,27,350,2009,0
215,1,27,350,2010,0
215,1,27,350,2011,0
215,1,27,350,2012,0
215,1,27,350,2013,0
215,1,27,350,2014,0
215,1,27,350,2015,0
215,1,27,350,2016,0
215,2,22,350,1990,0
215,2,22,350,1991,0
215,2,22,350,1992,0
215,2,22,350,1993,0
215,2,22,350,1994,0
215,2,22,350,1995,0
215,2,22,350,1996,0
215,2,22,350,1997,0
215,2,22,350,1998,0
215,2,22,350,1999,0
215,2,22,350,2000,0
215,2,22,350,2001,0
215,2,22,350,2002,0
215,2,22,350,2003,0
215,2,22,350,2004,0
215,2,22,350,2005,0
215,2,22,350,2006,0
215,2,22,350,2007,0
215,2,22,350,2008,0
215,2,22,350,2009,0
215,2,22,350,2010,0
215,2,22,350,2011,0
215,2,22,350,2012,0
215,2,22,350,2013,0
215,2,22,350,2014,0
215,2,22,350,2015,0
215,2,22,350,2016,0
215,2,27,350,1990,0
215,2,27,350,1991,0
215,2,27,350,1992,0
215,2,27,350,1993,0
215,2,27,350,1994,0
215,2,27,350,1995,0
215,2,27,350,1996,0
215,2,27,350,1997,0
215,2,27,350,1998,0
215,2,27,350,1999,0
215,2,27,350,2000,0
215,2,27,350,2001,0
215,2,27,350,2002,0
215,2,27,350,2003,0
215,2,27,350,2004,0
215,2,27,350,2005,0
215,2,27,350,2006,0
215,2,27,350,2007,0
215,2,27,350,2008,0
215,2,27,350,2009,0
215,2,27,350,2010,0
215,2,27,350,2011,0
215,2,27,350,2012,0
215,2,27,350,2013,0
215,2,27,350,2014,0
215,2,27,350,2015,0
215,2,27,350,2016,0
215,3,22,350,1990,0
215,3,22,350,1991,0
215,3,22,350,1992,0
215,3,22,350,1993,0
215,3,22,350,1994,0
215,3,22,350,1995,0
215,3,22,350,1996,0
215,3,22,350,1997,0
215,3,22,350,1998,0
215,3,22,350,1999,0
215,3,22,350,2000,0
215,3,22,350,2001,0
215,3,22,350,2002,0
215,3,22,350,2003,0
215,3,22,350,2004,0
215,3,22,350,2005,0
215,3,22,350,2006,0
215,3,22,350,2007,0
215,3,22,350,2008,0
215,3,22,350,2009,0
215,3,22,350,2010,0
215,3,22,350,2011,0
215,3,22,350,2012,0
215,3,22,350,2013,0
215,3,22,350,2014,0
215,3,22,350,2015,0
215,3,22,350,2016,0
215,3,27,350,1990,0
215,3,27,350,1991,0
215,3,27,350,1992,0
215,3,27,350,1993,0
215,3,27,350,1994,0
215,3,27,350,1995,0
215,3,27,350,1996,0
215,3,27,350,1997,0
215,3,27,350,1998,0
215,3,27,350,1999,0
215,3,27,350,2000,0
215,3,27,350,2001,0
215,3,27,350,2002,0
215,3,27,350,2003,0
215,3,27,350,2004,0
215,3,27,350,2005,0
215,3,27,350,2006,0
215,3,27,350,2007,0
215,3,27,350,2008,0
215,3,27,350,2009,0
215,3,27,350,2010,0
215,3,27,350,2011,0
215,3,27,350,2012,0
215,3,27,350,2013,0
215,3,27,350,2014,0
215,3,27,350,2015,0
215,3,27,350,2016,0
216,1,22,350,1990,0
216,1,22,350,1991,0
216,1,22,350,1992,0
216,1,22,350,1993,0
216,1,22,350,1994,0
216,1,22,350,1995,0
216,1,22,350,1996,0
216,1,22,350,1997,0
216,1,22,350,1998,0
216,1,22,350,1999,0
216,1,22,350,2000,0
216,1,22,350,2001,0
216,1,22,350,2002,0
216,1,22,350,2003,0
216,1,22,350,2004,0
216,1,22,350,2005,0
216,1,22,350,2006,0
216,1,22,350,2007,0
216,1,22,350,2008,0
216,1,22,350,2009,0
216,1,22,350,2010,0
216,1,22,350,2011,0
216,1,22,350,2012,0
216,1,22,350,2013,0
216,1,22,350,2014,0
216,1,22,350,2015,0
216,1,22,350,2016,0
216,1,27,350,1990,0
216,1,27,350,1991,0
216,1,27,350,1992,0
216,1,27,350,1993,0
216,1,27,350,1994,0
216,1,27,350,1995,0
216,1,27,350,1996,0
216,1,27,350,1997,0
216,1,27,350,1998,0
216,1,27,350,1999,0
216,1,27,350,2000,0
216,1,27,350,2001,0
216,1,27,350,2002,0
216,1,27,350,2003,0
216,1,27,350,2004,0
216,1,27,350,2005,0
216,1,27,350,2006,0
216,1,27,350,2007,0
216,1,27,350,2008,0
216,1,27,350,2009,0
216,1,27,350,2010,0
216,1,27,350,2011,0
216,1,27,350,2012,0
216,1,27,350,2013,0
216,1,27,350,2014,0
216,1,27,350,2015,0
216,1,27,350,2016,0
216,2,22,350,1990,0
216,2,22,350,1991,0
216,2,22,350,1992,0
216,2,22,350,1993,0
216,2,22,350,1994,0
216,2,22,350,1995,0
216,2,22,350,1996,0
216,2,22,350,1997,0
216,2,22,350,1998,0
216,2,22,350,1999,0
216,2,22,350,2000,0
216,2,22,350,2001,0
216,2,22,350,2002,0
216,2,22,350,2003,0
216,2,22,350,2004,0
216,2,22,350,2005,0
216,2,22,350,2006,0
216,2,22,350,2007,0
216,2,22,350,2008,0
216,2,22,350,2009,0
216,2,22,350,2010,0
216,2,22,350,2011,0
216,2,22,350,2012,0
216,2,22,350,2013,0
216,2,22,350,2014,0
216,2,22,350,2015,0
216,2,22,350,2016,0
216,2,27,350,1990,0
216,2,27,350,1991,0
216,2,27,350,1992,0
216,2,27,350,1993,0
216,2,27,350,1994,0
216,2,27,350,1995,0
216,2,27,350,1996,0
216,2,27,350,1997,0
216,2,27,350,1998,0
216,2,27,350,1999,0
216,2,27,350,2000,0
216,2,27,350,2001,0
216,2,27,350,2002,0
216,2,27,350,2003,0
216,2,27,350,2004,0
216,2,27,350,2005,0
216,2,27,350,2006,0
216,2,27,350,2007,0
216,2,27,350,2008,0
216,2,27,350,2009,0
216,2,27,350,2010,0
216,2,27,350,2011,0
216,2,27,350,2012,0
216,2,27,350,2013,0
216,2,27,350,2014,0
216,2,27,350,2015,0
216,2,27,350,2016,0
216,3,22,350,1990,0
216,3,22,350,1991,0
216,3,22,350,1992,0
216,3,22,350,1993,0
216,3,22,350,1994,0
216,3,22,350,1995,0
216,3,22,350,1996,0
216,3,22,350,1997,0
216,3,22,350,1998,0
216,3,22,350,1999,0
216,3,22,350,2000,0
216,3,22,350,2001,0
216,3,22,350,2002,0
216,3,22,350,2003,0
216,3,22,350,2004,0
216,3,22,350,2005,0
216,3,22,350,2006,0
216,3,22,350,2007,0
216,3,22,350,2008,0
216,3,22,350,2009,0
216,3,22,350,2010,0
216,3,22,350,2011,0
216,3,22,350,2012,0
216,3,22,350,2013,0
216,3,22,350,2014,0
216,3,22,350,2015,0
216,3,22,350,2016,0
216,3,27,350,1990,0
216,3,27,350,1991,0
216,3,27,350,1992,0
216,3,27,350,1993,0
216,3,27,350,1994,0
216,3,27,350,1995,0
216,3,27,350,1996,0
216,3,27,350,1997,0
216,3,27,350,1998,0
216,3,27,350,1999,0
216,3,27,350,2000,0
216,3,27,350,2001,0
216,3,27,350,2002,0
216,3,27,350,2003,0
216,3,27,350,2004,0
216,3,27,350,2005,0
216,3,27,350,2006,0
216,3,27,350,2007,0
216,3,27,350,2008,0
216,3,27,350,2009,0
216,3,27,350,2010,0
216,3,27,350,2011,0
216,3,27,350,2012,0
216,3,27,350,2013,0
216,3,27,350,2014,0
216,3,27,350,2015,0
216,3,27,350,2016,0
217,1,22,350,1990,0
217,1,22,350,1991,0
217,1,22,350,1992,0
217,1,22,350,1993,0
217,1,22,350,1994,0
217,1,22,350,1995,0
217,1,22,350,1996,0
217,1,22,350,1997,0
217,1,22,350,1998,0
217,1,22,350,1999,0
217,1,22,350,2000,0
217,1,22,350,2001,0
217,1,22,350,2002,0
217,1,22,350,2003,0
217,1,22,350,2004,0
217,1,22,350,2005,0
217,1,22,350,2006,0
217,1,22,350,2007,0
217,1,22,350,2008,0
217,1,22,350,2009,0
217,1,22,350,2010,0
217,1,22,350,2011,0
217,1,22,350,2012,0
217,1,22,350,2013,0
217,1,22,350,2014,0
217,1,22,350,2015,0
217,1,22,350,2016,0
217,1,27,350,1990,0
217,1,27,350,1991,0
217,1,27,350,1992,0
217,1,27,350,1993,0
217,1,27,350,1994,0
217,1,27,350,1995,0
217,1,27,350,1996,0
217,1,27,350,1997,0
217,1,27,350,1998,0
217,1,27,350,1999,0
217,1,27,350,2000,0
217,1,27,350,2001,0
217,1,27,350,2002,0
217,1,27,350,2003,0
217,1,27,350,2004,0
217,1,27,350,2005,0
217,1,27,350,2006,0
217,1,27,350,2007,0
217,1,27,350,2008,0
217,1,27,350,2009,0
217,1,27,350,2010,0
217,1,27,350,2011,0
217,1,27,350,2012,0
217,1,27,350,2013,0
217,1,27,350,2014,0
217,1,27,350,2015,0
217,1,27,350,2016,0
217,2,22,350,1990,0
217,2,22,350,1991,0
217,2,22,350,1992,0
217,2,22,350,1993,0
217,2,22,350,1994,0
217,2,22,350,1995,0
217,2,22,350,1996,0
217,2,22,350,1997,0
217,2,22,350,1998,0
217,2,22,350,1999,0
217,2,22,350,2000,0
217,2,22,350,2001,0
217,2,22,350,2002,0
217,2,22,350,2003,0
217,2,22,350,2004,0
217,2,22,350,2005,0
217,2,22,350,2006,0
217,2,22,350,2007,0
217,2,22,350,2008,0
217,2,22,350,2009,0
217,2,22,350,2010,0
217,2,22,350,2011,0
217,2,22,350,2012,0
217,2,22,350,2013,0
217,2,22,350,2014,0
217,2,22,350,2015,0
217,2,22,350,2016,0
217,2,27,350,1990,0
217,2,27,350,1991,0
217,2,27,350,1992,0
217,2,27,350,1993,0
217,2,27,350,1994,0
217,2,27,350,1995,0
217,2,27,350,1996,0
217,2,27,350,1997,0
217,2,27,350,1998,0
217,2,27,350,1999,0
217,2,27,350,2000,0
217,2,27,350,2001,0
217,2,27,350,2002,0
217,2,27,350,2003,0
217,2,27,350,2004,0
217,2,27,350,2005,0
217,2,27,350,2006,0
217,2,27,350,2007,0
217,2,27,350,2008,0
217,2,27,350,2009,0
217,2,27,350,2010,0
217,2,27,350,2011,0
217,2,27,350,2012,0
217,2,27,350,2013,0
217,2,27,350,2014,0
217,2,27,350,2015,0
217,2,27,350,2016,0
217,3,22,350,1990,0
217,3,22,350,1991,0
217,3,22,350,1992,0
217,3,22,350,1993,0
217,3,22,350,1994,0
217,3,22,350,1995,0
217,3,22,350,1996,0
217,3,22,350,1997,0
217,3,22,350,1998,0
217,3,22,350,1999,0
217,3,22,350,2000,0
217,3,22,350,2001,0
217,3,22,350,2002,0
217,3,22,350,2003,0
217,3,22,350,2004,0
217,3,22,350,2005,0
217,3,22,350,2006,0
217,3,22,350,2007,0
217,3,22,350,2008,0
217,3,22,350,2009,0
217,3,22,350,2010,0
217,3,22,350,2011,0
217,3,22,350,2012,0
217,3,22,350,2013,0
217,3,22,350,2014,0
217,3,22,350,2015,0
217,3,22,350,2016,0
217,3,27,350,1990,0
217,3,27,350,1991,0
217,3,27,350,1992,0
217,3,27,350,1993,0
217,3,27,350,1994,0
217,3,27,350,1995,0
217,3,27,350,1996,0
217,3,27,350,1997,0
217,3,27,350,1998,0
217,3,27,350,1999,0
217,3,27,350,2000,0
217,3,27,350,2001,0
217,3,27,350,2002,0
217,3,27,350,2003,0
217,3,27,350,2004,0
217,3,27,350,2005,0
217,3,27,350,2006,0
217,3,27,350,2007,0
217,3,27,350,2008,0
217,3,27,350,2009,0
217,3,27,350,2010,0
217,3,27,350,2011,0
217,3,27,350,2012,0
217,3,27,350,2013,0
217,3,27,350,2014,0
217,3,27,350,2015,0
217,3,27,350,2016,0
218,1,22,350,1990,0.03
218,1,22,350,1991,0.03
218,1,22,350,1992,0.03
218,1,22,350,1993,0.03
218,1,22,350,1994,0.03
218,1,22,350,1995,0.04
218,1,22,350,1996,0
218,1,22,350,1997,0
218,1,22,350,1998,0
218,1,22,350,1999,0
218,1,22,350,2000,0
218,1,22,350,2001,0
218,1,22,350,2002,0
218,1,22,350,2003,0
218,1,22,350,2004,0
218,1,22,350,2005,0
218,1,22,350,2006,0
218,1,22,350,2007,0
218,1,22,350,2008,0
218,1,22,350,2009,0
218,1,22,350,2010,0
218,1,22,350,2011,0
218,1,22,350,2012,0
218,1,22,350,2013,0
218,1,22,350,2014,0
218,1,22,350,2015,0
218,1,22,350,2016,0
218,1,27,350,1990,0.04
218,1,27,350,1991,0.04
218,1,27,350,1992,0.04
218,1,27,350,1993,0.04
218,1,27,350,1994,0.04
218,1,27,350,1995,0.04
218,1,27,350,1996,0
218,1,27,350,1997,0
218,1,27,350,1998,0
218,1,27,350,1999,0
218,1,27,350,2000,0
218,1,27,350,2001,0
218,1,27,350,2002,0
218,1,27,350,2003,0
218,1,27,350,2004,0
218,1,27,350,2005,0
218,1,27,350,2006,0
218,1,27,350,2007,0
218,1,27,350,2008,0
218,1,27,350,2009,0
218,1,27,350,2010,0
218,1,27,350,2011,0
218,1,27,350,2012,0
218,1,27,350,2013,0
218,1,27,350,2014,0
218,1,27,350,2015,0
218,1,27,350,2016,0
218,2,22,350,1990,0.03
218,2,22,350,1991,0.03
218,2,22,350,1992,0.03
218,2,22,350,1993,0.03
218,2,22,350,1994,0.03
218,2,22,350,1995,0.04
218,2,22,350,1996,0
218,2,22,350,1997,0
218,2,22,350,1998,0
218,2,22,350,1999,0
218,2,22,350,2000,0
218,2,22,350,2001,0
218,2,22,350,2002,0
218,2,22,350,2003,0
218,2,22,350,2004,0
218,2,22,350,2005,0
218,2,22,350,2006,0
218,2,22,350,2007,0
218,2,22,350,2008,0
218,2,22,350,2009,0
218,2,22,350,2010,0
218,2,22,350,2011,0
218,2,22,350,2012,0
218,2,22,350,2013,0
218,2,22,350,2014,0
218,2,22,350,2015,0
218,2,22,350,2016,0
218,2,27,350,1990,0.04
218,2,27,350,1991,0.04
218,2,27,350,1992,0.04
218,2,27,350,1993,0.04
218,2,27,350,1994,0.04
218,2,27,350,1995,0.04
218,2,27,350,1996,0
218,2,27,350,1997,0
218,2,27,350,1998,0
218,2,27,350,1999,0
218,2,27,350,2000,0
218,2,27,350,2001,0
218,2,27,350,2002,0
218,2,27,350,2003,0
218,2,27,350,2004,0
218,2,27,350,2005,0
218,2,27,350,2006,0
218,2,27,350,2007,0
218,2,27,350,2008,0
218,2,27,350,2009,0
218,2,27,350,2010,0
218,2,27,350,2011,0
218,2,27,350,2012,0
218,2,27,350,2013,0
218,2,27,350,2014,0
218,2,27,350,2015,0
218,2,27,350,2016,0
218,3,22,350,1990,0.03
218,3,22,350,1991,0.03
218,3,22,350,1992,0.03
218,3,22,350,1993,0.03
218,3,22,350,1994,0.03
218,3,22,350,1995,0.04
218,3,22,350,1996,0
218,3,22,350,1997,0
218,3,22,350,1998,0
218,3,22,350,1999,0
218,3,22,350,2000,0
218,3,22,350,2001,0
218,3,22,350,2002,0
218,3,22,350,2003,0
218,3,22,350,2004,0
218,3,22,350,2005,0
218,3,22,350,2006,0
218,3,22,350,2007,0
218,3,22,350,2008,0
218,3,22,350,2009,0
218,3,22,350,2010,0
218,3,22,350,2011,0
218,3,22,350,2012,0
218,3,22,350,2013,0
218,3,22,350,2014,0
218,3,22,350,2015,0
218,3,22,350,2016,0
218,3,27,350,1990,0.04
218,3,27,350,1991,0.04
218,3,27,350,1992,0.04
218,3,27,350,1993,0.04
218,3,27,350,1994,0.04
218,3,27,350,1995,0.04
218,3,27,350,1996,0
218,3,27,350,1997,0
218,3,27,350,1998,0
218,3,27,350,1999,0
218,3,27,350,2000,0
218,3,27,350,2001,0
218,3,27,350,2002,0
218,3,27,350,2003,0
218,3,27,350,2004,0
218,3,27,350,2005,0
218,3,27,350,2006,0
218,3,27,350,2007,0
218,3,27,350,2008,0
218,3,27,350,2009,0
218,3,27,350,2010,0
218,3,27,350,2011,0
218,3,27,350,2012,0
218,3,27,350,2013,0
218,3,27,350,2014,0
218,3,27,350,2015,0
218,3,27,350,2016,0
298,1,22,350,1990,0
298,1,22,350,1991,0
298,1,22,350,1992,0
298,1,22,350,1993,0
298,1,22,350,1994,0
298,1,22,350,1995,0
298,1,22,350,1996,0
298,1,22,350,1997,0
298,1,22,350,1998,0
298,1,22,350,1999,0
298,1,22,350,2000,0
298,1,22,350,2001,0
298,1,22,350,2002,0
298,1,22,350,2003,0
298,1,22,350,2004,0
298,1,22,350,2005,0
298,1,22,350,2006,0
298,1,22,350,2007,0
298,1,22,350,2008,0
298,1,22,350,2009,0
298,1,22,350,2010,0
298,1,22,350,2011,0
298,1,22,350,2012,0
298,1,22,350,2013,0
298,1,22,350,2014,0
298,1,22,350,2015,0
298,1,22,350,2016,0
298,1,27,350,1990,0
298,1,27,350,1991,0
298,1,27,350,1992,0
298,1,27,350,1993,0
298,1,27,350,1994,0
298,1,27,350,1995,0
298,1,27,350,1996,0
298,1,27,350,1997,0
298,1,27,350,1998,0
298,1,27,350,1999,0
298,1,27,350,2000,0
298,1,27,350,2001,0
298,1,27,350,2002,0
298,1,27,350,2003,0
298,1,27,350,2004,0
298,1,27,350,2005,0
298,1,27,350,2006,0
298,1,27,350,2007,0
298,1,27,350,2008,0
298,1,27,350,2009,0
298,1,27,350,2010,0
298,1,27,350,2011,0
298,1,27,350,2012,0
298,1,27,350,2013,0
298,1,27,350,2014,0
298,1,27,350,2015,0
298,1,27,350,2016,0
298,2,22,350,1990,0
298,2,22,350,1991,0
298,2,22,350,1992,0
298,2,22,350,1993,0
298,2,22,350,1994,0
298,2,22,350,1995,0
298,2,22,350,1996,0
298,2,22,350,1997,0
298,2,22,350,1998,0
298,2,22,350,1999,0
298,2,22,350,2000,0
298,2,22,350,2001,0
298,2,22,350,2002,0
298,2,22,350,2003,0
298,2,22,350,2004,0
298,2,22,350,2005,0
298,2,22,350,2006,0
298,2,22,350,2007,0
298,2,22,350,2008,0
298,2,22,350,2009,0
298,2,22,350,2010,0
298,2,22,350,2011,0
298,2,22,350,2012,0
298,2,22,350,2013,0
298,2,22,350,2014,0
298,2,22,350,2015,0
298,2,22,350,2016,0
298,2,27,350,1990,0
298,2,27,350,1991,0
298,2,27,350,1992,0
298,2,27,350,1993,0
298,2,27,350,1994,0
298,2,27,350,1995,0
298,2,27,350,1996,0
298,2,27,350,1997,0
298,2,27,350,1998,0
298,2,27,350,1999,0
298,2,27,350,2000,0
298,2,27,350,2001,0
298,2,27,350,2002,0
298,2,27,350,2003,0
298,2,27,350,2004,0
298,2,27,350,2005,0
298,2,27,350,2006,0
298,2,27,350,2007,0
298,2,27,350,2008,0
298,2,27,350,2009,0
298,2,27,350,2010,0
298,2,27,350,2011,0
298,2,27,350,2012,0
298,2,27,350,2013,0
298,2,27,350,2014,0
298,2,27,350,2015,0
298,2,27,350,2016,0
298,3,22,350,1990,0
298,3,22,350,1991,0
298,3,22,350,1992,0
298,3,22,350,1993,0
298,3,22,350,1994,0
298,3,22,350,1995,0
298,3,22,350,1996,0
298,3,22,350,1997,0
298,3,22,350,1998,0
298,3,22,350,1999,0
298,3,22,350,2000,0
298,3,22,350,2001,0
298,3,22,350,2002,0
298,3,22,350,2003,0
298,3,22,350,2004,0
298,3,22,350,2005,0
298,3,22,350,2006,0
298,3,22,350,2007,0
298,3,22,350,2008,0
298,3,22,350,2009,0
298,3,22,350,2010,0
298,3,22,350,2011,0
298,3,22,350,2012,0
298,3,22,350,2013,0
298,3,22,350,2014,0
298,3,22,350,2015,0
298,3,22,350,2016,0
298,3,27,350,1990,0
298,3,27,350,1991,0
298,3,27,350,1992,0
298,3,27,350,1993,0
298,3,27,350,1994,0
298,3,27,350,1995,0
298,3,27,350,1996,0
298,3,27,350,1997,0
298,3,27,350,1998,0
298,3,27,350,1999,0
298,3,27,350,2000,0
298,3,27,350,2001,0
298,3,27,350,2002,0
298,3,27,350,2003,0
298,3,27,350,2004,0
298,3,27,350,2005,0
298,3,27,350,2006,0
298,3,27,350,2007,0
298,3,27,350,2008,0
298,3,27,350,2009,0
298,3,27,350,2010,0
298,3,27,350,2011,0
298,3,27,350,2012,0
298,3,27,350,2013,0
298,3,27,350,2014,0
298,3,27,350,2015,0
298,3,27,350,2016,0
305,1,22,350,1990,0
305,1,22,350,1991,0
305,1,22,350,1992,0
305,1,22,350,1993,0
305,1,22,350,1994,0
305,1,22,350,1995,0
305,1,22,350,1996,0
305,1,22,350,1997,0
305,1,22,350,1998,0
305,1,22,350,1999,0
305,1,22,350,2000,0
305,1,22,350,2001,0
305,1,22,350,2002,0
305,1,22,350,2003,0
305,1,22,350,2004,0
305,1,22,350,2005,0
305,1,22,350,2006,0
305,1,22,350,2007,0
305,1,22,350,2008,0
305,1,22,350,2009,0
305,1,22,350,2010,0
305,1,22,350,2011,0
305,1,22,350,2012,0
305,1,22,350,2013,0
305,1,22,350,2014,0
305,1,22,350,2015,0
305,1,22,350,2016,0
305,1,27,350,1990,0
305,1,27,350,1991,0
305,1,27,350,1992,0
305,1,27,350,1993,0
305,1,27,350,1994,0
305,1,27,350,1995,0
305,1,27,350,1996,0
305,1,27,350,1997,0
305,1,27,350,1998,0
305,1,27,350,1999,0
305,1,27,350,2000,0
305,1,27,350,2001,0
305,1,27,350,2002,0
305,1,27,350,2003,0
305,1,27,350,2004,0
305,1,27,350,2005,0
305,1,27,350,2006,0
305,1,27,350,2007,0
305,1,27,350,2008,0
305,1,27,350,2009,0
305,1,27,350,2010,0
305,1,27,350,2011,0
305,1,27,350,2012,0
305,1,27,350,2013,0
305,1,27,350,2014,0
305,1,27,350,2015,0
305,1,27,350,2016,0
305,2,22,350,1990,0
305,2,22,350,1991,0
305,2,22,350,1992,0
305,2,22,350,1993,0
305,2,22,350,1994,0
305,2,22,350,1995,0
305,2,22,350,1996,0
305,2,22,350,1997,0
305,2,22,350,1998,0
305,2,22,350,1999,0
305,2,22,350,2000,0
305,2,22,350,2001,0
305,2,22,350,2002,0
305,2,22,350,2003,0
305,2,22,350,2004,0
305,2,22,350,2005,0
305,2,22,350,2006,0
305,2,22,350,2007,0
305,2,22,350,2008,0
305,2,22,350,2009,0
305,2,22,350,2010,0
305,2,22,350,2011,0
305,2,22,350,2012,0
305,2,22,350,2013,0
305,2,22,350,2014,0
305,2,22,350,2015,0
305,2,22,350,2016,0
305,2,27,350,1990,0
305,2,27,350,1991,0
305,2,27,350,1992,0
305,2,27,350,1993,0
305,2,27,350,1994,0
305,2,27,350,1995,0
305,2,27,350,1996,0
305,2,27,350,1997,0
305,2,27,350,1998,0
305,2,27,350,1999,0
305,2,27,350,2000,0
305,2,27,350,2001,0
305,2,27,350,2002,0
305,2,27,350,2003,0
305,2,27,350,2004,0
305,2,27,350,2005,0
305,2,27,350,2006,0
305,2,27,350,2007,0
305,2,27,350,2008,0
305,2,27,350,2009,0
305,2,27,350,2010,0
305,2,27,350,2011,0
305,2,27,350,2012,0
305,2,27,350,2013,0
305,2,27,350,2014,0
305,2,27,350,2015,0
305,2,27,350,2016,0
305,3,22,350,1990,0
305,3,22,350,1991,0
305,3,22,350,1992,0
305,3,22,350,1993,0
305,3,22,350,1994,0
305,3,22,350,1995,0
305,3,22,350,1996,0
305,3,22,350,1997,0
305,3,22,350,1998,0
305,3,22,350,1999,0
305,3,22,350,2000,0
305,3,22,350,2001,0
305,3,22,350,2002,0
305,3,22,350,2003,0
305,3,22,350,2004,0
305,3,22,350,2005,0
305,3,22,350,2006,0
305,3,22,350,2007,0
305,3,22,350,2008,0
305,3,22,350,2009,0
305,3,22,350,2010,0
305,3,22,350,2011,0
305,3,22,350,2012,0
305,3,22,350,2013,0
305,3,22,350,2014,0
305,3,22,350,2015,0
305,3,22,350,2016,0
305,3,27,350,1990,0
305,3,27,350,1991,0
305,3,27,350,1992,0
305,3,27,350,1993,0
305,3,27,350,1994,0
305,3,27,350,1995,0
305,3,27,350,1996,0
305,3,27,350,1997,0
305,3,27,350,1998,0
305,3,27,350,1999,0
305,3,27,350,2000,0
305,3,27,350,2001,0
305,3,27,350,2002,0
305,3,27,350,2003,0
305,3,27,350,2004,0
305,3,27,350,2005,0
305,3,27,350,2006,0
305,3,27,350,2007,0
305,3,27,350,2008,0
305,3,27,350,2009,0
305,3,27,350,2010,0
305,3,27,350,2011,0
305,3,27,350,2012,0
305,3,27,350,2013,0
305,3,27,350,2014,0
305,3,27,350,2015,0
305,3,27,350,2016,0
349,1,22,350,1990,0
349,1,22,350,1991,0
349,1,22,350,1992,0
349,1,22,350,1993,0
349,1,22,350,1994,0
349,1,22,350,1995,0
349,1,22,350,1996,0
349,1,22,350,1997,0
349,1,22,350,1998,0
349,1,22,350,1999,0
349,1,22,350,2000,0
349,1,22,350,2001,0
349,1,22,350,2002,0
349,1,22,350,2003,0
349,1,22,350,2004,0
349,1,22,350,2005,0
349,1,22,350,2006,0
349,1,22,350,2007,0
349,1,22,350,2008,0
349,1,22,350,2009,0
349,1,22,350,2010,0
349,1,22,350,2011,0
349,1,22,350,2012,0
349,1,22,350,2013,0
349,1,22,350,2014,0
349,1,22,350,2015,0
349,1,22,350,2016,0
349,1,27,350,1990,0
349,1,27,350,1991,0
349,1,27,350,1992,0
349,1,27,350,1993,0
349,1,27,350,1994,0
349,1,27,350,1995,0
349,1,27,350,1996,0
349,1,27,350,1997,0
349,1,27,350,1998,0
349,1,27,350,1999,0
349,1,27,350,2000,0
349,1,27,350,2001,0
349,1,27,350,2002,0
349,1,27,350,2003,0
349,1,27,350,2004,0
349,1,27,350,2005,0
349,1,27,350,2006,0
349,1,27,350,2007,0
349,1,27,350,2008,0
349,1,27,350,2009,0
349,1,27,350,2010,0
349,1,27,350,2011,0
349,1,27,350,2012,0
349,1,27,350,2013,0
349,1,27,350,2014,0
349,1,27,350,2015,0
349,1,27,350,2016,0
349,2,22,350,1990,0
349,2,22,350,1991,0
349,2,22,350,1992,0
349,2,22,350,1993,0
349,2,22,350,1994,0
349,2,22,350,1995,0
349,2,22,350,1996,0
349,2,22,350,1997,0
349,2,22,350,1998,0
349,2,22,350,1999,0
349,2,22,350,2000,0
349,2,22,350,2001,0
349,2,22,350,2002,0
349,2,22,350,2003,0
349,2,22,350,2004,0
349,2,22,350,2005,0
349,2,22,350,2006,0
349,2,22,350,2007,0
349,2,22,350,2008,0
349,2,22,350,2009,0
349,2,22,350,2010,0
349,2,22,350,2011,0
349,2,22,350,2012,0
349,2,22,350,2013,0
349,2,22,350,2014,0
349,2,22,350,2015,0
349,2,22,350,2016,0
349,2,27,350,1990,0
349,2,27,350,1991,0
349,2,27,350,1992,0
349,2,27,350,1993,0
349,2,27,350,1994,0
349,2,27,350,1995,0
349,2,27,350,1996,0
349,2,27,350,1997,0
349,2,27,350,1998,0
349,2,27,350,1999,0
349,2,27,350,2000,0
349,2,27,350,2001,0
349,2,27,350,2002,0
349,2,27,350,2003,0
349,2,27,350,2004,0
349,2,27,350,2005,0
349,2,27,350,2006,0
349,2,27,350,2007,0
349,2,27,350,2008,0
349,2,27,350,2009,0
349,2,27,350,2010,0
349,2,27,350,2011,0
349,2,27,350,2012,0
349,2,27,350,2013,0
349,2,27,350,2014,0
349,2,27,350,2015,0
349,2,27,350,2016,0
349,3,22,350,1990,0
349,3,22,350,1991,0
349,3,22,350,1992,0
349,3,22,350,1993,0
349,3,22,350,1994,0
349,3,22,350,1995,0
349,3,22,350,1996,0
349,3,22,350,1997,0
349,3,22,350,1998,0
349,3,22,350,1999,0
349,3,22,350,2000,0
349,3,22,350,2001,0
349,3,22,350,2002,0
349,3,22,350,2003,0
349,3,22,350,2004,0
349,3,22,350,2005,0
349,3,22,350,2006,0
349,3,22,350,2007,0
349,3,22,350,2008,0
349,3,22,350,2009,0
349,3,22,350,2010,0
349,3,22,350,2011,0
349,3,22,350,2012,0
349,3,22,350,2013,0
349,3,22,350,2014,0
349,3,22,350,2015,0
349,3,22,350,2016,0
349,3,27,350,1990,0
349,3,27,350,1991,0
349,3,27,350,1992,0
349,3,27,350,1993,0
349,3,27,350,1994,0
349,3,27,350,1995,0
349,3,27,350,1996,0
349,3,27,350,1997,0
349,3,27,350,1998,0
349,3,27,350,1999,0
349,3,27,350,2000,0
349,3,27,350,2001,0
349,3,27,350,2002,0
349,3,27,350,2003,0
349,3,27,350,2004,0
349,3,27,350,2005,0
349,3,27,350,2006,0
349,3,27,350,2007,0
349,3,27,350,2008,0
349,3,27,350,2009,0
349,3,27,350,2010,0
349,3,27,350,2011,0
349,3,27,350,2012,0
349,3,27,350,2013,0
349,3,27,350,2014,0
349,3,27,350,2015,0
349,3,27,350,2016,0
351,1,22,350,1990,0
351,1,22,350,1991,0
351,1,22,350,1992,0
351,1,22,350,1993,0
351,1,22,350,1994,0
351,1,22,350,1995,0
351,1,22,350,1996,0
351,1,22,350,1997,0
351,1,22,350,1998,0
351,1,22,350,1999,0
351,1,22,350,2000,0
351,1,22,350,2001,0
351,1,22,350,2002,0
351,1,22,350,2003,0
351,1,22,350,2004,0
351,1,22,350,2005,0
351,1,22,350,2006,0
351,1,22,350,2007,0
351,1,22,350,2008,0
351,1,22,350,2009,0
351,1,22,350,2010,0
351,1,22,350,2011,0
351,1,22,350,2012,0
351,1,22,350,2013,0
351,1,22,350,2014,0
351,1,22,350,2015,0
351,1,22,350,2016,0
351,1,27,350,1990,0
351,1,27,350,1991,0
351,1,27,350,1992,0
351,1,27,350,1993,0
351,1,27,350,1994,0
351,1,27,350,1995,0
351,1,27,350,1996,0
351,1,27,350,1997,0
351,1,27,350,1998,0
351,1,27,350,1999,0
351,1,27,350,2000,0
351,1,27,350,2001,0
351,1,27,350,2002,0
351,1,27,350,2003,0
351,1,27,350,2004,0
351,1,27,350,2005,0
351,1,27,350,2006,0
351,1,27,350,2007,0
351,1,27,350,2008,0
351,1,27,350,2009,0
351,1,27,350,2010,0
351,1,27,350,2011,0
351,1,27,350,2012,0
351,1,27,350,2013,0
351,1,27,350,2014,0
351,1,27,350,2015,0
351,1,27,350,2016,0
351,2,22,350,1990,0
351,2,22,350,1991,0
351,2,22,350,1992,0
351,2,22,350,1993,0
351,2,22,350,1994,0
351,2,22,350,1995,0
351,2,22,350,1996,0
351,2,22,350,1997,0
351,2,22,350,1998,0
351,2,22,350,1999,0
351,2,22,350,2000,0
351,2,22,350,2001,0
351,2,22,350,2002,0
351,2,22,350,2003,0
351,2,22,350,2004,0
351,2,22,350,2005,0
351,2,22,350,2006,0
351,2,22,350,2007,0
351,2,22,350,2008,0
351,2,22,350,2009,0
351,2,22,350,2010,0
351,2,22,350,2011,0
351,2,22,350,2012,0
351,2,22,350,2013,0
351,2,22,350,2014,0
351,2,22,350,2015,0
351,2,22,350,2016,0
351,2,27,350,1990,0
351,2,27,350,1991,0
351,2,27,350,1992,0
351,2,27,350,1993,0
351,2,27,350,1994,0
351,2,27,350,1995,0
351,2,27,350,1996,0
351,2,27,350,1997,0
351,2,27,350,1998,0
351,2,27,350,1999,0
351,2,27,350,2000,0
351,2,27,350,2001,0
351,2,27,350,2002,0
351,2,27,350,2003,0
351,2,27,350,2004,0
351,2,27,350,2005,0
351,2,27,350,2006,0
351,2,27,350,2007,0
351,2,27,350,2008,0
351,2,27,350,2009,0
351,2,27,350,2010,0
351,2,27,350,2011,0
351,2,27,350,2012,0
351,2,27,350,2013,0
351,2,27,350,2014,0
351,2,27,350,2015,0
351,2,27,350,2016,0
351,3,22,350,1990,0
351,3,22,350,1991,0
351,3,22,350,1992,0
351,3,22,350,1993,0
351,3,22,350,1994,0
351,3,22,350,1995,0
351,3,22,350,1996,0
351,3,22,350,1997,0
351,3,22,350,1998,0
351,3,22,350,1999,0
351,3,22,350,2000,0
351,3,22,350,2001,0
351,3,22,350,2002,0
351,3,22,350,2003,0
351,3,22,350,2004,0
351,3,22,350,2005,0
351,3,22,350,2006,0
351,3,22,350,2007,0
351,3,22,350,2008,0
351,3,22,350,2009,0
351,3,22,350,2010,0
351,3,22,350,2011,0
351,3,22,350,2012,0
351,3,22,350,2013,0
351,3,22,350,2014,0
351,3,22,350,2015,0
351,3,22,350,2016,0
351,3,27,350,1990,0
351,3,27,350,1991,0
351,3,27,350,1992,0
351,3,27,350,1993,0
351,3,27,350,1994,0
351,3,27,350,1995,0
351,3,27,350,1996,0
351,3,27,350,1997,0
351,3,27,350,1998,0
351,3,27,350,1999,0
351,3,27,350,2000,0
351,3,27,350,2001,0
351,3,27,350,2002,0
351,3,27,350,2003,0
351,3,27,350,2004,0
351,3,27,350,2005,0
351,3,27,350,2006,0
351,3,27,350,2007,0
351,3,27,350,2008,0
351,3,27,350,2009,0
351,3,27,350,2010,0
351,3,27,350,2011,0
351,3,27,350,2012,0
351,3,27,350,2013,0
351,3,27,350,2014,0
351,3,27,350,2015,0
351,3,27,350,2016,0
376,1,22,350,1990,0
376,1,22,350,1991,0
376,1,22,350,1992,0
376,1,22,350,1993,0
376,1,22,350,1994,0
376,1,22,350,1995,0
376,1,22,350,1996,0
376,1,22,350,1997,0
376,1,22,350,1998,0
376,1,22,350,1999,0
376,1,22,350,2000,0
376,1,22,350,2001,0
376,1,22,350,2002,0
376,1,22,350,2003,0
376,1,22,350,2004,0
376,1,22,350,2005,0
376,1,22,350,2006,0
376,1,22,350,2007,0
376,1,22,350,2008,0
376,1,22,350,2009,0
376,1,22,350,2010,0
376,1,22,350,2011,0
376,1,22,350,2012,0
376,1,22,350,2013,0
376,1,22,350,2014,0
376,1,22,350,2015,0
376,1,22,350,2016,0
376,1,27,350,1990,0
376,1,27,350,1991,0
376,1,27,350,1992,0
376,1,27,350,1993,0
376,1,27,350,1994,0
376,1,27,350,1995,0
376,1,27,350,1996,0
376,1,27,350,1997,0
376,1,27,350,1998,0
376,1,27,350,1999,0
376,1,27,350,2000,0
376,1,27,350,2001,0
376,1,27,350,2002,0
376,1,27,350,2003,0
376,1,27,350,2004,0
376,1,27,350,2005,0
376,1,27,350,2006,0
376,1,27,350,2007,0
376,1,27,350,2008,0
376,1,27,350,2009,0
376,1,27,350,2010,0
376,1,27,350,2011,0
376,1,27,350,2012,0
376,1,27,350,2013,0
376,1,27,350,2014,0
376,1,27,350,2015,0
376,1,27,350,2016,0
376,2,22,350,1990,0
376,2,22,350,1991,0
376,2,22,350,1992,0
376,2,22,350,1993,0
376,2,22,350,1994,0
376,2,22,350,1995,0
376,2,22,350,1996,0
376,2,22,350,1997,0
376,2,22,350,1998,0
376,2,22,350,1999,0
376,2,22,350,2000,0
376,2,22,350,2001,0
376,2,22,350,2002,0
376,2,22,350,2003,0
376,2,22,350,2004,0
376,2,22,350,2005,0
376,2,22,350,2006,0
376,2,22,350,2007,0
376,2,22,350,2008,0
376,2,22,350,2009,0
376,2,22,350,2010,0
376,2,22,350,2011,0
376,2,22,350,2012,0
376,2,22,350,2013,0
376,2,22,350,2014,0
376,2,22,350,2015,0
376,2,22,350,2016,0
376,2,27,350,1990,0
376,2,27,350,1991,0
376,2,27,350,1992,0
376,2,27,350,1993,0
376,2,27,350,1994,0
376,2,27,350,1995,0
376,2,27,350,1996,0
376,2,27,350,1997,0
376,2,27,350,1998,0
376,2,27,350,1999,0
376,2,27,350,2000,0
376,2,27,350,2001,0
376,2,27,350,2002,0
376,2,27,350,2003,0
376,2,27,350,2004,0
376,2,27,350,2005,0
376,2,27,350,2006,0
376,2,27,350,2007,0
376,2,27,350,2008,0
376,2,27,350,2009,0
376,2,27,350,2010,0
376,2,27,350,2011,0
376,2,27,350,2012,0
376,2,27,350,2013,0
376,2,27,350,2014,0
376,2,27,350,2015,0
376,2,27,350,2016,0
376,3,22,350,1990,0
376,3,22,350,1991,0
376,3,22,350,1992,0
376,3,22,350,1993,0
376,3,22,350,1994,0
376,3,22,350,1995,0
376,3,22,350,1996,0
376,3,22,350,1997,0
376,3,22,350,1998,0
376,3,22,350,1999,0
376,3,22,350,2000,0
376,3,22,350,2001,0
376,3,22,350,2002,0
376,3,22,350,2003,0
376,3,22,350,2004,0
376,3,22,350,2005,0
376,3,22,350,2006,0
376,3,22,350,2007,0
376,3,22,350,2008,0
376,3,22,350,2009,0
376,3,22,350,2010,0
376,3,22,350,2011,0
376,3,22,350,2012,0
376,3,22,350,2013,0
376,3,22,350,2014,0
376,3,22,350,2015,0
376,3,22,350,2016,0
376,3,27,350,1990,0
376,3,27,350,1991,0
376,3,27,350,1992,0
376,3,27,350,1993,0
376,3,27,350,1994,0
376,3,27,350,1995,0
376,3,27,350,1996,0
376,3,27,350,1997,0
376,3,27,350,1998,0
376,3,27,350,1999,0
376,3,27,350,2000,0
376,3,27,350,2001,0
376,3,27,350,2002,0
376,3,27,350,2003,0
376,3,27,350,2004,0
376,3,27,350,2005,0
376,3,27,350,2006,0
376,3,27,350,2007,0
376,3,27,350,2008,0
376,3,27,350,2009,0
376,3,27,350,2010,0
376,3,27,350,2011,0
376,3,27,350,2012,0
376,3,27,350,2013,0
376,3,27,350,2014,0
376,3,27,350,2015,0
376,3,27,350,2016,0
385,1,22,350,1990,0
385,1,22,350,1991,0
385,1,22,350,1992,0
385,1,22,350,1993,0
385,1,22,350,1994,0
385,1,22,350,1995,0
385,1,22,350,1996,0
385,1,22,350,1997,0
385,1,22,350,1998,0
385,1,22,350,1999,0
385,1,22,350,2000,0
385,1,22,350,2001,0
385,1,22,350,2002,0
385,1,22,350,2003,0
385,1,22,350,2004,0
385,1,22,350,2005,0
385,1,22,350,2006,0
385,1,22,350,2007,0
385,1,22,350,2008,0
385,1,22,350,2009,0
385,1,22,350,2010,0
385,1,22,350,2011,0
385,1,22,350,2012,0
385,1,22,350,2013,0
385,1,22,350,2014,0
385,1,22,350,2015,0
385,1,22,350,2016,0
385,1,27,350,1990,0
385,1,27,350,1991,0
385,1,27,350,1992,0
385,1,27,350,1993,0
385,1,27,350,1994,0
385,1,27,350,1995,0
385,1,27,350,1996,0
385,1,27,350,1997,0
385,1,27,350,1998,0
385,1,27,350,1999,0
385,1,27,350,2000,0
385,1,27,350,2001,0
385,1,27,350,2002,0
385,1,27,350,2003,0
385,1,27,350,2004,0
385,1,27,350,2005,0
385,1,27,350,2006,0
385,1,27,350,2007,0
385,1,27,350,2008,0
385,1,27,350,2009,0
385,1,27,350,2010,0
385,1,27,350,2011,0
385,1,27,350,2012,0
385,1,27,350,2013,0
385,1,27,350,2014,0
385,1,27,350,2015,0
385,1,27,350,2016,0
385,2,22,350,1990,0
385,2,22,350,1991,0
385,2,22,350,1992,0
385,2,22,350,1993,0
385,2,22,350,1994,0
385,2,22,350,1995,0
385,2,22,350,1996,0
385,2,22,350,1997,0
385,2,22,350,1998,0
385,2,22,350,1999,0
385,2,22,350,2000,0
385,2,22,350,2001,0
385,2,22,350,2002,0
385,2,22,350,2003,0
385,2,22,350,2004,0
385,2,22,350,2005,0
385,2,22,350,2006,0
385,2,22,350,2007,0
385,2,22,350,2008,0
385,2,22,350,2009,0
385,2,22,350,2010,0
385,2,22,350,2011,0
385,2,22,350,2012,0
385,2,22,350,2013,0
385,2,22,350,2014,0
385,2,22,350,2015,0
385,2,22,350,2016,0
385,2,27,350,1990,0
385,2,27,350,1991,0
385,2,27,350,1992,0
385,2,27,350,1993,0
385,2,27,350,1994,0
385,2,27,350,1995,0
385,2,27,350,1996,0
385,2,27,350,1997,0
385,2,27,350,1998,0
385,2,27,350,1999,0
385,2,27,350,2000,0
385,2,27,350,2001,0
385,2,27,350,2002,0
385,2,27,350,2003,0
385,2,27,350,2004,0
385,2,27,350,2005,0
385,2,27,350,2006,0
385,2,27,350,2007,0
385,2,27,350,2008,0
385,2,27,350,2009,0
385,2,27,350,2010,0
385,2,27,350,2011,0
385,2,27,350,2012,0
385,2,27,350,2013,0
385,2,27,350,2014,0
385,2,27,350,2015,0
385,2,27,350,2016,0
385,3,22,350,1990,0
385,3,22,350,1991,0
385,3,22,350,1992,0
385,3,22,350,1993,0
385,3,22,350,1994,0
385,3,22,350,1995,0
385,3,22,350,1996,0
385,3,22,350,1997,0
385,3,22,350,1998,0
385,3,22,350,1999,0
385,3,22,350,2000,0
385,3,22,350,2001,0
385,3,22,350,2002,0
385,3,22,350,2003,0
385,3,22,350,2004,0
385,3,22,350,2005,0
385,3,22,350,2006,0
385,3,22,350,2007,0
385,3,22,350,2008,0
385,3,22,350,2009,0
385,3,22,350,2010,0
385,3,22,350,2011,0
385,3,22,350,2012,0
385,3,22,350,2013,0
385,3,22,350,2014,0
385,3,22,350,2015,0
385,3,22,350,2016,0
385,3,27,350,1990,0
385,3,27,350,1991,0
385,3,27,350,1992,0
385,3,27,350,1993,0
385,3,27,350,1994,0
385,3,27,350,1995,0
385,3,27,350,1996,0
385,3,27,350,1997,0
385,3,27,350,1998,0
385,3,27,350,1999,0
385,3,27,350,2000,0
385,3,27,350,2001,0
385,3,27,350,2002,0
385,3,27,350,2003,0
385,3,27,350,2004,0
385,3,27,350,2005,0
385,3,27,350,2006,0
385,3,27,350,2007,0
385,3,27,350,2008,0
385,3,27,350,2009,0
385,3,27,350,2010,0
385,3,27,350,2011,0
385,3,27,350,2012,0
385,3,27,350,2013,0
385,3,27,350,2014,0
385,3,27,350,2015,0
385,3,27,350,2016,0
435,1,22,350,1990,7.67
435,1,22,350,1991,11.92
435,1,22,350,1992,18.92
435,1,22,350,1993,30.08
435,1,22,350,1994,47.95
435,1,22,350,1995,78.22
435,1,22,350,1996,84.4
435,1,22,350,1997,93.08
435,1,22,350,1998,102.67
435,1,22,350,1999,113.15
435,1,22,350,2000,126.63
435,1,22,350,2001,90.44
435,1,22,350,2002,65.71
435,1,22,350,2003,47.81
435,1,22,350,2004,34.83
435,1,22,350,2005,25.78
435,1,22,350,2006,18.91
435,1,22,350,2007,13.67
435,1,22,350,2008,10.04
435,1,22,350,2009,7.38
435,1,22,350,2010,5.53
435,1,22,350,2011,3.97
435,1,22,350,2012,2.91
435,1,22,350,2013,2.13
435,1,22,350,2014,1.56
435,1,22,350,2015,1.15
435,1,22,350,2016,0.86
435,1,27,350,1990,10
435,1,27,350,1991,15.56
435,1,27,350,1992,24.85
435,1,27,350,1993,39.7
435,1,27,350,1994,63.47
435,1,27,350,1995,104.11
435,1,27,350,1996,110.99
435,1,27,350,1997,121.41
435,1,27,350,1998,132.91
435,1,27,350,1999,145.61
435,1,27,350,2000,162.88
435,1,27,350,2001,116.11
435,1,27,350,2002,84.54
435,1,27,350,2003,61.61
435,1,27,350,2004,44.95
435,1,27,350,2005,33.46
435,1,27,350,2006,24.57
435,1,27,350,2007,17.7
435,1,27,350,2008,13.01
435,1,27,350,2009,9.57
435,1,27,350,2010,7.21
435,1,27,350,2011,5.15
435,1,27,350,2012,3.77
435,1,27,350,2013,2.76
435,1,27,350,2014,2.02
435,1,27,350,2015,1.48
435,1,27,350,2016,1.11
435,2,22,350,1990,7.84
435,2,22,350,1991,12.16
435,2,22,350,1992,19.39
435,2,22,350,1993,30.95
435,2,22,350,1994,49.52
435,2,22,350,1995,81.23
435,2,22,350,1996,87.3
435,2,22,350,1997,96.08
435,2,22,350,1998,105.76
435,2,22,350,1999,116.32
435,2,22,350,2000,130.2
435,2,22,350,2001,92.8
435,2,22,350,2002,67.45
435,2,22,350,2003,49.09
435,2,22,350,2004,35.78
435,2,22,350,2005,26.54
435,2,22,350,2006,19.61
435,2,22,350,2007,14.28
435,2,22,350,2008,10.57
435,2,22,350,2009,7.84
435,2,22,350,2010,5.91
435,2,22,350,2011,4.22
435,2,22,350,2012,3.06
435,2,22,350,2013,2.23
435,2,22,350,2014,1.62
435,2,22,350,2015,1.18
435,2,22,350,2016,0.87
435,2,27,350,1990,10
435,2,27,350,1991,15.56
435,2,27,350,1992,24.93
435,2,27,350,1993,39.97
435,2,27,350,1994,64.1
435,2,27,350,1995,105.41
435,2,27,350,1996,112.32
435,2,27,350,1997,122.72
435,2,27,350,1998,134.17
435,2,27,350,1999,146.78
435,2,27,350,2000,163.92
435,2,27,350,2001,117.05
435,2,27,350,2002,85.36
435,2,27,350,2003,62.32
435,2,27,350,2004,45.54
435,2,27,350,2005,33.98
435,2,27,350,2006,25.07
435,2,27,350,2007,18.17
435,2,27,350,2008,13.44
435,2,27,350,2009,9.95
435,2,27,350,2010,7.5
435,2,27,350,2011,5.35
435,2,27,350,2012,3.89
435,2,27,350,2013,2.83
435,2,27,350,2014,2.06
435,2,27,350,2015,1.5
435,2,27,350,2016,1.11
435,3,22,350,1990,7.76
435,3,22,350,1991,12.04
435,3,22,350,1992,19.16
435,3,22,350,1993,30.52
435,3,22,350,1994,48.74
435,3,22,350,1995,79.73
435,3,22,350,1996,85.86
435,3,22,350,1997,94.58
435,3,22,350,1998,104.22
435,3,22,350,1999,114.74
435,3,22,350,2000,128.42
435,3,22,350,2001,91.62
435,3,22,350,2002,66.58
435,3,22,350,2003,48.45
435,3,22,350,2004,35.31
435,3,22,350,2005,26.16
435,3,22,350,2006,19.26
435,3,22,350,2007,13.98
435,3,22,350,2008,10.31
435,3,22,350,2009,7.61
435,3,22,350,2010,5.72
435,3,22,350,2011,4.1
435,3,22,350,2012,2.99
435,3,22,350,2013,2.18
435,3,22,350,2014,1.59
435,3,22,350,2015,1.16
435,3,22,350,2016,0.86
435,3,27,350,1990,10
435,3,27,350,1991,15.56
435,3,27,350,1992,24.88
435,3,27,350,1993,39.83
435,3,27,350,1994,63.79
435,3,27,350,1995,104.76
435,3,27,350,1996,111.67
435,3,27,350,1997,122.08
435,3,27,350,1998,133.55
435,3,27,350,1999,146.19
435,3,27,350,2000,163.38
435,3,27,350,2001,116.58
435,3,27,350,2002,84.95
435,3,27,350,2003,61.98
435,3,27,350,2004,45.26
435,3,27,350,2005,33.73
435,3,27,350,2006,24.82
435,3,27,350,2007,17.94
435,3,27,350,2008,13.23
435,3,27,350,2009,9.76
435,3,27,350,2010,7.36
435,3,27,350,2011,5.25
435,3,27,350,2012,3.83
435,3,27,350,2013,2.8
435,3,27,350,2014,2.04
435,3,27,350,2015,1.49
435,3,27,350,2016,1.11
522,1,22,350,1990,0
522,1,22,350,1991,0
522,1,22,350,1992,0
522,1,22,350,1993,0
522,1,22,350,1994,0
522,1,22,350,1995,0
522,1,22,350,1996,0
522,1,22,350,1997,0
522,1,22,350,1998,0
522,1,22,350,1999,0
522,1,22,350,2000,0
522,1,22,350,2001,0
522,1,22,350,2002,0
522,1,22,350,2003,0
522,1,22,350,2004,0
522,1,22,350,2005,0
522,1,22,350,2006,0
522,1,22,350,2007,0
522,1,22,350,2008,0
522,1,22,350,2009,0
522,1,22,350,2010,0
522,1,22,350,2011,0
522,1,22,350,2012,0
522,1,22,350,2013,0
522,1,22,350,2014,0
522,1,22,350,2015,0
522,1,22,350,2016,0
522,1,27,350,1990,0
522,1,27,350,1991,0
522,1,27,350,1992,0
522,1,27,350,1993,0
522,1,27,350,1994,0
522,1,27,350,1995,0
522,1,27,350,1996,0
522,1,27,350,1997,0
522,1,27,350,1998,0
522,1,27,350,1999,0
522,1,27,350,2000,0
522,1,27,350,2001,0
522,1,27,350,2002,0
522,1,27,350,2003,0
522,1,27,350,2004,0
522,1,27,350,2005,0
522,1,27,350,2006,0
522,1,27,350,2007,0
522,1,27,350,2008,0
522,1,27,350,2009,0
522,1,27,350,2010,0
522,1,27,350,2011,0
522,1,27,350,2012,0
522,1,27,350,2013,0
522,1,27,350,2014,0
522,1,27,350,2015,0
522,1,27,350,2016,0
522,2,22,350,1990,0
522,2,22,350,1991,0
522,2,22,350,1992,0
522,2,22,350,1993,0
522,2,22,350,1994,0
522,2,22,350,1995,0
522,2,22,350,1996,0
522,2,22,350,1997,0
522,2,22,350,1998,0
522,2,22,350,1999,0
522,2,22,350,2000,0
522,2,22,350,2001,0
522,2,22,350,2002,0
522,2,22,350,2003,0
522,2,22,350,2004,0
522,2,22,350,2005,0
522,2,22,350,2006,0
522,2,22,350,2007,0
522,2,22,350,2008,0
522,2,22,350,2009,0
522,2,22,350,2010,0
522,2,22,350,2011,0
522,2,22,350,2012,0
522,2,22,350,2013,0
522,2,22,350,2014,0
522,2,22,350,2015,0
522,2,22,350,2016,0
522,2,27,350,1990,0
522,2,27,350,1991,0
522,2,27,350,1992,0
522,2,27,350,1993,0
522,2,27,350,1994,0
522,2,27,350,1995,0
522,2,27,350,1996,0
522,2,27,350,1997,0
522,2,27,350,1998,0
522,2,27,350,1999,0
522,2,27,350,2000,0
522,2,27,350,2001,0
522,2,27,350,2002,0
522,2,27,350,2003,0
522,2,27,350,2004,0
522,2,27,350,2005,0
522,2,27,350,2006,0
522,2,27,350,2007,0
522,2,27,350,2008,0
522,2,27,350,2009,0
522,2,27,350,2010,0
522,2,27,350,2011,0
522,2,27,350,2012,0
522,2,27,350,2013,0
522,2,27,350,2014,0
522,2,27,350,2015,0
522,2,27,350,2016,0
522,3,22,350,1990,0
522,3,22,350,1991,0
522,3,22,350,1992,0
522,3,22,350,1993,0
522,3,22,350,1994,0
522,3,22,350,1995,0
522,3,22,350,1996,0
522,3,22,350,1997,0
522,3,22,350,1998,0
522,3,22,350,1999,0
522,3,22,350,2000,0
522,3,22,350,2001,0
522,3,22,350,2002,0
522,3,22,350,2003,0
522,3,22,350,2004,0
522,3,22,350,2005,0
522,3,22,350,2006,0
522,3,22,350,2007,0
522,3,22,350,2008,0
522,3,22,350,2009,0
522,3,22,350,2010,0
522,3,22,350,2011,0
522,3,22,350,2012,0
522,3,22,350,2013,0
522,3,22,350,2014,0
522,3,22,350,2015,0
522,3,22,350,2016,0
522,3,27,350,1990,0
522,3,27,350,1991,0
522,3,27,350,1992,0
522,3,27,350,1993,0
522,3,27,350,1994,0
522,3,27,350,1995,0
522,3,27,350,1996,0
522,3,27,350,1997,0
522,3,27,350,1998,0
522,3,27,350,1999,0
522,3,27,350,2000,0
522,3,27,350,2001,0
522,3,27,350,2002,0
522,3,27,350,2003,0
522,3,27,350,2004,0
522,3,27,350,2005,0
522,3,27,350,2006,0
522,3,27,350,2007,0
522,3,27,350,2008,0
522,3,27,350,2009,0
522,3,27,350,2010,0
522,3,27,350,2011,0
522,3,27,350,2012,0
522,3,27,350,2013,0
522,3,27,350,2014,0
522,3,27,350,2015,0
522,3,27,350,2016,0
