location,sex,age,cause,year,incidence_percent
6,1,22,575,1990,0
6,1,22,575,1991,0
6,1,22,575,1992,0
6,1,22,575,1993,0
6,1,22,575,1994,0
6,1,22,575,1995,0
6,1,22,575,1996,0
6,1,22,575,1997,0
6,1,22,575,1998,0
6,1,22,575,1999,0
6,1,22,575,2000,0
6,1,22,575,2001,0
6,1,22,575,2002,0
6,1,22,575,2003,0
6,1,22,575,2004,0
6,1,22,575,2005,0
6,1,22,575,2006,0
6,1,22,575,2007,0
6,1,22,575,2008,0
6,1,22,575,2009,0
6,1,22,575,2010,0
6,1,22,575,2011,0
6,1,22,575,2012,0
6,1,22,575,2013,0
6,1,22,575,2014,0
6,1,22,575,2015,0
6,1,22,575,2016,0
6,1,27,575,1990,0
6,1,27,575,1991,0
6,1,27,575,1992,0
6,1,27,575,1993,0
6,1,27,575,1994,0
6,1,27,575,1995,0
6,1,27,575,1996,0
6,1,27,575,1997,0
6,1,27,575,1998,0
6,1,27,575,1999,0
6,1,27,575,2000,0
6,1,27,575,2001,0
6,1,27,575,2002,0
6,1,27,575,2003,0
6,1,27,575,2004,0
6,1,27,575,2005,0
6,1,27,575,2006,0
6,1,27,575,2007,0
6,1,27,575,2008,0
6,1,27,575,2009,0
6,1,27,575,2010,0
6,1,27,575,2011,0
6,1,27,575,2012,0
6,1,27,575,2013,0
6,1,27,575,2014,0
6,1,27,575,2015,0
6,1,27,575,2016,0
6,2,22,575,1990,0
6,2,22,575,1991,0
6,2,22,575,1992,0
6,2,22,575,1993,0
6,2,22,575,1994,0
6,2,22,575,1995,0
6,2,22,575,1996,0
6,2,22,575,1997,0
6,2,22,575,1998,0
6,2,22,575,1999,0
6,2,22,575,2000,0
6,2,22,575,2001,0
6,2,22,575,2002,0
6,2,22,575,2003,0
6,2,22,575,2004,0
6,2,22,575,2005,0
6,2,22,575,2006,0
6,2,22,575,2007,0
6,2,22,575,2008,0
6,2,22,575,2009,0
6,2,22,575,2010,0
6,2,22,575,2011,0
6,2,22,575,2012,0
6,2,22,575,2013,0
6,2,22,575,2014,0
6,2,22,575,2015,0
6,2,22,575,2016,0
6,2,27,575,1990,0
6,2,27,575,1991,0
6,2,27,575,1992,0
6,2,27,575,1993,0
6,2,27,575,1994,0
6,2,27,575,1995,0
6,2,27,575,1996,0
6,2,27,575,1997,0
6,2,27,575,1998,0
6,2,27,575,1999,0
6,2,27,575,2000,0
6,2,27,575,2001,0
6,2,27,575,2002,0
6,2,27,575,2003,0
6,2,27,575,2004,0
6,2,27,575,2005,0
6,2,27,575,2006,0
6,2,27,575,2007,0
6,2,27,575,2008,0
6,2,27,575,2009,0
6,2,27,575,2010,0
6,2,27,575,2011,0
6,2,27,575,2012,0
6,2,27,575,2013,0
6,2,27,575,2014,0
6,2,27,575,2015,0
6,2,27,575,2016,0
6,3,22,575,1990,0
6,3,22,575,1991,0
6,3,22,575,1992,0
6,3,22,575,1993,0
6,3,22,575,1994,0
6,3,22,575,1995,0
6,3,22,575,1996,0
6,3,22,575,1997,0
6,3,22,575,1998,0
6,3,22,575,1999,0
6,3,22,575,2000,0
6,3,22,575,2001,0
6,3,22,575,2002,0
6,3,22,575,2003,0
6,3,22,575,2004,0
6,3,22,575,2005,0
6,3,22,575,2006,0
6,3,22,575,2007,0
6,3,22,575,2008,0
6,3,22,575,2009,0
6,3,22,575,2010,0
6,3,22,575,2011,0
6,3,22,575,2012,0
6,3,22,575,2013,0
6,3,22,575,2014,0
6,3,22,575,2015,0
6,3,22,575,2016,0
6,3,27,575,1990,0
6,3,27,575,1991,0
6,3,27,575,1992,0
6,3,27,575,1993,0
6,3,27,575,1994,0
6,3,27,575,1995,0
6,3,27,575,1996,0
6,3,27,575,1997,0
6,3,27,575,1998,0
6,3,27,575,1999,0
6,3,27,575,2000,0
6,3,27,575,2001,0
6,3,27,575,2002,0
6,3,27,575,2003,0
6,3,27,575,2004,0
6,3,27,575,2005,0
6,3,27,575,2006,0
6,3,27,575,2007,0
6,3,27,575,2008,0
6,3,27,575,2009,0
6,3,27,575,2010,0
6,3,27,575,2011,0
6,3,27,575,2012,0
6,3,27,575,2013,0
6,3,27,575,2014,0
6,3,27,575,2015,0
6,3,27,575,2016,0
7,1,22,575,1990,0
7,1,22,575,1991,0
7,1,22,575,1992,0
7,1,22,575,1993,0
7,1,22,575,1994,0
7,1,22,575,1995,0
7,1,22,575,1996,0
7,1,22,575,1997,0
7,1,22,575,1998,0
7,1,22,575,1999,0
7,1,22,575,2000,0
7,1,22,575,2001,0
7,1,22,575,2002,0
7,1,22,575,2003,0
7,1,22,575,2004,0
7,1,22,575,2005,0
7,1,22,575,2006,0
7,1,22,575,2007,0
7,1,22,575,2008,0
7,1,22,575,2009,0
7,1,22,575,2010,0
7,1,22,575,2011,0
7,1,22,575,2012,0
7,1,22,575,2013,0
7,1,22,575,2014,0
7,1,22,575,2015,0
7,1,22,575,2016,0
7,1,27,575,1990,0
7,1,27,575,1991,0
7,1,27,575,1992,0
7,1,27,575,1993,0
7,1,27,575,1994,0
7,1,27,575,1995,0
7,1,27,575,1996,0
7,1,27,575,1997,0
7,1,27,575,1998,0
7,1,27,575,1999,0
7,1,27,575,2000,0
7,1,27,575,2001,0
7,1,27,575,2002,0
7,1,27,575,2003,0
7,1,27,575,2004,0
7,1,27,575,2005,0
7,1,27,575,2006,0
7,1,27,575,2007,0
7,1,27,575,2008,0
7,1,27,575,2009,0
7,1,27,575,2010,0
7,1,27,575,2011,0
7,1,27,575,2012,0
7,1,27,575,2013,0
7,1,27,575,2014,0
7,1,27,575,2015,0
7,1,27,575,2016,0
7,2,22,575,1990,0
7,2,22,575,1991,0
7,2,22,575,1992,0
7,2,22,575,1993,0
7,2,22,575,1994,0
7,2,22,575,1995,0
7,2,22,575,1996,0
7,2,22,575,1997,0
7,2,22,575,1998,0
7,2,22,575,1999,0
7,2,22,575,2000,0
7,2,22,575,2001,0
7,2,22,575,2002,0
7,2,22,575,2003,0
7,2,22,575,2004,0
7,2,22,575,2005,0
7,2,22,575,2006,0
7,2,22,575,2007,0
7,2,22,575,2008,0
7,2,22,575,2009,0
7,2,22,575,2010,0
7,2,22,575,2011,0
7,2,22,575,2012,0
7,2,22,575,2013,0
7,2,22,575,2014,0
7,2,22,575,2015,0
7,2,22,575,2016,0
7,2,27,575,1990,0
7,2,27,575,1991,0
7,2,27,575,1992,0
7,2,27,575,1993,0
7,2,27,575,1994,0
7,2,27,575,1995,0
7,2,27,575,1996,0
7,2,27,575,1997,0
7,2,27,575,1998,0
7,2,27,575,1999,0
7,2,27,575,2000,0
7,2,27,575,2001,0
7,2,27,575,2002,0
7,2,27,575,2003,0
7,2,27,575,2004,0
7,2,27,575,2005,0
7,2,27,575,2006,0
7,2,27,575,2007,0
7,2,27,575,2008,0
7,2,27,575,2009,0
7,2,27,575,2010,0
7,2,27,575,2011,0
7,2,27,575,2012,0
7,2,27,575,2013,0
7,2,27,575,2014,0
7,2,27,575,2015,0
7,2,27,575,2016,0
7,3,22,575,1990,0
7,3,22,575,1991,0
7,3,22,575,1992,0
7,3,22,575,1993,0
7,3,22,575,1994,0
7,3,22,575,1995,0
7,3,22,575,1996,0
7,3,22,575,1997,0
7,3,22,575,1998,0
7,3,22,575,1999,0
7,3,22,575,2000,0
7,3,22,575,2001,0
7,3,22,575,2002,0
7,3,22,575,2003,0
7,3,22,575,2004,0
7,3,22,575,2005,0
7,3,22,575,2006,0
7,3,22,575,2007,0
7,3,22,575,2008,0
7,3,22,575,2009,0
7,3,22,575,2010,0
7,3,22,575,2011,0
7,3,22,575,2012,0
7,3,22,575,2013,0
7,3,22,575,2014,0
7,3,22,575,2015,0
7,3,22,575,2016,0
7,3,27,575,1990,0
7,3,27,575,1991,0
7,3,27,575,1992,0
7,3,27,575,1993,0
7,3,27,575,1994,0
7,3,27,575,1995,0
7,3,27,575,1996,0
7,3,27,575,1997,0
7,3,27,575,1998,0
7,3,27,575,1999,0
7,3,27,575,2000,0
7,3,27,575,2001,0
7,3,27,575,2002,0
7,3,27,575,2003,0
7,3,27,575,2004,0
7,3,27,575,2005,0
7,3,27,575,2006,0
7,3,27,575,2007,0
7,3,27,575,2008,0
7,3,27,575,2009,0
7,3,27,575,2010,0
7,3,27,575,2011,0
7,3,27,575,2012,0
7,3,27,575,2013,0
7,3,27,575,2014,0
7,3,27,575,2015,0
7,3,27,575,2016,0
8,1,22,575,1990,0
8,1,22,575,1991,0
8,1,22,575,1992,0
8,1,22,575,1993,0
8,1,22,575,1994,0
8,1,22,575,1995,0
8,1,22,575,1996,0
8,1,22,575,1997,0
8,1,22,575,1998,0
8,1,22,575,1999,0
8,1,22,575,2000,0
8,1,22,575,2001,0
8,1,22,575,2002,0
8,1,22,575,2003,0
8,1,22,575,2004,0
8,1,22,575,2005,0
8,1,22,575,2006,0
8,1,22,575,2007,0
8,1,22,575,2008,0
8,1,22,575,2009,0
8,1,22,575,2010,0
8,1,22,575,2011,0
8,1,22,575,2012,0
8,1,22,575,2013,0
8,1,22,575,2014,0
8,1,22,575,2015,0
8,1,22,575,2016,0
8,1,27,575,1990,0
8,1,27,575,1991,0
8,1,27,575,1992,0
8,1,27,575,1993,0
8,1,27,575,1994,0
8,1,27,575,1995,0
8,1,27,575,1996,0
8,1,27,575,1997,0
8,1,27,575,1998,0
8,1,27,575,1999,0
8,1,27,575,2000,0
8,1,27,575,2001,0
8,1,27,575,2002,0
8,1,27,575,2003,0
8,1,27,575,2004,0
8,1,27,575,2005,0
8,1,27,575,2006,0
8,1,27,575,2007,0
8,1,27,575,2008,0
8,1,27,575,2009,0
8,1,27,575,2010,0
8,1,27,575,2011,0
8,1,27,575,2012,0
8,1,27,575,2013,0
8,1,27,575,2014,0
8,1,27,575,2015,0
8,1,27,575,2016,0
8,2,22,575,1990,0
8,2,22,575,1991,0
8,2,22,575,1992,0
8,2,22,575,1993,0
8,2,22,575,1994,0
8,2,22,575,1995,0
8,2,22,575,1996,0
8,2,22,575,1997,0
8,2,22,575,1998,0
8,2,22,575,1999,0
8,2,22,575,2000,0
8,2,22,575,2001,0
8,2,22,575,2002,0
8,2,22,575,2003,0
8,2,22,575,2004,0
8,2,22,575,2005,0
8,2,22,575,2006,0
8,2,22,575,2007,0
8,2,22,575,2008,0
8,2,22,575,2009,0
8,2,22,575,2010,0
8,2,22,575,2011,0
8,2,22,575,2012,0
8,2,22,575,2013,0
8,2,22,575,2014,0
8,2,22,575,2015,0
8,2,22,575,2016,0
8,2,27,575,1990,0
8,2,27,575,1991,0
8,2,27,575,1992,0
8,2,27,575,1993,0
8,2,27,575,1994,0
8,2,27,575,1995,0
8,2,27,575,1996,0
8,2,27,575,1997,0
8,2,27,575,1998,0
8,2,27,575,1999,0
8,2,27,575,2000,0
8,2,27,575,2001,0
8,2,27,575,2002,0
8,2,27,575,2003,0
8,2,27,575,2004,0
8,2,27,575,2005,0
8,2,27,575,2006,0
8,2,27,575,2007,0
8,2,27,575,2008,0
8,2,27,575,2009,0
8,2,27,575,2010,0
8,2,27,575,2011,0
8,2,27,575,2012,0
8,2,27,575,2013,0
8,2,27,575,2014,0
8,2,27,575,2015,0
8,2,27,575,2016,0
8,3,22,575,1990,0
8,3,22,575,1991,0
8,3,22,575,1992,0
8,3,22,575,1993,0
8,3,22,575,1994,0
8,3,22,575,1995,0
8,3,22,575,1996,0
8,3,22,575,1997,0
8,3,22,575,1998,0
8,3,22,575,1999,0
8,3,22,575,2000,0
8,3,22,575,2001,0
8,3,22,575,2002,0
8,3,22,575,2003,0
8,3,22,575,2004,0
8,3,22,575,2005,0
8,3,22,575,2006,0
8,3,22,575,2007,0
8,3,22,575,2008,0
8,3,22,575,2009,0
8,3,22,575,2010,0
8,3,22,575,2011,0
8,3,22,575,2012,0
8,3,22,575,2013,0
8,3,22,575,2014,0
8,3,22,575,2015,0
8,3,22,575,2016,0
8,3,27,575,1990,0
8,3,27,575,1991,0
8,3,27,575,1992,0
8,3,27,575,1993,0
8,3,27,575,1994,0
8,3,27,575,1995,0
8,3,27,575,1996,0
8,3,27,575,1997,0
8,3,27,575,1998,0
8,3,27,575,1999,0
8,3,27,575,2000,0
8,3,27,575,2001,0
8,3,27,575,2002,0
8,3,27,575,2003,0
8,3,27,575,2004,0
8,3,27,575,2005,0
8,3,27,575,2006,0
8,3,27,575,2007,0
8,3,27,575,2008,0
8,3,27,575,2009,0
8,3,27,575,2010,0
8,3,27,575,2011,0
8,3,27,575,2012,0
8,3,27,575,2013,0
8,3,27,575,2014,0
8,3,27,575,2015,0
8,3,27,575,2016,0
10,1,22,575,1990,0
10,1,22,575,1991,0
10,1,22,575,1992,0
10,1,22,575,1993,0
10,1,22,575,1994,0
10,1,22,575,1995,0
10,1,22,575,1996,0
10,1,22,575,1997,0
10,1,22,575,1998,0
10,1,22,575,1999,0
10,1,22,575,2000,0
10,1,22,575,2001,0
10,1,22,575,2002,0
10,1,22,575,2003,0
10,1,22,575,2004,0
10,1,22,575,2005,0
10,1,22,575,2006,0
10,1,22,575,2007,0
10,1,22,575,2008,0
10,1,22,575,2009,0
10,1,22,575,2010,0
10,1,22,575,2011,0
10,1,22,575,2012,0
10,1,22,575,2013,0
10,1,22,575,2014,0
10,1,22,575,2015,0
10,1,22,575,2016,0
10,1,27,575,1990,0
10,1,27,575,1991,0
10,1,27,575,1992,0
10,1,27,575,1993,0
10,1,27,575,1994,0
10,1,27,575,1995,0
10,1,27,575,1996,0
10,1,27,575,1997,0
10,1,27,575,1998,0
10,1,27,575,1999,0
10,1,27,575,2000,0
10,1,27,575,2001,0
10,1,27,575,2002,0
10,1,27,575,2003,0
10,1,27,575,2004,0
10,1,27,575,2005,0
10,1,27,575,2006,0
10,1,27,575,2007,0
10,1,27,575,2008,0
10,1,27,575,2009,0
10,1,27,575,2010,0
10,1,27,575,2011,0
10,1,27,575,2012,0
10,1,27,575,2013,0
10,1,27,575,2014,0
10,1,27,575,2015,0
10,1,27,575,2016,0
10,2,22,575,1990,0
10,2,22,575,1991,0
10,2,22,575,1992,0
10,2,22,575,1993,0
10,2,22,575,1994,0
10,2,22,575,1995,0
10,2,22,575,1996,0
10,2,22,575,1997,0
10,2,22,575,1998,0
10,2,22,575,1999,0
10,2,22,575,2000,0
10,2,22,575,2001,0
10,2,22,575,2002,0
10,2,22,575,2003,0
10,2,22,575,2004,0
10,2,22,575,2005,0
10,2,22,575,2006,0
10,2,22,575,2007,0
10,2,22,575,2008,0
10,2,22,575,2009,0
10,2,22,575,2010,0
10,2,22,575,2011,0
10,2,22,575,2012,0
10,2,22,575,2013,0
10,2,22,575,2014,0
10,2,22,575,2015,0
10,2,22,575,2016,0
10,2,27,575,1990,0
10,2,27,575,1991,0
10,2,27,575,1992,0
10,2,27,575,1993,0
10,2,27,575,1994,0
10,2,27,575,1995,0
10,2,27,575,1996,0
10,2,27,575,1997,0
10,2,27,575,1998,0
10,2,27,575,1999,0
10,2,27,575,2000,0
10,2,27,575,2001,0
10,2,27,575,2002,0
10,2,27,575,2003,0
10,2,27,575,2004,0
10,2,27,575,2005,0
10,2,27,575,2006,0
10,2,27,575,2007,0
10,2,27,575,2008,0
10,2,27,575,2009,0
10,2,27,575,2010,0
10,2,27,575,2011,0
10,2,27,575,2012,0
10,2,27,575,2013,0
10,2,27,575,2014,0
10,2,27,575,2015,0
10,2,27,575,2016,0
10,3,22,575,1990,0
10,3,22,575,1991,0
10,3,22,575,1992,0
10,3,22,575,1993,0
10,3,22,575,1994,0
10,3,22,575,1995,0
10,3,22,575,1996,0
10,3,22,575,1997,0
10,3,22,575,1998,0
10,3,22,575,1999,0
10,3,22,575,2000,0
10,3,22,575,2001,0
10,3,22,575,2002,0
10,3,22,575,2003,0
10,3,22,575,2004,0
10,3,22,575,2005,0
10,3,22,575,2006,0
10,3,22,575,2007,0
10,3,22,575,2008,0
10,3,22,575,2009,0
10,3,22,575,2010,0
10,3,22,575,2011,0
10,3,22,575,2012,0
10,3,22,575,2013,0
10,3,22,575,2014,0
10,3,22,575,2015,0
10,3,22,575,2016,0
10,3,27,575,1990,0
10,3,27,575,1991,0
10,3,27,575,1992,0
10,3,27,575,1993,0
10,3,27,575,1994,0
10,3,27,575,1995,0
10,3,27,575,1996,0
10,3,27,575,1997,0
10,3,27,575,1998,0
10,3,27,575,1999,0
10,3,27,575,2000,0
10,3,27,575,2001,0
10,3,27,575,2002,0
10,3,27,575,2003,0
10,3,27,575,2004,0
10,3,27,575,2005,0
10,3,27,575,2006,0
10,3,27,575,2007,0
10,3,27,575,2008,0
10,3,27,575,2009,0
10,3,27,575,2010,0
10,3,27,575,2011,0
10,3,27,575,2012,0
10,3,27,575,2013,0
10,3,27,575,2014,0
10,3,27,575,2015,0
10,3,27,575,2016,0
11,1,22,575,1990,0
11,1,22,575,1991,0
11,1,22,575,1992,0
11,1,22,575,1993,0
11,1,22,575,1994,0
11,1,22,575,1995,0
11,1,22,575,1996,0
11,1,22,575,1997,0
11,1,22,575,1998,0
11,1,22,575,1999,0
11,1,22,575,2000,0
11,1,22,575,2001,0
11,1,22,575,2002,0
11,1,22,575,2003,0
11,1,22,575,2004,0
11,1,22,575,2005,0
11,1,22,575,2006,0
11,1,22,575,2007,0
11,1,22,575,2008,0
11,1,22,575,2009,0
11,1,22,575,2010,0
11,1,22,575,2011,0
11,1,22,575,2012,0
11,1,22,575,2013,0
11,1,22,575,2014,0
11,1,22,575,2015,0
11,1,22,575,2016,0
11,1,27,575,1990,0
11,1,27,575,1991,0
11,1,27,575,1992,0
11,1,27,575,1993,0
11,1,27,575,1994,0
11,1,27,575,1995,0
11,1,27,575,1996,0
11,1,27,575,1997,0
11,1,27,575,1998,0
11,1,27,575,1999,0
11,1,27,575,2000,0
11,1,27,575,2001,0
11,1,27,575,2002,0
11,1,27,575,2003,0
11,1,27,575,2004,0
11,1,27,575,2005,0
11,1,27,575,2006,0
11,1,27,575,2007,0
11,1,27,575,2008,0
11,1,27,575,2009,0
11,1,27,575,2010,0
11,1,27,575,2011,0
11,1,27,575,2012,0
11,1,27,575,2013,0
11,1,27,575,2014,0
11,1,27,575,2015,0
11,1,27,575,2016,0
11,2,22,575,1990,0
11,2,22,575,1991,0
11,2,22,575,1992,0
11,2,22,575,1993,0
11,2,22,575,1994,0
11,2,22,575,1995,0
11,2,22,575,1996,0
11,2,22,575,1997,0
11,2,22,575,1998,0
11,2,22,575,1999,0
11,2,22,575,2000,0
11,2,22,575,2001,0
11,2,22,575,2002,0
11,2,22,575,2003,0
11,2,22,575,2004,0
11,2,22,575,2005,0
11,2,22,575,2006,0
11,2,22,575,2007,0
11,2,22,575,2008,0
11,2,22,575,2009,0
11,2,22,575,2010,0
11,2,22,575,2011,0
11,2,22,575,2012,0
11,2,22,575,2013,0
11,2,22,575,2014,0
11,2,22,575,2015,0
11,2,22,575,2016,0
11,2,27,575,1990,0
11,2,27,575,1991,0
11,2,27,575,1992,0
11,2,27,575,1993,0
11,2,27,575,1994,0
11,2,27,575,1995,0
11,2,27,575,1996,0
11,2,27,575,1997,0
11,2,27,575,1998,0
11,2,27,575,1999,0
11,2,27,575,2000,0
11,2,27,575,2001,0
11,2,27,575,2002,0
11,2,27,575,2003,0
11,2,27,575,2004,0
11,2,27,575,2005,0
11,2,27,575,2006,0
11,2,27,575,2007,0
11,2,27,575,2008,0
11,2,27,575,2009,0
11,2,27,575,2010,0
11,2,27,575,2011,0
11,2,27,575,2012,0
11,2,27,575,2013,0
11,2,27,575,2014,0
11,2,27,575,2015,0
11,2,27,575,2016,0
11,3,22,575,1990,0
11,3,22,575,1991,0
11,3,22,575,1992,0
11,3,22,575,1993,0
11,3,22,575,1994,0
11,3,22,575,1995,0
11,3,22,575,1996,0
11,3,22,575,1997,0
11,3,22,575,1998,0
11,3,22,575,1999,0
11,3,22,575,2000,0
11,3,22,575,2001,0
11,3,22,575,2002,0
11,3,22,575,2003,0
11,3,22,575,2004,0
11,3,22,575,2005,0
11,3,22,575,2006,0
11,3,22,575,2007,0
11,3,22,575,2008,0
11,3,22,575,2009,0
11,3,22,575,2010,0
11,3,22,575,2011,0
11,3,22,575,2012,0
11,3,22,575,2013,0
11,3,22,575,2014,0
11,3,22,575,2015,0
11,3,22,575,2016,0
11,3,27,575,1990,0
11,3,27,575,1991,0
11,3,27,575,1992,0
11,3,27,575,1993,0
11,3,27,575,1994,0
11,3,27,575,1995,0
11,3,27,575,1996,0
11,3,27,575,1997,0
11,3,27,575,1998,0
11,3,27,575,1999,0
11,3,27,575,2000,0
11,3,27,575,2001,0
11,3,27,575,2002,0
11,3,27,575,2003,0
11,3,27,575,2004,0
11,3,27,575,2005,0
11,3,27,575,2006,0
11,3,27,575,2007,0
11,3,27,575,2008,0
11,3,27,575,2009,0
11,3,27,575,2010,0
11,3,27,575,2011,0
11,3,27,575,2012,0
11,3,27,575,2013,0
11,3,27,575,2014,0
11,3,27,575,2015,0
11,3,27,575,2016,0
12,1,22,575,1990,0
12,1,22,575,1991,0
12,1,22,575,1992,0
12,1,22,575,1993,0
12,1,22,575,1994,0
12,1,22,575,1995,0
12,1,22,575,1996,0
12,1,22,575,1997,0
12,1,22,575,1998,0
12,1,22,575,1999,0
12,1,22,575,2000,0
12,1,22,575,2001,0
12,1,22,575,2002,0
12,1,22,575,2003,0
12,1,22,575,2004,0
12,1,22,575,2005,0
12,1,22,575,2006,0
12,1,22,575,2007,0
12,1,22,575,2008,0
12,1,22,575,2009,0
12,1,22,575,2010,0
12,1,22,575,2011,0
12,1,22,575,2012,0
12,1,22,575,2013,0
12,1,22,575,2014,0
12,1,22,575,2015,0
12,1,22,575,2016,0
12,1,27,575,1990,0
12,1,27,575,1991,0
12,1,27,575,1992,0
12,1,27,575,1993,0
12,1,27,575,1994,0
12,1,27,575,1995,0
12,1,27,575,1996,0
12,1,27,575,1997,0
12,1,27,575,1998,0
12,1,27,575,1999,0
12,1,27,575,2000,0
12,1,27,575,2001,0
12,1,27,575,2002,0
12,1,27,575,2003,0
12,1,27,575,2004,0
12,1,27,575,2005,0
12,1,27,575,2006,0
12,1,27,575,2007,0
12,1,27,575,2008,0
12,1,27,575,2009,0
12,1,27,575,2010,0
12,1,27,575,2011,0
12,1,27,575,2012,0
12,1,27,575,2013,0
12,1,27,575,2014,0
12,1,27,575,2015,0
12,1,27,575,2016,0
12,2,22,575,1990,0
12,2,22,575,1991,0
12,2,22,575,1992,0
12,2,22,575,1993,0
12,2,22,575,1994,0
12,2,22,575,1995,0
12,2,22,575,1996,0
12,2,22,575,1997,0
12,2,22,575,1998,0
12,2,22,575,1999,0
12,2,22,575,2000,0
12,2,22,575,2001,0
12,2,22,575,2002,0
12,2,22,575,2003,0
12,2,22,575,2004,0
12,2,22,575,2005,0
12,2,22,575,2006,0
12,2,22,575,2007,0
12,2,22,575,2008,0
12,2,22,575,2009,0
12,2,22,575,2010,0
12,2,22,575,2011,0
12,2,22,575,2012,0
12,2,22,575,2013,0
12,2,22,575,2014,0
12,2,22,575,2015,0
12,2,22,575,2016,0
12,2,27,575,1990,0
12,2,27,575,1991,0
12,2,27,575,1992,0
12,2,27,575,1993,0
12,2,27,575,1994,0
12,2,27,575,1995,0
12,2,27,575,1996,0
12,2,27,575,1997,0
12,2,27,575,1998,0
12,2,27,575,1999,0
12,2,27,575,2000,0
12,2,27,575,2001,0
12,2,27,575,2002,0
12,2,27,575,2003,0
12,2,27,575,2004,0
12,2,27,575,2005,0
12,2,27,575,2006,0
12,2,27,575,2007,0
12,2,27,575,2008,0
12,2,27,575,2009,0
12,2,27,575,2010,0
12,2,27,575,2011,0
12,2,27,575,2012,0
12,2,27,575,2013,0
12,2,27,575,2014,0
12,2,27,575,2015,0
12,2,27,575,2016,0
12,3,22,575,1990,0
12,3,22,575,1991,0
12,3,22,575,1992,0
12,3,22,575,1993,0
12,3,22,575,1994,0
12,3,22,575,1995,0
12,3,22,575,1996,0
12,3,22,575,1997,0
12,3,22,575,1998,0
12,3,22,575,1999,0
12,3,22,575,2000,0
12,3,22,575,2001,0
12,3,22,575,2002,0
12,3,22,575,2003,0
12,3,22,575,2004,0
12,3,22,575,2005,0
12,3,22,575,2006,0
12,3,22,575,2007,0
12,3,22,575,2008,0
12,3,22,575,2009,0
12,3,22,575,2010,0
12,3,22,575,2011,0
12,3,22,575,2012,0
12,3,22,575,2013,0
12,3,22,575,2014,0
12,3,22,575,2015,0
12,3,22,575,2016,0
12,3,27,575,1990,0
12,3,27,575,1991,0
12,3,27,575,1992,0
12,3,27,575,1993,0
12,3,27,575,1994,0
12,3,27,575,1995,0
12,3,27,575,1996,0
12,3,27,575,1997,0
12,3,27,575,1998,0
12,3,27,575,1999,0
12,3,27,575,2000,0
12,3,27,575,2001,0
12,3,27,575,2002,0
12,3,27,575,2003,0
12,3,27,575,2004,0
12,3,27,575,2005,0
12,3,27,575,2006,0
12,3,27,575,2007,0
12,3,27,575,2008,0
12,3,27,575,2009,0
12,3,27,575,2010,0
12,3,27,575,2011,0
12,3,27,575,2012,0
12,3,27,575,2013,0
12,3,27,575,2014,0
12,3,27,575,2015,0
12,3,27,575,2016,0
13,1,22,575,1990,0
13,1,22,575,1991,0
13,1,22,575,1992,0
13,1,22,575,1993,0
13,1,22,575,1994,0
13,1,22,575,1995,0
13,1,22,575,1996,0
13,1,22,575,1997,0
13,1,22,575,1998,0
13,1,22,575,1999,0
13,1,22,575,2000,0
13,1,22,575,2001,0
13,1,22,575,2002,0
13,1,22,575,2003,0
13,1,22,575,2004,0
13,1,22,575,2005,0
13,1,22,575,2006,0
13,1,22,575,2007,0
13,1,22,575,2008,0
13,1,22,575,2009,0
13,1,22,575,2010,0
13,1,22,575,2011,0
13,1,22,575,2012,0
13,1,22,575,2013,0
13,1,22,575,2014,0
13,1,22,575,2015,0
13,1,22,575,2016,0
13,1,27,575,1990,0
13,1,27,575,1991,0
13,1,27,575,1992,0
13,1,27,575,1993,0
13,1,27,575,1994,0
13,1,27,575,1995,0
13,1,27,575,1996,0
13,1,27,575,1997,0
13,1,27,575,1998,0
13,1,27,575,1999,0
13,1,27,575,2000,0
13,1,27,575,2001,0
13,1,27,575,2002,0
13,1,27,575,2003,0
13,1,27,575,2004,0
13,1,27,575,2005,0
13,1,27,575,2006,0
13,1,27,575,2007,0
13,1,27,575,2008,0
13,1,27,575,2009,0
13,1,27,575,2010,0
13,1,27,575,2011,0
13,1,27,575,2012,0
13,1,27,575,2013,0
13,1,27,575,2014,0
13,1,27,575,2015,0
13,1,27,575,2016,0
13,2,22,575,1990,0
13,2,22,575,1991,0
13,2,22,575,1992,0
13,2,22,575,1993,0
13,2,22,575,1994,0
13,2,22,575,1995,0
13,2,22,575,1996,0
13,2,22,575,1997,0
13,2,22,575,1998,0
13,2,22,575,1999,0
13,2,22,575,2000,0
13,2,22,575,2001,0
13,2,22,575,2002,0
13,2,22,575,2003,0
13,2,22,575,2004,0
13,2,22,575,2005,0
13,2,22,575,2006,0
13,2,22,575,2007,0
13,2,22,575,2008,0
13,2,22,575,2009,0
13,2,22,575,2010,0
13,2,22,575,2011,0
13,2,22,575,2012,0
13,2,22,575,2013,0
13,2,22,575,2014,0
13,2,22,575,2015,0
13,2,22,575,2016,0
13,2,27,575,1990,0
13,2,27,575,1991,0
13,2,27,575,1992,0
13,2,27,575,1993,0
13,2,27,575,1994,0
13,2,27,575,1995,0
13,2,27,575,1996,0
13,2,27,575,1997,0
13,2,27,575,1998,0
13,2,27,575,1999,0
13,2,27,575,2000,0
13,2,27,575,2001,0
13,2,27,575,2002,0
13,2,27,575,2003,0
13,2,27,575,2004,0
13,2,27,575,2005,0
13,2,27,575,2006,0
13,2,27,575,2007,0
13,2,27,575,2008,0
13,2,27,575,2009,0
13,2,27,575,2010,0
13,2,27,575,2011,0
13,2,27,575,2012,0
13,2,27,575,2013,0
13,2,27,575,2014,0
13,2,27,575,2015,0
13,2,27,575,2016,0
13,3,22,575,1990,0
13,3,22,575,1991,0
13,3,22,575,1992,0
13,3,22,575,1993,0
13,3,22,575,1994,0
13,3,22,575,1995,0
13,3,22,575,1996,0
13,3,22,575,1997,0
13,3,22,575,1998,0
13,3,22,575,1999,0
13,3,22,575,2000,0
13,3,22,575,2001,0
13,3,22,575,2002,0
13,3,22,575,2003,0
13,3,22,575,2004,0
13,3,22,575,2005,0
13,3,22,575,2006,0
13,3,22,575,2007,0
13,3,22,575,2008,0
13,3,22,575,2009,0
13,3,22,575,2010,0
13,3,22,575,2011,0
13,3,22,575,2012,0
13,3,22,575,2013,0
13,3,22,575,2014,0
13,3,22,575,2015,0
13,3,22,575,2016,0
13,3,27,575,1990,0
13,3,27,575,1991,0
13,3,27,575,1992,0
13,3,27,575,1993,0
13,3,27,575,1994,0
13,3,27,575,1995,0
13,3,27,575,1996,0
13,3,27,575,1997,0
13,3,27,575,1998,0
13,3,27,575,1999,0
13,3,27,575,2000,0
13,3,27,575,2001,0
13,3,27,575,2002,0
13,3,27,575,2003,0
13,3,27,575,2004,0
13,3,27,575,2005,0
13,3,27,575,2006,0
13,3,27,575,2007,0
13,3,27,575,2008,0
13,3,27,575,2009,0
13,3,27,575,2010,0
13,3,27,575,2011,0
13,3,27,575,2012,0
13,3,27,575,2013,0
13,3,27,575,2014,0
13,3,27,575,2015,0
13,3,27,575,2016,0
14,1,22,575,1990,0
14,1,22,575,1991,0
14,1,22,575,1992,0
14,1,22,575,1993,0
14,1,22,575,1994,0
14,1,22,575,1995,0
14,1,22,575,1996,0
14,1,22,575,1997,0
14,1,22,575,1998,0
14,1,22,575,1999,0
14,1,22,575,2000,0
14,1,22,575,2001,0
14,1,22,575,2002,0
14,1,22,575,2003,0
14,1,22,575,2004,0
14,1,22,575,2005,0
14,1,22,575,2006,0
14,1,22,575,2007,0
14,1,22,575,2008,0
14,1,22,575,2009,0
14,1,22,575,2010,0
14,1,22,575,2011,0
14,1,22,575,2012,0
14,1,22,575,2013,0
14,1,22,575,2014,0
14,1,22,575,2015,0
14,1,22,575,2016,0
14,1,27,575,1990,0
14,1,27,575,1991,0
14,1,27,575,1992,0
14,1,27,575,1993,0
14,1,27,575,1994,0
14,1,27,575,1995,0
14,1,27,575,1996,0
14,1,27,575,1997,0
14,1,27,575,1998,0
14,1,27,575,1999,0
14,1,27,575,2000,0
14,1,27,575,2001,0
14,1,27,575,2002,0
14,1,27,575,2003,0
14,1,27,575,2004,0
14,1,27,575,2005,0
14,1,27,575,2006,0
14,1,27,575,2007,0
14,1,27,575,2008,0
14,1,27,575,2009,0
14,1,27,575,2010,0
14,1,27,575,2011,0
14,1,27,575,2012,0
14,1,27,575,2013,0
14,1,27,575,2014,0
14,1,27,575,2015,0
14,1,27,575,2016,0
14,2,22,575,1990,0
14,2,22,575,1991,0
14,2,22,575,1992,0
14,2,22,575,1993,0
14,2,22,575,1994,0
14,2,22,575,1995,0
14,2,22,575,1996,0
14,2,22,575,1997,0
14,2,22,575,1998,0
14,2,22,575,1999,0
14,2,22,575,2000,0
14,2,22,575,2001,0
14,2,22,575,2002,0
14,2,22,575,2003,0
14,2,22,575,2004,0
14,2,22,575,2005,0
14,2,22,575,2006,0
14,2,22,575,2007,0
14,2,22,575,2008,0
14,2,22,575,2009,0
14,2,22,575,2010,0
14,2,22,575,2011,0
14,2,22,575,2012,0
14,2,22,575,2013,0
14,2,22,575,2014,0
14,2,22,575,2015,0
14,2,22,575,2016,0
14,2,27,575,1990,0
14,2,27,575,1991,0
14,2,27,575,1992,0
14,2,27,575,1993,0
14,2,27,575,1994,0
14,2,27,575,1995,0
14,2,27,575,1996,0
14,2,27,575,1997,0
14,2,27,575,1998,0
14,2,27,575,1999,0
14,2,27,575,2000,0
14,2,27,575,2001,0
14,2,27,575,2002,0
14,2,27,575,2003,0
14,2,27,575,2004,0
14,2,27,575,2005,0
14,2,27,575,2006,0
14,2,27,575,2007,0
14,2,27,575,2008,0
14,2,27,575,2009,0
14,2,27,575,2010,0
14,2,27,575,2011,0
14,2,27,575,2012,0
14,2,27,575,2013,0
14,2,27,575,2014,0
14,2,27,575,2015,0
14,2,27,575,2016,0
14,3,22,575,1990,0
14,3,22,575,1991,0
14,3,22,575,1992,0
14,3,22,575,1993,0
14,3,22,575,1994,0
14,3,22,575,1995,0
14,3,22,575,1996,0
14,3,22,575,1997,0
14,3,22,575,1998,0
14,3,22,575,1999,0
14,3,22,575,2000,0
14,3,22,575,2001,0
14,3,22,575,2002,0
14,3,22,575,2003,0
14,3,22,575,2004,0
14,3,22,575,2005,0
14,3,22,575,2006,0
14,3,22,575,2007,0
14,3,22,575,2008,0
14,3,22,575,2009,0
14,3,22,575,2010,0
14,3,22,575,2011,0
14,3,22,575,2012,0
14,3,22,575,2013,0
14,3,22,575,2014,0
14,3,22,575,2015,0
14,3,22,575,2016,0
14,3,27,575,1990,0
14,3,27,575,1991,0
14,3,27,575,1992,0
14,3,27,575,1993,0
14,3,27,575,1994,0
14,3,27,575,1995,0
14,3,27,575,1996,0
14,3,27,575,1997,0
14,3,27,575,1998,0
14,3,27,575,1999,0
14,3,27,575,2000,0
14,3,27,575,2001,0
14,3,27,575,2002,0
14,3,27,575,2003,0
14,3,27,575,2004,0
14,3,27,575,2005,0
14,3,27,575,2006,0
14,3,27,575,2007,0
14,3,27,575,2008,0
14,3,27,575,2009,0
14,3,27,575,2010,0
14,3,27,575,2011,0
14,3,27,575,2012,0
14,3,27,575,2013,0
14,3,27,575,2014,0
14,3,27,575,2015,0
14,3,27,575,2016,0
15,1,22,575,1990,0
15,1,22,575,1991,0
15,1,22,575,1992,0
15,1,22,575,1993,0
15,1,22,575,1994,0
15,1,22,575,1995,0
15,1,22,575,1996,0
15,1,22,575,1997,0
15,1,22,575,1998,0
15,1,22,575,1999,0
15,1,22,575,2000,0
15,1,22,575,2001,0
15,1,22,575,2002,0
15,1,22,575,2003,0
15,1,22,575,2004,0
15,1,22,575,2005,0
15,1,22,575,2006,0
15,1,22,575,2007,0
15,1,22,575,2008,0
15,1,22,575,2009,0
15,1,22,575,2010,0
15,1,22,575,2011,0
15,1,22,575,2012,0
15,1,22,575,2013,0
15,1,22,575,2014,0
15,1,22,575,2015,0
15,1,22,575,2016,0
15,1,27,575,1990,0
15,1,27,575,1991,0
15,1,27,575,1992,0
15,1,27,575,1993,0
15,1,27,575,1994,0
15,1,27,575,1995,0
15,1,27,575,1996,0
15,1,27,575,1997,0
15,1,27,575,1998,0
15,1,27,575,1999,0
15,1,27,575,2000,0
15,1,27,575,2001,0
15,1,27,575,2002,0
15,1,27,575,2003,0
15,1,27,575,2004,0
15,1,27,575,2005,0
15,1,27,575,2006,0
15,1,27,575,2007,0
15,1,27,575,2008,0
15,1,27,575,2009,0
15,1,27,575,2010,0
15,1,27,575,2011,0
15,1,27,575,2012,0
15,1,27,575,2013,0
15,1,27,575,2014,0
15,1,27,575,2015,0
15,1,27,575,2016,0
15,2,22,575,1990,0
15,2,22,575,1991,0
15,2,22,575,1992,0
15,2,22,575,1993,0
15,2,22,575,1994,0
15,2,22,575,1995,0
15,2,22,575,1996,0
15,2,22,575,1997,0
15,2,22,575,1998,0
15,2,22,575,1999,0
15,2,22,575,2000,0
15,2,22,575,2001,0
15,2,22,575,2002,0
15,2,22,575,2003,0
15,2,22,575,2004,0
15,2,22,575,2005,0
15,2,22,575,2006,0
15,2,22,575,2007,0
15,2,22,575,2008,0
15,2,22,575,2009,0
15,2,22,575,2010,0
15,2,22,575,2011,0
15,2,22,575,2012,0
15,2,22,575,2013,0
15,2,22,575,2014,0
15,2,22,575,2015,0
15,2,22,575,2016,0
15,2,27,575,1990,0
15,2,27,575,1991,0
15,2,27,575,1992,0
15,2,27,575,1993,0
15,2,27,575,1994,0
15,2,27,575,1995,0
15,2,27,575,1996,0
15,2,27,575,1997,0
15,2,27,575,1998,0
15,2,27,575,1999,0
15,2,27,575,2000,0
15,2,27,575,2001,0
15,2,27,575,2002,0
15,2,27,575,2003,0
15,2,27,575,2004,0
15,2,27,575,2005,0
15,2,27,575,2006,0
15,2,27,575,2007,0
15,2,27,575,2008,0
15,2,27,575,2009,0
15,2,27,575,2010,0
15,2,27,575,2011,0
15,2,27,575,2012,0
15,2,27,575,2013,0
15,2,27,575,2014,0
15,2,27,575,2015,0
15,2,27,575,2016,0
15,3,22,575,1990,0
15,3,22,575,1991,0
15,3,22,575,1992,0
15,3,22,575,1993,0
15,3,22,575,1994,0
15,3,22,575,1995,0
15,3,22,575,1996,0
15,3,22,575,1997,0
15,3,22,575,1998,0
15,3,22,575,1999,0
15,3,22,575,2000,0
15,3,22,575,2001,0
15,3,22,575,2002,0
15,3,22,575,2003,0
15,3,22,575,2004,0
15,3,22,575,2005,0
15,3,22,575,2006,0
15,3,22,575,2007,0
15,3,22,575,2008,0
15,3,22,575,2009,0
15,3,22,575,2010,0
15,3,22,575,2011,0
15,3,22,575,2012,0
15,3,22,575,2013,0
15,3,22,575,2014,0
15,3,22,575,2015,0
15,3,22,575,2016,0
15,3,27,575,1990,0
15,3,27,575,1991,0
15,3,27,575,1992,0
15,3,27,575,1993,0
15,3,27,575,1994,0
15,3,27,575,1995,0
15,3,27,575,1996,0
15,3,27,575,1997,0
15,3,27,575,1998,0
15,3,27,575,1999,0
15,3,27,575,2000,0
15,3,27,575,2001,0
15,3,27,575,2002,0
15,3,27,575,2003,0
15,3,27,575,2004,0
15,3,27,575,2005,0
15,3,27,575,2006,0
15,3,27,575,2007,0
15,3,27,575,2008,0
15,3,27,575,2009,0
15,3,27,575,2010,0
15,3,27,575,2011,0
15,3,27,575,2012,0
15,3,27,575,2013,0
15,3,27,575,2014,0
15,3,27,575,2015,0
15,3,27,575,2016,0
16,1,22,575,1990,0
16,1,22,575,1991,0
16,1,22,575,1992,0
16,1,22,575,1993,0
16,1,22,575,1994,0
16,1,22,575,1995,0
16,1,22,575,1996,0
16,1,22,575,1997,0
16,1,22,575,1998,0
16,1,22,575,1999,0
16,1,22,575,2000,0
16,1,22,575,2001,0
16,1,22,575,2002,0
16,1,22,575,2003,0
16,1,22,575,2004,0
16,1,22,575,2005,0
16,1,22,575,2006,0
16,1,22,575,2007,0
16,1,22,575,2008,0
16,1,22,575,2009,0
16,1,22,575,2010,0
16,1,22,575,2011,0
16,1,22,575,2012,0
16,1,22,575,2013,0
16,1,22,575,2014,0
16,1,22,575,2015,0
16,1,22,575,2016,0
16,1,27,575,1990,0
16,1,27,575,1991,0
16,1,27,575,1992,0
16,1,27,575,1993,0
16,1,27,575,1994,0
16,1,27,575,1995,0
16,1,27,575,1996,0
16,1,27,575,1997,0
16,1,27,575,1998,0
16,1,27,575,1999,0
16,1,27,575,2000,0
16,1,27,575,2001,0
16,1,27,575,2002,0
16,1,27,575,2003,0
16,1,27,575,2004,0
16,1,27,575,2005,0
16,1,27,575,2006,0
16,1,27,575,2007,0
16,1,27,575,2008,0
16,1,27,575,2009,0
16,1,27,575,2010,0
16,1,27,575,2011,0
16,1,27,575,2012,0
16,1,27,575,2013,0
16,1,27,575,2014,0
16,1,27,575,2015,0
16,1,27,575,2016,0
16,2,22,575,1990,0
16,2,22,575,1991,0
16,2,22,575,1992,0
16,2,22,575,1993,0
16,2,22,575,1994,0
16,2,22,575,1995,0
16,2,22,575,1996,0
16,2,22,575,1997,0
16,2,22,575,1998,0
16,2,22,575,1999,0
16,2,22,575,2000,0
16,2,22,575,2001,0
16,2,22,575,2002,0
16,2,22,575,2003,0
16,2,22,575,2004,0
16,2,22,575,2005,0
16,2,22,575,2006,0
16,2,22,575,2007,0
16,2,22,575,2008,0
16,2,22,575,2009,0
16,2,22,575,2010,0
16,2,22,575,2011,0
16,2,22,575,2012,0
16,2,22,575,2013,0
16,2,22,575,2014,0
16,2,22,575,2015,0
16,2,22,575,2016,0
16,2,27,575,1990,0
16,2,27,575,1991,0
16,2,27,575,1992,0
16,2,27,575,1993,0
16,2,27,575,1994,0
16,2,27,575,1995,0
16,2,27,575,1996,0
16,2,27,575,1997,0
16,2,27,575,1998,0
16,2,27,575,1999,0
16,2,27,575,2000,0
16,2,27,575,2001,0
16,2,27,575,2002,0
16,2,27,575,2003,0
16,2,27,575,2004,0
16,2,27,575,2005,0
16,2,27,575,2006,0
16,2,27,575,2007,0
16,2,27,575,2008,0
16,2,27,575,2009,0
16,2,27,575,2010,0
16,2,27,575,2011,0
16,2,27,575,2012,0
16,2,27,575,2013,0
16,2,27,575,2014,0
16,2,27,575,2015,0
16,2,27,575,2016,0
16,3,22,575,1990,0
16,3,22,575,1991,0
16,3,22,575,1992,0
16,3,22,575,1993,0
16,3,22,575,1994,0
16,3,22,575,1995,0
16,3,22,575,1996,0
16,3,22,575,1997,0
16,3,22,575,1998,0
16,3,22,575,1999,0
16,3,22,575,2000,0
16,3,22,575,2001,0
16,3,22,575,2002,0
16,3,22,575,2003,0
16,3,22,575,2004,0
16,3,22,575,2005,0
16,3,22,575,2006,0
16,3,22,575,2007,0
16,3,22,575,2008,0
16,3,22,575,2009,0
16,3,22,575,2010,0
16,3,22,575,2011,0
16,3,22,575,2012,0
16,3,22,575,2013,0
16,3,22,575,2014,0
16,3,22,575,2015,0
16,3,22,575,2016,0
16,3,27,575,1990,0
16,3,27,575,1991,0
16,3,27,575,1992,0
16,3,27,575,1993,0
16,3,27,575,1994,0
16,3,27,575,1995,0
16,3,27,575,1996,0
16,3,27,575,1997,0
16,3,27,575,1998,0
16,3,27,575,1999,0
16,3,27,575,2000,0
16,3,27,575,2001,0
16,3,27,575,2002,0
16,3,27,575,2003,0
16,3,27,575,2004,0
16,3,27,575,2005,0
16,3,27,575,2006,0
16,3,27,575,2007,0
16,3,27,575,2008,0
16,3,27,575,2009,0
16,3,27,575,2010,0
16,3,27,575,2011,0
16,3,27,575,2012,0
16,3,27,575,2013,0
16,3,27,575,2014,0
16,3,27,575,2015,0
16,3,27,575,2016,0
17,1,22,575,1990,0
17,1,22,575,1991,0
17,1,22,575,1992,0
17,1,22,575,1993,0
17,1,22,575,1994,0
17,1,22,575,1995,0
17,1,22,575,1996,0
17,1,22,575,1997,0
17,1,22,575,1998,0
17,1,22,575,1999,0
17,1,22,575,2000,0
17,1,22,575,2001,0
17,1,22,575,2002,0
17,1,22,575,2003,0
17,1,22,575,2004,0
17,1,22,575,2005,0
17,1,22,575,2006,0
17,1,22,575,2007,0
17,1,22,575,2008,0
17,1,22,575,2009,0
17,1,22,575,2010,0
17,1,22,575,2011,0
17,1,22,575,2012,0
17,1,22,575,2013,0
17,1,22,575,2014,0
17,1,22,575,2015,0
17,1,22,575,2016,0
17,1,27,575,1990,0
17,1,27,575,1991,0
17,1,27,575,1992,0
17,1,27,575,1993,0
17,1,27,575,1994,0
17,1,27,575,1995,0
17,1,27,575,1996,0
17,1,27,575,1997,0
17,1,27,575,1998,0
17,1,27,575,1999,0
17,1,27,575,2000,0
17,1,27,575,2001,0
17,1,27,575,2002,0
17,1,27,575,2003,0
17,1,27,575,2004,0
17,1,27,575,2005,0
17,1,27,575,2006,0
17,1,27,575,2007,0
17,1,27,575,2008,0
17,1,27,575,2009,0
17,1,27,575,2010,0
17,1,27,575,2011,0
17,1,27,575,2012,0
17,1,27,575,2013,0
17,1,27,575,2014,0
17,1,27,575,2015,0
17,1,27,575,2016,0
17,2,22,575,1990,0
17,2,22,575,1991,0
17,2,22,575,1992,0
17,2,22,575,1993,0
17,2,22,575,1994,0
17,2,22,575,1995,0
17,2,22,575,1996,0
17,2,22,575,1997,0
17,2,22,575,1998,0
17,2,22,575,1999,0
17,2,22,575,2000,0
17,2,22,575,2001,0
17,2,22,575,2002,0
17,2,22,575,2003,0
17,2,22,575,2004,0
17,2,22,575,2005,0
17,2,22,575,2006,0
17,2,22,575,2007,0
17,2,22,575,2008,0
17,2,22,575,2009,0
17,2,22,575,2010,0
17,2,22,575,2011,0
17,2,22,575,2012,0
17,2,22,575,2013,0
17,2,22,575,2014,0
17,2,22,575,2015,0
17,2,22,575,2016,0
17,2,27,575,1990,0
17,2,27,575,1991,0
17,2,27,575,1992,0
17,2,27,575,1993,0
17,2,27,575,1994,0
17,2,27,575,1995,0
17,2,27,575,1996,0
17,2,27,575,1997,0
17,2,27,575,1998,0
17,2,27,575,1999,0
17,2,27,575,2000,0
17,2,27,575,2001,0
17,2,27,575,2002,0
17,2,27,575,2003,0
17,2,27,575,2004,0
17,2,27,575,2005,0
17,2,27,575,2006,0
17,2,27,575,2007,0
17,2,27,575,2008,0
17,2,27,575,2009,0
17,2,27,575,2010,0
17,2,27,575,2011,0
17,2,27,575,2012,0
17,2,27,575,2013,0
17,2,27,575,2014,0
17,2,27,575,2015,0
17,2,27,575,2016,0
17,3,22,575,1990,0
17,3,22,575,1991,0
17,3,22,575,1992,0
17,3,22,575,1993,0
17,3,22,575,1994,0
17,3,22,575,1995,0
17,3,22,575,1996,0
17,3,22,575,1997,0
17,3,22,575,1998,0
17,3,22,575,1999,0
17,3,22,575,2000,0
17,3,22,575,2001,0
17,3,22,575,2002,0
17,3,22,575,2003,0
17,3,22,575,2004,0
17,3,22,575,2005,0
17,3,22,575,2006,0
17,3,22,575,2007,0
17,3,22,575,2008,0
17,3,22,575,2009,0
17,3,22,575,2010,0
17,3,22,575,2011,0
17,3,22,575,2012,0
17,3,22,575,2013,0
17,3,22,575,2014,0
17,3,22,575,2015,0
17,3,22,575,2016,0
17,3,27,575,1990,0
17,3,27,575,1991,0
17,3,27,575,1992,0
17,3,27,575,1993,0
17,3,27,575,1994,0
17,3,27,575,1995,0
17,3,27,575,1996,0
17,3,27,575,1997,0
17,3,27,575,1998,0
17,3,27,575,1999,0
17,3,27,575,2000,0
17,3,27,575,2001,0
17,3,27,575,2002,0
17,3,27,575,2003,0
17,3,27,575,2004,0
17,3,27,575,2005,0
17,3,27,575,2006,0
17,3,27,575,2007,0
17,3,27,575,2008,0
17,3,27,575,2009,0
17,3,27,575,2010,0
17,3,27,575,2011,0
17,3,27,575,2012,0
17,3,27,575,2013,0
17,3,27,575,2014,0
17,3,27,575,2015,0
17,3,27,575,2016,0
18,1,22,575,1990,0
18,1,22,575,1991,0
18,1,22,575,1992,0
18,1,22,575,1993,0
18,1,22,575,1994,0
18,1,22,575,1995,0
18,1,22,575,1996,0
18,1,22,575,1997,0
18,1,22,575,1998,0
18,1,22,575,1999,0
18,1,22,575,2000,0
18,1,22,575,2001,0
18,1,22,575,2002,0
18,1,22,575,2003,0
18,1,22,575,2004,0
18,1,22,575,2005,0
18,1,22,575,2006,0
18,1,22,575,2007,0
18,1,22,575,2008,0
18,1,22,575,2009,0
18,1,22,575,2010,0
18,1,22,575,2011,0
18,1,22,575,2012,0
18,1,22,575,2013,0
18,1,22,575,2014,0
18,1,22,575,2015,0
18,1,22,575,2016,0
18,1,27,575,1990,0
18,1,27,575,1991,0
18,1,27,575,1992,0
18,1,27,575,1993,0
18,1,27,575,1994,0
18,1,27,575,1995,0
18,1,27,575,1996,0
18,1,27,575,1997,0
18,1,27,575,1998,0
18,1,27,575,1999,0
18,1,27,575,2000,0
18,1,27,575,2001,0
18,1,27,575,2002,0
18,1,27,575,2003,0
18,1,27,575,2004,0
18,1,27,575,2005,0
18,1,27,575,2006,0
18,1,27,575,2007,0
18,1,27,575,2008,0
18,1,27,575,2009,0
18,1,27,575,2010,0
18,1,27,575,2011,0
18,1,27,575,2012,0
18,1,27,575,2013,0
18,1,27,575,2014,0
18,1,27,575,2015,0
18,1,27,575,2016,0
18,2,22,575,1990,0
18,2,22,575,1991,0
18,2,22,575,1992,0
18,2,22,575,1993,0
18,2,22,575,1994,0
18,2,22,575,1995,0
18,2,22,575,1996,0
18,2,22,575,1997,0
18,2,22,575,1998,0
18,2,22,575,1999,0
18,2,22,575,2000,0
18,2,22,575,2001,0
18,2,22,575,2002,0
18,2,22,575,2003,0
18,2,22,575,2004,0
18,2,22,575,2005,0
18,2,22,575,2006,0
18,2,22,575,2007,0
18,2,22,575,2008,0
18,2,22,575,2009,0
18,2,22,575,2010,0
18,2,22,575,2011,0
18,2,22,575,2012,0
18,2,22,575,2013,0
18,2,22,575,2014,0
18,2,22,575,2015,0
18,2,22,575,2016,0
18,2,27,575,1990,0
18,2,27,575,1991,0
18,2,27,575,1992,0
18,2,27,575,1993,0
18,2,27,575,1994,0
18,2,27,575,1995,0
18,2,27,575,1996,0
18,2,27,575,1997,0
18,2,27,575,1998,0
18,2,27,575,1999,0
18,2,27,575,2000,0
18,2,27,575,2001,0
18,2,27,575,2002,0
18,2,27,575,2003,0
18,2,27,575,2004,0
18,2,27,575,2005,0
18,2,27,575,2006,0
18,2,27,575,2007,0
18,2,27,575,2008,0
18,2,27,575,2009,0
18,2,27,575,2010,0
18,2,27,575,2011,0
18,2,27,575,2012,0
18,2,27,575,2013,0
18,2,27,575,2014,0
18,2,27,575,2015,0
18,2,27,575,2016,0
18,3,22,575,1990,0
18,3,22,575,1991,0
18,3,22,575,1992,0
18,3,22,575,1993,0
18,3,22,575,1994,0
18,3,22,575,1995,0
18,3,22,575,1996,0
18,3,22,575,1997,0
18,3,22,575,1998,0
18,3,22,575,1999,0
18,3,22,575,2000,0
18,3,22,575,2001,0
18,3,22,575,2002,0
18,3,22,575,2003,0
18,3,22,575,2004,0
18,3,22,575,2005,0
18,3,22,575,2006,0
18,3,22,575,2007,0
18,3,22,575,2008,0
18,3,22,575,2009,0
18,3,22,575,2010,0
18,3,22,575,2011,0
18,3,22,575,2012,0
18,3,22,575,2013,0
18,3,22,575,2014,0
18,3,22,575,2015,0
18,3,22,575,2016,0
18,3,27,575,1990,0
18,3,27,575,1991,0
18,3,27,575,1992,0
18,3,27,575,1993,0
18,3,27,575,1994,0
18,3,27,575,1995,0
18,3,27,575,1996,0
18,3,27,575,1997,0
18,3,27,575,1998,0
18,3,27,575,1999,0
18,3,27,575,2000,0
18,3,27,575,2001,0
18,3,27,575,2002,0
18,3,27,575,2003,0
18,3,27,575,2004,0
18,3,27,575,2005,0
18,3,27,575,2006,0
18,3,27,575,2007,0
18,3,27,575,2008,0
18,3,27,575,2009,0
18,3,27,575,2010,0
18,3,27,575,2011,0
18,3,27,575,2012,0
18,3,27,575,2013,0
18,3,27,575,2014,0
18,3,27,575,2015,0
18,3,27,575,2016,0
19,1,22,575,1990,0
19,1,22,575,1991,0
19,1,22,575,1992,0
19,1,22,575,1993,0
19,1,22,575,1994,0
19,1,22,575,1995,0
19,1,22,575,1996,0
19,1,22,575,1997,0
19,1,22,575,1998,0
19,1,22,575,1999,0
19,1,22,575,2000,0
19,1,22,575,2001,0
19,1,22,575,2002,0
19,1,22,575,2003,0
19,1,22,575,2004,0
19,1,22,575,2005,0
19,1,22,575,2006,0
19,1,22,575,2007,0
19,1,22,575,2008,0
19,1,22,575,2009,0
19,1,22,575,2010,0
19,1,22,575,2011,0
19,1,22,575,2012,0
19,1,22,575,2013,0
19,1,22,575,2014,0
19,1,22,575,2015,0
19,1,22,575,2016,0
19,1,27,575,1990,0
19,1,27,575,1991,0
19,1,27,575,1992,0
19,1,27,575,1993,0
19,1,27,575,1994,0
19,1,27,575,1995,0
19,1,27,575,1996,0
19,1,27,575,1997,0
19,1,27,575,1998,0
19,1,27,575,1999,0
19,1,27,575,2000,0
19,1,27,575,2001,0
19,1,27,575,2002,0
19,1,27,575,2003,0
19,1,27,575,2004,0
19,1,27,575,2005,0
19,1,27,575,2006,0
19,1,27,575,2007,0
19,1,27,575,2008,0
19,1,27,575,2009,0
19,1,27,575,2010,0
19,1,27,575,2011,0
19,1,27,575,2012,0
19,1,27,575,2013,0
19,1,27,575,2014,0
19,1,27,575,2015,0
19,1,27,575,2016,0
19,2,22,575,1990,0
19,2,22,575,1991,0
19,2,22,575,1992,0
19,2,22,575,1993,0
19,2,22,575,1994,0
19,2,22,575,1995,0
19,2,22,575,1996,0
19,2,22,575,1997,0
19,2,22,575,1998,0
19,2,22,575,1999,0
19,2,22,575,2000,0
19,2,22,575,2001,0
19,2,22,575,2002,0
19,2,22,575,2003,0
19,2,22,575,2004,0
19,2,22,575,2005,0
19,2,22,575,2006,0
19,2,22,575,2007,0
19,2,22,575,2008,0
19,2,22,575,2009,0
19,2,22,575,2010,0
19,2,22,575,2011,0
19,2,22,575,2012,0
19,2,22,575,2013,0
19,2,22,575,2014,0
19,2,22,575,2015,0
19,2,22,575,2016,0
19,2,27,575,1990,0
19,2,27,575,1991,0
19,2,27,575,1992,0
19,2,27,575,1993,0
19,2,27,575,1994,0
19,2,27,575,1995,0
19,2,27,575,1996,0
19,2,27,575,1997,0
19,2,27,575,1998,0
19,2,27,575,1999,0
19,2,27,575,2000,0
19,2,27,575,2001,0
19,2,27,575,2002,0
19,2,27,575,2003,0
19,2,27,575,2004,0
19,2,27,575,2005,0
19,2,27,575,2006,0
19,2,27,575,2007,0
19,2,27,575,2008,0
19,2,27,575,2009,0
19,2,27,575,2010,0
19,2,27,575,2011,0
19,2,27,575,2012,0
19,2,27,575,2013,0
19,2,27,575,2014,0
19,2,27,575,2015,0
19,2,27,575,2016,0
19,3,22,575,1990,0
19,3,22,575,1991,0
19,3,22,575,1992,0
19,3,22,575,1993,0
19,3,22,575,1994,0
19,3,22,575,1995,0
19,3,22,575,1996,0
19,3,22,575,1997,0
19,3,22,575,1998,0
19,3,22,575,1999,0
19,3,22,575,2000,0
19,3,22,575,2001,0
19,3,22,575,2002,0
19,3,22,575,2003,0
19,3,22,575,2004,0
19,3,22,575,2005,0
19,3,22,575,2006,0
19,3,22,575,2007,0
19,3,22,575,2008,0
19,3,22,575,2009,0
19,3,22,575,2010,0
19,3,22,575,2011,0
19,3,22,575,2012,0
19,3,22,575,2013,0
19,3,22,575,2014,0
19,3,22,575,2015,0
19,3,22,575,2016,0
19,3,27,575,1990,0
19,3,27,575,1991,0
19,3,27,575,1992,0
19,3,27,575,1993,0
19,3,27,575,1994,0
19,3,27,575,1995,0
19,3,27,575,1996,0
19,3,27,575,1997,0
19,3,27,575,1998,0
19,3,27,575,1999,0
19,3,27,575,2000,0
19,3,27,575,2001,0
19,3,27,575,2002,0
19,3,27,575,2003,0
19,3,27,575,2004,0
19,3,27,575,2005,0
19,3,27,575,2006,0
19,3,27,575,2007,0
19,3,27,575,2008,0
19,3,27,575,2009,0
19,3,27,575,2010,0
19,3,27,575,2011,0
19,3,27,575,2012,0
19,3,27,575,2013,0
19,3,27,575,2014,0
19,3,27,575,2015,0
19,3,27,575,2016,0
20,1,22,575,1990,0
20,1,22,575,1991,0
20,1,22,575,1992,0
20,1,22,575,1993,0
20,1,22,575,1994,0
20,1,22,575,1995,0
20,1,22,575,1996,0
20,1,22,575,1997,0
20,1,22,575,1998,0
20,1,22,575,1999,0
20,1,22,575,2000,0
20,1,22,575,2001,0
20,1,22,575,2002,0
20,1,22,575,2003,0
20,1,22,575,2004,0
20,1,22,575,2005,0
20,1,22,575,2006,0
20,1,22,575,2007,0
20,1,22,575,2008,0
20,1,22,575,2009,0
20,1,22,575,2010,0
20,1,22,575,2011,0
20,1,22,575,2012,0
20,1,22,575,2013,0
20,1,22,575,2014,0
20,1,22,575,2015,0
20,1,22,575,2016,0
20,1,27,575,1990,0
20,1,27,575,1991,0
20,1,27,575,1992,0
20,1,27,575,1993,0
20,1,27,575,1994,0
20,1,27,575,1995,0
20,1,27,575,1996,0
20,1,27,575,1997,0
20,1,27,575,1998,0
20,1,27,575,1999,0
20,1,27,575,2000,0
20,1,27,575,2001,0
20,1,27,575,2002,0
20,1,27,575,2003,0
20,1,27,575,2004,0
20,1,27,575,2005,0
20,1,27,575,2006,0
20,1,27,575,2007,0
20,1,27,575,2008,0
20,1,27,575,2009,0
20,1,27,575,2010,0
20,1,27,575,2011,0
20,1,27,575,2012,0
20,1,27,575,2013,0
20,1,27,575,2014,0
20,1,27,575,2015,0
20,1,27,575,2016,0
20,2,22,575,1990,0
20,2,22,575,1991,0
20,2,22,575,1992,0
20,2,22,575,1993,0
20,2,22,575,1994,0
20,2,22,575,1995,0
20,2,22,575,1996,0
20,2,22,575,1997,0
20,2,22,575,1998,0
20,2,22,575,1999,0
20,2,22,575,2000,0
20,2,22,575,2001,0
20,2,22,575,2002,0
20,2,22,575,2003,0
20,2,22,575,2004,0
20,2,22,575,2005,0
20,2,22,575,2006,0
20,2,22,575,2007,0
20,2,22,575,2008,0
20,2,22,575,2009,0
20,2,22,575,2010,0
20,2,22,575,2011,0
20,2,22,575,2012,0
20,2,22,575,2013,0
20,2,22,575,2014,0
20,2,22,575,2015,0
20,2,22,575,2016,0
20,2,27,575,1990,0
20,2,27,575,1991,0
20,2,27,575,1992,0
20,2,27,575,1993,0
20,2,27,575,1994,0
20,2,27,575,1995,0
20,2,27,575,1996,0
20,2,27,575,1997,0
20,2,27,575,1998,0
20,2,27,575,1999,0
20,2,27,575,2000,0
20,2,27,575,2001,0
20,2,27,575,2002,0
20,2,27,575,2003,0
20,2,27,575,2004,0
20,2,27,575,2005,0
20,2,27,575,2006,0
20,2,27,575,2007,0
20,2,27,575,2008,0
20,2,27,575,2009,0
20,2,27,575,2010,0
20,2,27,575,2011,0
20,2,27,575,2012,0
20,2,27,575,2013,0
20,2,27,575,2014,0
20,2,27,575,2015,0
20,2,27,575,2016,0
20,3,22,575,1990,0
20,3,22,575,1991,0
20,3,22,575,1992,0
20,3,22,575,1993,0
20,3,22,575,1994,0
20,3,22,575,1995,0
20,3,22,575,1996,0
20,3,22,575,1997,0
20,3,22,575,1998,0
20,3,22,575,1999,0
20,3,22,575,2000,0
20,3,22,575,2001,0
20,3,22,575,2002,0
20,3,22,575,2003,0
20,3,22,575,2004,0
20,3,22,575,2005,0
20,3,22,575,2006,0
20,3,22,575,2007,0
20,3,22,575,2008,0
20,3,22,575,2009,0
20,3,22,575,2010,0
20,3,22,575,2011,0
20,3,22,575,2012,0
20,3,22,575,2013,0
20,3,22,575,2014,0
20,3,22,575,2015,0
20,3,22,575,2016,0
20,3,27,575,1990,0
20,3,27,575,1991,0
20,3,27,575,1992,0
20,3,27,575,1993,0
20,3,27,575,1994,0
20,3,27,575,1995,0
20,3,27,575,1996,0
20,3,27,575,1997,0
20,3,27,575,1998,0
20,3,27,575,1999,0
20,3,27,575,2000,0
20,3,27,575,2001,0
20,3,27,575,2002,0
20,3,27,575,2003,0
20,3,27,575,2004,0
20,3,27,575,2005,0
20,3,27,575,2006,0
20,3,27,575,2007,0
20,3,27,575,2008,0
20,3,27,575,2009,0
20,3,27,575,2010,0
20,3,27,575,2011,0
20,3,27,575,2012,0
20,3,27,575,2013,0
20,3,27,575,2014,0
20,3,27,575,2015,0
20,3,27,575,2016,0
22,1,22,575,1990,0
22,1,22,575,1991,0
22,1,22,575,1992,0
22,1,22,575,1993,0
22,1,22,575,1994,0
22,1,22,575,1995,0
22,1,22,575,1996,0
22,1,22,575,1997,0
22,1,22,575,1998,0
22,1,22,575,1999,0
22,1,22,575,2000,0
22,1,22,575,2001,0
22,1,22,575,2002,0
22,1,22,575,2003,0
22,1,22,575,2004,0
22,1,22,575,2005,0
22,1,22,575,2006,0
22,1,22,575,2007,0
22,1,22,575,2008,0
22,1,22,575,2009,0
22,1,22,575,2010,0
22,1,22,575,2011,0
22,1,22,575,2012,0
22,1,22,575,2013,0
22,1,22,575,2014,0
22,1,22,575,2015,0
22,1,22,575,2016,0
22,1,27,575,1990,0
22,1,27,575,1991,0
22,1,27,575,1992,0
22,1,27,575,1993,0
22,1,27,575,1994,0
22,1,27,575,1995,0
22,1,27,575,1996,0
22,1,27,575,1997,0
22,1,27,575,1998,0
22,1,27,575,1999,0
22,1,27,575,2000,0
22,1,27,575,2001,0
22,1,27,575,2002,0
22,1,27,575,2003,0
22,1,27,575,2004,0
22,1,27,575,2005,0
22,1,27,575,2006,0
22,1,27,575,2007,0
22,1,27,575,2008,0
22,1,27,575,2009,0
22,1,27,575,2010,0
22,1,27,575,2011,0
22,1,27,575,2012,0
22,1,27,575,2013,0
22,1,27,575,2014,0
22,1,27,575,2015,0
22,1,27,575,2016,0
22,2,22,575,1990,0
22,2,22,575,1991,0
22,2,22,575,1992,0
22,2,22,575,1993,0
22,2,22,575,1994,0
22,2,22,575,1995,0
22,2,22,575,1996,0
22,2,22,575,1997,0
22,2,22,575,1998,0
22,2,22,575,1999,0
22,2,22,575,2000,0
22,2,22,575,2001,0
22,2,22,575,2002,0
22,2,22,575,2003,0
22,2,22,575,2004,0
22,2,22,575,2005,0
22,2,22,575,2006,0
22,2,22,575,2007,0
22,2,22,575,2008,0
22,2,22,575,2009,0
22,2,22,575,2010,0
22,2,22,575,2011,0
22,2,22,575,2012,0
22,2,22,575,2013,0
22,2,22,575,2014,0
22,2,22,575,2015,0
22,2,22,575,2016,0
22,2,27,575,1990,0
22,2,27,575,1991,0
22,2,27,575,1992,0
22,2,27,575,1993,0
22,2,27,575,1994,0
22,2,27,575,1995,0
22,2,27,575,1996,0
22,2,27,575,1997,0
22,2,27,575,1998,0
22,2,27,575,1999,0
22,2,27,575,2000,0
22,2,27,575,2001,0
22,2,27,575,2002,0
22,2,27,575,2003,0
22,2,27,575,2004,0
22,2,27,575,2005,0
22,2,27,575,2006,0
22,2,27,575,2007,0
22,2,27,575,2008,0
22,2,27,575,2009,0
22,2,27,575,2010,0
22,2,27,575,2011,0
22,2,27,575,2012,0
22,2,27,575,2013,0
22,2,27,575,2014,0
22,2,27,575,2015,0
22,2,27,575,2016,0
22,3,22,575,1990,0
22,3,22,575,1991,0
22,3,22,575,1992,0
22,3,22,575,1993,0
22,3,22,575,1994,0
22,3,22,575,1995,0
22,3,22,575,1996,0
22,3,22,575,1997,0
22,3,22,575,1998,0
22,3,22,575,1999,0
22,3,22,575,2000,0
22,3,22,575,2001,0
22,3,22,575,2002,0
22,3,22,575,2003,0
22,3,22,575,2004,0
22,3,22,575,2005,0
22,3,22,575,2006,0
22,3,22,575,2007,0
22,3,22,575,2008,0
22,3,22,575,2009,0
22,3,22,575,2010,0
22,3,22,575,2011,0
22,3,22,575,2012,0
22,3,22,575,2013,0
22,3,22,575,2014,0
22,3,22,575,2015,0
22,3,22,575,2016,0
22,3,27,575,1990,0
22,3,27,575,1991,0
22,3,27,575,1992,0
22,3,27,575,1993,0
22,3,27,575,1994,0
22,3,27,575,1995,0
22,3,27,575,1996,0
22,3,27,575,1997,0
22,3,27,575,1998,0
22,3,27,575,1999,0
22,3,27,575,2000,0
22,3,27,575,2001,0
22,3,27,575,2002,0
22,3,27,575,2003,0
22,3,27,575,2004,0
22,3,27,575,2005,0
22,3,27,575,2006,0
22,3,27,575,2007,0
22,3,27,575,2008,0
22,3,27,575,2009,0
22,3,27,575,2010,0
22,3,27,575,2011,0
22,3,27,575,2012,0
22,3,27,575,2013,0
22,3,27,575,2014,0
22,3,27,575,2015,0
22,3,27,575,2016,0
23,1,22,575,1990,0
23,1,22,575,1991,0
23,1,22,575,1992,0
23,1,22,575,1993,0
23,1,22,575,1994,0
23,1,22,575,1995,0
23,1,22,575,1996,0
23,1,22,575,1997,0
23,1,22,575,1998,0
23,1,22,575,1999,0
23,1,22,575,2000,0
23,1,22,575,2001,0
23,1,22,575,2002,0
23,1,22,575,2003,0
23,1,22,575,2004,0
23,1,22,575,2005,0
23,1,22,575,2006,0
23,1,22,575,2007,0
23,1,22,575,2008,0
23,1,22,575,2009,0
23,1,22,575,2010,0
23,1,22,575,2011,0
23,1,22,575,2012,0
23,1,22,575,2013,0
23,1,22,575,2014,0
23,1,22,575,2015,0
23,1,22,575,2016,0
23,1,27,575,1990,0
23,1,27,575,1991,0
23,1,27,575,1992,0
23,1,27,575,1993,0
23,1,27,575,1994,0
23,1,27,575,1995,0
23,1,27,575,1996,0
23,1,27,575,1997,0
23,1,27,575,1998,0
23,1,27,575,1999,0
23,1,27,575,2000,0
23,1,27,575,2001,0
23,1,27,575,2002,0
23,1,27,575,2003,0
23,1,27,575,2004,0
23,1,27,575,2005,0
23,1,27,575,2006,0
23,1,27,575,2007,0
23,1,27,575,2008,0
23,1,27,575,2009,0
23,1,27,575,2010,0
23,1,27,575,2011,0
23,1,27,575,2012,0
23,1,27,575,2013,0
23,1,27,575,2014,0
23,1,27,575,2015,0
23,1,27,575,2016,0
23,2,22,575,1990,0
23,2,22,575,1991,0
23,2,22,575,1992,0
23,2,22,575,1993,0
23,2,22,575,1994,0
23,2,22,575,1995,0
23,2,22,575,1996,0
23,2,22,575,1997,0
23,2,22,575,1998,0
23,2,22,575,1999,0
23,2,22,575,2000,0
23,2,22,575,2001,0
23,2,22,575,2002,0
23,2,22,575,2003,0
23,2,22,575,2004,0
23,2,22,575,2005,0
23,2,22,575,2006,0
23,2,22,575,2007,0
23,2,22,575,2008,0
23,2,22,575,2009,0
23,2,22,575,2010,0
23,2,22,575,2011,0
23,2,22,575,2012,0
23,2,22,575,2013,0
23,2,22,575,2014,0
23,2,22,575,2015,0
23,2,22,575,2016,0
23,2,27,575,1990,0
23,2,27,575,1991,0
23,2,27,575,1992,0
23,2,27,575,1993,0
23,2,27,575,1994,0
23,2,27,575,1995,0
23,2,27,575,1996,0
23,2,27,575,1997,0
23,2,27,575,1998,0
23,2,27,575,1999,0
23,2,27,575,2000,0
23,2,27,575,2001,0
23,2,27,575,2002,0
23,2,27,575,2003,0
23,2,27,575,2004,0
23,2,27,575,2005,0
23,2,27,575,2006,0
23,2,27,575,2007,0
23,2,27,575,2008,0
23,2,27,575,2009,0
23,2,27,575,2010,0
23,2,27,575,2011,0
23,2,27,575,2012,0
23,2,27,575,2013,0
23,2,27,575,2014,0
23,2,27,575,2015,0
23,2,27,575,2016,0
23,3,22,575,1990,0
23,3,22,575,1991,0
23,3,22,575,1992,0
23,3,22,575,1993,0
23,3,22,575,1994,0
23,3,22,575,1995,0
23,3,22,575,1996,0
23,3,22,575,1997,0
23,3,22,575,1998,0
23,3,22,575,1999,0
23,3,22,575,2000,0
23,3,22,575,2001,0
23,3,22,575,2002,0
23,3,22,575,2003,0
23,3,22,575,2004,0
23,3,22,575,2005,0
23,3,22,575,2006,0
23,3,22,575,2007,0
23,3,22,575,2008,0
23,3,22,575,2009,0
23,3,22,575,2010,0
23,3,22,575,2011,0
23,3,22,575,2012,0
23,3,22,575,2013,0
23,3,22,575,2014,0
23,3,22,575,2015,0
23,3,22,575,2016,0
23,3,27,575,1990,0
23,3,27,575,1991,0
23,3,27,575,1992,0
23,3,27,575,1993,0
23,3,27,575,1994,0
23,3,27,575,1995,0
23,3,27,575,1996,0
23,3,27,575,1997,0
23,3,27,575,1998,0
23,3,27,575,1999,0
23,3,27,575,2000,0
23,3,27,575,2001,0
23,3,27,575,2002,0
23,3,27,575,2003,0
23,3,27,575,2004,0
23,3,27,575,2005,0
23,3,27,575,2006,0
23,3,27,575,2007,0
23,3,27,575,2008,0
23,3,27,575,2009,0
23,3,27,575,2010,0
23,3,27,575,2011,0
23,3,27,575,2012,0
23,3,27,575,2013,0
23,3,27,575,2014,0
23,3,27,575,2015,0
23,3,27,575,2016,0
24,1,22,575,1990,0
24,1,22,575,1991,0
24,1,22,575,1992,0
24,1,22,575,1993,0
24,1,22,575,1994,0
24,1,22,575,1995,0
24,1,22,575,1996,0
24,1,22,575,1997,0
24,1,22,575,1998,0
24,1,22,575,1999,0
24,1,22,575,2000,0
24,1,22,575,2001,0
24,1,22,575,2002,0
24,1,22,575,2003,0
24,1,22,575,2004,0
24,1,22,575,2005,0
24,1,22,575,2006,0
24,1,22,575,2007,0
24,1,22,575,2008,0
24,1,22,575,2009,0
24,1,22,575,2010,0
24,1,22,575,2011,0
24,1,22,575,2012,0
24,1,22,575,2013,0
24,1,22,575,2014,0
24,1,22,575,2015,0
24,1,22,575,2016,0
24,1,27,575,1990,0
24,1,27,575,1991,0
24,1,27,575,1992,0
24,1,27,575,1993,0
24,1,27,575,1994,0
24,1,27,575,1995,0
24,1,27,575,1996,0
24,1,27,575,1997,0
24,1,27,575,1998,0
24,1,27,575,1999,0
24,1,27,575,2000,0
24,1,27,575,2001,0
24,1,27,575,2002,0
24,1,27,575,2003,0
24,1,27,575,2004,0
24,1,27,575,2005,0
24,1,27,575,2006,0
24,1,27,575,2007,0
24,1,27,575,2008,0
24,1,27,575,2009,0
24,1,27,575,2010,0
24,1,27,575,2011,0
24,1,27,575,2012,0
24,1,27,575,2013,0
24,1,27,575,2014,0
24,1,27,575,2015,0
24,1,27,575,2016,0
24,2,22,575,1990,0
24,2,22,575,1991,0
24,2,22,575,1992,0
24,2,22,575,1993,0
24,2,22,575,1994,0
24,2,22,575,1995,0
24,2,22,575,1996,0
24,2,22,575,1997,0
24,2,22,575,1998,0
24,2,22,575,1999,0
24,2,22,575,2000,0
24,2,22,575,2001,0
24,2,22,575,2002,0
24,2,22,575,2003,0
24,2,22,575,2004,0
24,2,22,575,2005,0
24,2,22,575,2006,0
24,2,22,575,2007,0
24,2,22,575,2008,0
24,2,22,575,2009,0
24,2,22,575,2010,0
24,2,22,575,2011,0
24,2,22,575,2012,0
24,2,22,575,2013,0
24,2,22,575,2014,0
24,2,22,575,2015,0
24,2,22,575,2016,0
24,2,27,575,1990,0
24,2,27,575,1991,0
24,2,27,575,1992,0
24,2,27,575,1993,0
24,2,27,575,1994,0
24,2,27,575,1995,0
24,2,27,575,1996,0
24,2,27,575,1997,0
24,2,27,575,1998,0
24,2,27,575,1999,0
24,2,27,575,2000,0
24,2,27,575,2001,0
24,2,27,575,2002,0
24,2,27,575,2003,0
24,2,27,575,2004,0
24,2,27,575,2005,0
24,2,27,575,2006,0
24,2,27,575,2007,0
24,2,27,575,2008,0
24,2,27,575,2009,0
24,2,27,575,2010,0
24,2,27,575,2011,0
24,2,27,575,2012,0
24,2,27,575,2013,0
24,2,27,575,2014,0
24,2,27,575,2015,0
24,2,27,575,2016,0
24,3,22,575,1990,0
24,3,22,575,1991,0
24,3,22,575,1992,0
24,3,22,575,1993,0
24,3,22,575,1994,0
24,3,22,575,1995,0
24,3,22,575,1996,0
24,3,22,575,1997,0
24,3,22,575,1998,0
24,3,22,575,1999,0
24,3,22,575,2000,0
24,3,22,575,2001,0
24,3,22,575,2002,0
24,3,22,575,2003,0
24,3,22,575,2004,0
24,3,22,575,2005,0
24,3,22,575,2006,0
24,3,22,575,2007,0
24,3,22,575,2008,0
24,3,22,575,2009,0
24,3,22,575,2010,0
24,3,22,575,2011,0
24,3,22,575,2012,0
24,3,22,575,2013,0
24,3,22,575,2014,0
24,3,22,575,2015,0
24,3,22,575,2016,0
24,3,27,575,1990,0
24,3,27,575,1991,0
24,3,27,575,1992,0
24,3,27,575,1993,0
24,3,27,575,1994,0
24,3,27,575,1995,0
24,3,27,575,1996,0
24,3,27,575,1997,0
24,3,27,575,1998,0
24,3,27,575,1999,0
24,3,27,575,2000,0
24,3,27,575,2001,0
24,3,27,575,2002,0
24,3,27,575,2003,0
24,3,27,575,2004,0
24,3,27,575,2005,0
24,3,27,575,2006,0
24,3,27,575,2007,0
24,3,27,575,2008,0
24,3,27,575,2009,0
24,3,27,575,2010,0
24,3,27,575,2011,0
24,3,27,575,2012,0
24,3,27,575,2013,0
24,3,27,575,2014,0
24,3,27,575,2015,0
24,3,27,575,2016,0
25,1,22,575,1990,0
25,1,22,575,1991,0
25,1,22,575,1992,0
25,1,22,575,1993,0
25,1,22,575,1994,0
25,1,22,575,1995,0
25,1,22,575,1996,0
25,1,22,575,1997,0
25,1,22,575,1998,0
25,1,22,575,1999,0
25,1,22,575,2000,0
25,1,22,575,2001,0
25,1,22,575,2002,0
25,1,22,575,2003,0
25,1,22,575,2004,0
25,1,22,575,2005,0
25,1,22,575,2006,0
25,1,22,575,2007,0
25,1,22,575,2008,0
25,1,22,575,2009,0
25,1,22,575,2010,0
25,1,22,575,2011,0
25,1,22,575,2012,0
25,1,22,575,2013,0
25,1,22,575,2014,0
25,1,22,575,2015,0
25,1,22,575,2016,0
25,1,27,575,1990,0
25,1,27,575,1991,0
25,1,27,575,1992,0
25,1,27,575,1993,0
25,1,27,575,1994,0
25,1,27,575,1995,0
25,1,27,575,1996,0
25,1,27,575,1997,0
25,1,27,575,1998,0
25,1,27,575,1999,0
25,1,27,575,2000,0
25,1,27,575,2001,0
25,1,27,575,2002,0
25,1,27,575,2003,0
25,1,27,575,2004,0
25,1,27,575,2005,0
25,1,27,575,2006,0
25,1,27,575,2007,0
25,1,27,575,2008,0
25,1,27,575,2009,0
25,1,27,575,2010,0
25,1,27,575,2011,0
25,1,27,575,2012,0
25,1,27,575,2013,0
25,1,27,575,2014,0
25,1,27,575,2015,0
25,1,27,575,2016,0
25,2,22,575,1990,0
25,2,22,575,1991,0
25,2,22,575,1992,0
25,2,22,575,1993,0
25,2,22,575,1994,0
25,2,22,575,1995,0
25,2,22,575,1996,0
25,2,22,575,1997,0
25,2,22,575,1998,0
25,2,22,575,1999,0
25,2,22,575,2000,0
25,2,22,575,2001,0
25,2,22,575,2002,0
25,2,22,575,2003,0
25,2,22,575,2004,0
25,2,22,575,2005,0
25,2,22,575,2006,0
25,2,22,575,2007,0
25,2,22,575,2008,0
25,2,22,575,2009,0
25,2,22,575,2010,0
25,2,22,575,2011,0
25,2,22,575,2012,0
25,2,22,575,2013,0
25,2,22,575,2014,0
25,2,22,575,2015,0
25,2,22,575,2016,0
25,2,27,575,1990,0
25,2,27,575,1991,0
25,2,27,575,1992,0
25,2,27,575,1993,0
25,2,27,575,1994,0
25,2,27,575,1995,0
25,2,27,575,1996,0
25,2,27,575,1997,0
25,2,27,575,1998,0
25,2,27,575,1999,0
25,2,27,575,2000,0
25,2,27,575,2001,0
25,2,27,575,2002,0
25,2,27,575,2003,0
25,2,27,575,2004,0
25,2,27,575,2005,0
25,2,27,575,2006,0
25,2,27,575,2007,0
25,2,27,575,2008,0
25,2,27,575,2009,0
25,2,27,575,2010,0
25,2,27,575,2011,0
25,2,27,575,2012,0
25,2,27,575,2013,0
25,2,27,575,2014,0
25,2,27,575,2015,0
25,2,27,575,2016,0
25,3,22,575,1990,0
25,3,22,575,1991,0
25,3,22,575,1992,0
25,3,22,575,1993,0
25,3,22,575,1994,0
25,3,22,575,1995,0
25,3,22,575,1996,0
25,3,22,575,1997,0
25,3,22,575,1998,0
25,3,22,575,1999,0
25,3,22,575,2000,0
25,3,22,575,2001,0
25,3,22,575,2002,0
25,3,22,575,2003,0
25,3,22,575,2004,0
25,3,22,575,2005,0
25,3,22,575,2006,0
25,3,22,575,2007,0
25,3,22,575,2008,0
25,3,22,575,2009,0
25,3,22,575,2010,0
25,3,22,575,2011,0
25,3,22,575,2012,0
25,3,22,575,2013,0
25,3,22,575,2014,0
25,3,22,575,2015,0
25,3,22,575,2016,0
25,3,27,575,1990,0
25,3,27,575,1991,0
25,3,27,575,1992,0
25,3,27,575,1993,0
25,3,27,575,1994,0
25,3,27,575,1995,0
25,3,27,575,1996,0
25,3,27,575,1997,0
25,3,27,575,1998,0
25,3,27,575,1999,0
25,3,27,575,2000,0
25,3,27,575,2001,0
25,3,27,575,2002,0
25,3,27,575,2003,0
25,3,27,575,2004,0
25,3,27,575,2005,0
25,3,27,575,2006,0
25,3,27,575,2007,0
25,3,27,575,2008,0
25,3,27,575,2009,0
25,3,27,575,2010,0
25,3,27,575,2011,0
25,3,27,575,2012,0
25,3,27,575,2013,0
25,3,27,575,2014,0
25,3,27,575,2015,0
25,3,27,575,2016,0
26,1,22,575,1990,0
26,1,22,575,1991,0
26,1,22,575,1992,0
26,1,22,575,1993,0
26,1,22,575,1994,0
26,1,22,575,1995,0
26,1,22,575,1996,0
26,1,22,575,1997,0
26,1,22,575,1998,0
26,1,22,575,1999,0
26,1,22,575,2000,0
26,1,22,575,2001,0
26,1,22,575,2002,0
26,1,22,575,2003,0
26,1,22,575,2004,0
26,1,22,575,2005,0
26,1,22,575,2006,0
26,1,22,575,2007,0
26,1,22,575,2008,0
26,1,22,575,2009,0
26,1,22,575,2010,0
26,1,22,575,2011,0
26,1,22,575,2012,0
26,1,22,575,2013,0
26,1,22,575,2014,0
26,1,22,575,2015,0
26,1,22,575,2016,0
26,1,27,575,1990,0
26,1,27,575,1991,0
26,1,27,575,1992,0
26,1,27,575,1993,0
26,1,27,575,1994,0
26,1,27,575,1995,0
26,1,27,575,1996,0
26,1,27,575,1997,0
26,1,27,575,1998,0
26,1,27,575,1999,0
26,1,27,575,2000,0
26,1,27,575,2001,0
26,1,27,575,2002,0
26,1,27,575,2003,0
26,1,27,575,2004,0
26,1,27,575,2005,0
26,1,27,575,2006,0
26,1,27,575,2007,0
26,1,27,575,2008,0
26,1,27,575,2009,0
26,1,27,575,2010,0
26,1,27,575,2011,0
26,1,27,575,2012,0
26,1,27,575,2013,0
26,1,27,575,2014,0
26,1,27,575,2015,0
26,1,27,575,2016,0
26,2,22,575,1990,0
26,2,22,575,1991,0
26,2,22,575,1992,0
26,2,22,575,1993,0
26,2,22,575,1994,0
26,2,22,575,1995,0
26,2,22,575,1996,0
26,2,22,575,1997,0
26,2,22,575,1998,0
26,2,22,575,1999,0
26,2,22,575,2000,0
26,2,22,575,2001,0
26,2,22,575,2002,0
26,2,22,575,2003,0
26,2,22,575,2004,0
26,2,22,575,2005,0
26,2,22,575,2006,0
26,2,22,575,2007,0
26,2,22,575,2008,0
26,2,22,575,2009,0
26,2,22,575,2010,0
26,2,22,575,2011,0
26,2,22,575,2012,0
26,2,22,575,2013,0
26,2,22,575,2014,0
26,2,22,575,2015,0
26,2,22,575,2016,0
26,2,27,575,1990,0
26,2,27,575,1991,0
26,2,27,575,1992,0
26,2,27,575,1993,0
26,2,27,575,1994,0
26,2,27,575,1995,0
26,2,27,575,1996,0
26,2,27,575,1997,0
26,2,27,575,1998,0
26,2,27,575,1999,0
26,2,27,575,2000,0
26,2,27,575,2001,0
26,2,27,575,2002,0
26,2,27,575,2003,0
26,2,27,575,2004,0
26,2,27,575,2005,0
26,2,27,575,2006,0
26,2,27,575,2007,0
26,2,27,575,2008,0
26,2,27,575,2009,0
26,2,27,575,2010,0
26,2,27,575,2011,0
26,2,27,575,2012,0
26,2,27,575,2013,0
26,2,27,575,2014,0
26,2,27,575,2015,0
26,2,27,575,2016,0
26,3,22,575,1990,0
26,3,22,575,1991,0
26,3,22,575,1992,0
26,3,22,575,1993,0
26,3,22,575,1994,0
26,3,22,575,1995,0
26,3,22,575,1996,0
26,3,22,575,1997,0
26,3,22,575,1998,0
26,3,22,575,1999,0
26,3,22,575,2000,0
26,3,22,575,2001,0
26,3,22,575,2002,0
26,3,22,575,2003,0
26,3,22,575,2004,0
26,3,22,575,2005,0
26,3,22,575,2006,0
26,3,22,575,2007,0
26,3,22,575,2008,0
26,3,22,575,2009,0
26,3,22,575,2010,0
26,3,22,575,2011,0
26,3,22,575,2012,0
26,3,22,575,2013,0
26,3,22,575,2014,0
26,3,22,575,2015,0
26,3,22,575,2016,0
26,3,27,575,1990,0
26,3,27,575,1991,0
26,3,27,575,1992,0
26,3,27,575,1993,0
26,3,27,575,1994,0
26,3,27,575,1995,0
26,3,27,575,1996,0
26,3,27,575,1997,0
26,3,27,575,1998,0
26,3,27,575,1999,0
26,3,27,575,2000,0
26,3,27,575,2001,0
26,3,27,575,2002,0
26,3,27,575,2003,0
26,3,27,575,2004,0
26,3,27,575,2005,0
26,3,27,575,2006,0
26,3,27,575,2007,0
26,3,27,575,2008,0
26,3,27,575,2009,0
26,3,27,575,2010,0
26,3,27,575,2011,0
26,3,27,575,2012,0
26,3,27,575,2013,0
26,3,27,575,2014,0
26,3,27,575,2015,0
26,3,27,575,2016,0
27,1,22,575,1990,0
27,1,22,575,1991,0
27,1,22,575,1992,0
27,1,22,575,1993,0
27,1,22,575,1994,0
27,1,22,575,1995,0
27,1,22,575,1996,0
27,1,22,575,1997,0
27,1,22,575,1998,0
27,1,22,575,1999,0
27,1,22,575,2000,0
27,1,22,575,2001,0
27,1,22,575,2002,0
27,1,22,575,2003,0
27,1,22,575,2004,0
27,1,22,575,2005,0
27,1,22,575,2006,0
27,1,22,575,2007,0
27,1,22,575,2008,0
27,1,22,575,2009,0
27,1,22,575,2010,0
27,1,22,575,2011,0
27,1,22,575,2012,0
27,1,22,575,2013,0
27,1,22,575,2014,0
27,1,22,575,2015,0
27,1,22,575,2016,0
27,1,27,575,1990,0
27,1,27,575,1991,0
27,1,27,575,1992,0
27,1,27,575,1993,0
27,1,27,575,1994,0
27,1,27,575,1995,0
27,1,27,575,1996,0
27,1,27,575,1997,0
27,1,27,575,1998,0
27,1,27,575,1999,0
27,1,27,575,2000,0
27,1,27,575,2001,0
27,1,27,575,2002,0
27,1,27,575,2003,0
27,1,27,575,2004,0
27,1,27,575,2005,0
27,1,27,575,2006,0
27,1,27,575,2007,0
27,1,27,575,2008,0
27,1,27,575,2009,0
27,1,27,575,2010,0
27,1,27,575,2011,0
27,1,27,575,2012,0
27,1,27,575,2013,0
27,1,27,575,2014,0
27,1,27,575,2015,0
27,1,27,575,2016,0
27,2,22,575,1990,0
27,2,22,575,1991,0
27,2,22,575,1992,0
27,2,22,575,1993,0
27,2,22,575,1994,0
27,2,22,575,1995,0
27,2,22,575,1996,0
27,2,22,575,1997,0
27,2,22,575,1998,0
27,2,22,575,1999,0
27,2,22,575,2000,0
27,2,22,575,2001,0
27,2,22,575,2002,0
27,2,22,575,2003,0
27,2,22,575,2004,0
27,2,22,575,2005,0
27,2,22,575,2006,0
27,2,22,575,2007,0
27,2,22,575,2008,0
27,2,22,575,2009,0
27,2,22,575,2010,0
27,2,22,575,2011,0
27,2,22,575,2012,0
27,2,22,575,2013,0
27,2,22,575,2014,0
27,2,22,575,2015,0
27,2,22,575,2016,0
27,2,27,575,1990,0
27,2,27,575,1991,0
27,2,27,575,1992,0
27,2,27,575,1993,0
27,2,27,575,1994,0
27,2,27,575,1995,0
27,2,27,575,1996,0
27,2,27,575,1997,0
27,2,27,575,1998,0
27,2,27,575,1999,0
27,2,27,575,2000,0
27,2,27,575,2001,0
27,2,27,575,2002,0
27,2,27,575,2003,0
27,2,27,575,2004,0
27,2,27,575,2005,0
27,2,27,575,2006,0
27,2,27,575,2007,0
27,2,27,575,2008,0
27,2,27,575,2009,0
27,2,27,575,2010,0
27,2,27,575,2011,0
27,2,27,575,2012,0
27,2,27,575,2013,0
27,2,27,575,2014,0
27,2,27,575,2015,0
27,2,27,575,2016,0
27,3,22,575,1990,0
27,3,22,575,1991,0
27,3,22,575,1992,0
27,3,22,575,1993,0
27,3,22,575,1994,0
27,3,22,575,1995,0
27,3,22,575,1996,0
27,3,22,575,1997,0
27,3,22,575,1998,0
27,3,22,575,1999,0
27,3,22,575,2000,0
27,3,22,575,2001,0
27,3,22,575,2002,0
27,3,22,575,2003,0
27,3,22,575,2004,0
27,3,22,575,2005,0
27,3,22,575,2006,0
27,3,22,575,2007,0
27,3,22,575,2008,0
27,3,22,575,2009,0
27,3,22,575,2010,0
27,3,22,575,2011,0
27,3,22,575,2012,0
27,3,22,575,2013,0
27,3,22,575,2014,0
27,3,22,575,2015,0
27,3,22,575,2016,0
27,3,27,575,1990,0
27,3,27,575,1991,0
27,3,27,575,1992,0
27,3,27,575,1993,0
27,3,27,575,1994,0
27,3,27,575,1995,0
27,3,27,575,1996,0
27,3,27,575,1997,0
27,3,27,575,1998,0
27,3,27,575,1999,0
27,3,27,575,2000,0
27,3,27,575,2001,0
27,3,27,575,2002,0
27,3,27,575,2003,0
27,3,27,575,2004,0
27,3,27,575,2005,0
27,3,27,575,2006,0
27,3,27,575,2007,0
27,3,27,575,2008,0
27,3,27,575,2009,0
27,3,27,575,2010,0
27,3,27,575,2011,0
27,3,27,575,2012,0
27,3,27,575,2013,0
27,3,27,575,2014,0
27,3,27,575,2015,0
27,3,27,575,2016,0
28,1,22,575,1990,0
28,1,22,575,1991,0
28,1,22,575,1992,0
28,1,22,575,1993,0
28,1,22,575,1994,0
28,1,22,575,1995,0
28,1,22,575,1996,0
28,1,22,575,1997,0
28,1,22,575,1998,0
28,1,22,575,1999,0
28,1,22,575,2000,0
28,1,22,575,2001,0
28,1,22,575,2002,0
28,1,22,575,2003,0
28,1,22,575,2004,0
28,1,22,575,2005,0
28,1,22,575,2006,0
28,1,22,575,2007,0
28,1,22,575,2008,0
28,1,22,575,2009,0
28,1,22,575,2010,0
28,1,22,575,2011,0
28,1,22,575,2012,0
28,1,22,575,2013,0
28,1,22,575,2014,0
28,1,22,575,2015,0
28,1,22,575,2016,0
28,1,27,575,1990,0
28,1,27,575,1991,0
28,1,27,575,1992,0
28,1,27,575,1993,0
28,1,27,575,1994,0
28,1,27,575,1995,0
28,1,27,575,1996,0
28,1,27,575,1997,0
28,1,27,575,1998,0
28,1,27,575,1999,0
28,1,27,575,2000,0
28,1,27,575,2001,0
28,1,27,575,2002,0
28,1,27,575,2003,0
28,1,27,575,2004,0
28,1,27,575,2005,0
28,1,27,575,2006,0
28,1,27,575,2007,0
28,1,27,575,2008,0
28,1,27,575,2009,0
28,1,27,575,2010,0
28,1,27,575,2011,0
28,1,27,575,2012,0
28,1,27,575,2013,0
28,1,27,575,2014,0
28,1,27,575,2015,0
28,1,27,575,2016,0
28,2,22,575,1990,0
28,2,22,575,1991,0
28,2,22,575,1992,0
28,2,22,575,1993,0
28,2,22,575,1994,0
28,2,22,575,1995,0
28,2,22,575,1996,0
28,2,22,575,1997,0
28,2,22,575,1998,0
28,2,22,575,1999,0
28,2,22,575,2000,0
28,2,22,575,2001,0
28,2,22,575,2002,0
28,2,22,575,2003,0
28,2,22,575,2004,0
28,2,22,575,2005,0
28,2,22,575,2006,0
28,2,22,575,2007,0
28,2,22,575,2008,0
28,2,22,575,2009,0
28,2,22,575,2010,0
28,2,22,575,2011,0
28,2,22,575,2012,0
28,2,22,575,2013,0
28,2,22,575,2014,0
28,2,22,575,2015,0
28,2,22,575,2016,0
28,2,27,575,1990,0
28,2,27,575,1991,0
28,2,27,575,1992,0
28,2,27,575,1993,0
28,2,27,575,1994,0
28,2,27,575,1995,0
28,2,27,575,1996,0
28,2,27,575,1997,0
28,2,27,575,1998,0
28,2,27,575,1999,0
28,2,27,575,2000,0
28,2,27,575,2001,0
28,2,27,575,2002,0
28,2,27,575,2003,0
28,2,27,575,2004,0
28,2,27,575,2005,0
28,2,27,575,2006,0
28,2,27,575,2007,0
28,2,27,575,2008,0
28,2,27,575,2009,0
28,2,27,575,2010,0
28,2,27,575,2011,0
28,2,27,575,2012,0
28,2,27,575,2013,0
28,2,27,575,2014,0
28,2,27,575,2015,0
28,2,27,575,2016,0
28,3,22,575,1990,0
28,3,22,575,1991,0
28,3,22,575,1992,0
28,3,22,575,1993,0
28,3,22,575,1994,0
28,3,22,575,1995,0
28,3,22,575,1996,0
28,3,22,575,1997,0
28,3,22,575,1998,0
28,3,22,575,1999,0
28,3,22,575,2000,0
28,3,22,575,2001,0
28,3,22,575,2002,0
28,3,22,575,2003,0
28,3,22,575,2004,0
28,3,22,575,2005,0
28,3,22,575,2006,0
28,3,22,575,2007,0
28,3,22,575,2008,0
28,3,22,575,2009,0
28,3,22,575,2010,0
28,3,22,575,2011,0
28,3,22,575,2012,0
28,3,22,575,2013,0
28,3,22,575,2014,0
28,3,22,575,2015,0
28,3,22,575,2016,0
28,3,27,575,1990,0
28,3,27,575,1991,0
28,3,27,575,1992,0
28,3,27,575,1993,0
28,3,27,575,1994,0
28,3,27,575,1995,0
28,3,27,575,1996,0
28,3,27,575,1997,0
28,3,27,575,1998,0
28,3,27,575,1999,0
28,3,27,575,2000,0
28,3,27,575,2001,0
28,3,27,575,2002,0
28,3,27,575,2003,0
28,3,27,575,2004,0
28,3,27,575,2005,0
28,3,27,575,2006,0
28,3,27,575,2007,0
28,3,27,575,2008,0
28,3,27,575,2009,0
28,3,27,575,2010,0
28,3,27,575,2011,0
28,3,27,575,2012,0
28,3,27,575,2013,0
28,3,27,575,2014,0
28,3,27,575,2015,0
28,3,27,575,2016,0
29,1,22,575,1990,0
29,1,22,575,1991,0
29,1,22,575,1992,0
29,1,22,575,1993,0
29,1,22,575,1994,0
29,1,22,575,1995,0
29,1,22,575,1996,0
29,1,22,575,1997,0
29,1,22,575,1998,0
29,1,22,575,1999,0
29,1,22,575,2000,0
29,1,22,575,2001,0
29,1,22,575,2002,0
29,1,22,575,2003,0
29,1,22,575,2004,0
29,1,22,575,2005,0
29,1,22,575,2006,0
29,1,22,575,2007,0
29,1,22,575,2008,0
29,1,22,575,2009,0
29,1,22,575,2010,0
29,1,22,575,2011,0
29,1,22,575,2012,0
29,1,22,575,2013,0
29,1,22,575,2014,0
29,1,22,575,2015,0
29,1,22,575,2016,0
29,1,27,575,1990,0
29,1,27,575,1991,0
29,1,27,575,1992,0
29,1,27,575,1993,0
29,1,27,575,1994,0
29,1,27,575,1995,0
29,1,27,575,1996,0
29,1,27,575,1997,0
29,1,27,575,1998,0
29,1,27,575,1999,0
29,1,27,575,2000,0
29,1,27,575,2001,0
29,1,27,575,2002,0
29,1,27,575,2003,0
29,1,27,575,2004,0
29,1,27,575,2005,0
29,1,27,575,2006,0
29,1,27,575,2007,0
29,1,27,575,2008,0
29,1,27,575,2009,0
29,1,27,575,2010,0
29,1,27,575,2011,0
29,1,27,575,2012,0
29,1,27,575,2013,0
29,1,27,575,2014,0
29,1,27,575,2015,0
29,1,27,575,2016,0
29,2,22,575,1990,0
29,2,22,575,1991,0
29,2,22,575,1992,0
29,2,22,575,1993,0
29,2,22,575,1994,0
29,2,22,575,1995,0
29,2,22,575,1996,0
29,2,22,575,1997,0
29,2,22,575,1998,0
29,2,22,575,1999,0
29,2,22,575,2000,0
29,2,22,575,2001,0
29,2,22,575,2002,0
29,2,22,575,2003,0
29,2,22,575,2004,0
29,2,22,575,2005,0
29,2,22,575,2006,0
29,2,22,575,2007,0
29,2,22,575,2008,0
29,2,22,575,2009,0
29,2,22,575,2010,0
29,2,22,575,2011,0
29,2,22,575,2012,0
29,2,22,575,2013,0
29,2,22,575,2014,0
29,2,22,575,2015,0
29,2,22,575,2016,0
29,2,27,575,1990,0
29,2,27,575,1991,0
29,2,27,575,1992,0
29,2,27,575,1993,0
29,2,27,575,1994,0
29,2,27,575,1995,0
29,2,27,575,1996,0
29,2,27,575,1997,0
29,2,27,575,1998,0
29,2,27,575,1999,0
29,2,27,575,2000,0
29,2,27,575,2001,0
29,2,27,575,2002,0
29,2,27,575,2003,0
29,2,27,575,2004,0
29,2,27,575,2005,0
29,2,27,575,2006,0
29,2,27,575,2007,0
29,2,27,575,2008,0
29,2,27,575,2009,0
29,2,27,575,2010,0
29,2,27,575,2011,0
29,2,27,575,2012,0
29,2,27,575,2013,0
29,2,27,575,2014,0
29,2,27,575,2015,0
29,2,27,575,2016,0
29,3,22,575,1990,0
29,3,22,575,1991,0
29,3,22,575,1992,0
29,3,22,575,1993,0
29,3,22,575,1994,0
29,3,22,575,1995,0
29,3,22,575,1996,0
29,3,22,575,1997,0
29,3,22,575,1998,0
29,3,22,575,1999,0
29,3,22,575,2000,0
29,3,22,575,2001,0
29,3,22,575,2002,0
29,3,22,575,2003,0
29,3,22,575,2004,0
29,3,22,575,2005,0
29,3,22,575,2006,0
29,3,22,575,2007,0
29,3,22,575,2008,0
29,3,22,575,2009,0
29,3,22,575,2010,0
29,3,22,575,2011,0
29,3,22,575,2012,0
29,3,22,575,2013,0
29,3,22,575,2014,0
29,3,22,575,2015,0
29,3,22,575,2016,0
29,3,27,575,1990,0
29,3,27,575,1991,0
29,3,27,575,1992,0
29,3,27,575,1993,0
29,3,27,575,1994,0
29,3,27,575,1995,0
29,3,27,575,1996,0
29,3,27,575,1997,0
29,3,27,575,1998,0
29,3,27,575,1999,0
29,3,27,575,2000,0
29,3,27,575,2001,0
29,3,27,575,2002,0
29,3,27,575,2003,0
29,3,27,575,2004,0
29,3,27,575,2005,0
29,3,27,575,2006,0
29,3,27,575,2007,0
29,3,27,575,2008,0
29,3,27,575,2009,0
29,3,27,575,2010,0
29,3,27,575,2011,0
29,3,27,575,2012,0
29,3,27,575,2013,0
29,3,27,575,2014,0
29,3,27,575,2015,0
29,3,27,575,2016,0
30,1,22,575,1990,0
30,1,22,575,1991,0
30,1,22,575,1992,0
30,1,22,575,1993,0
30,1,22,575,1994,0
30,1,22,575,1995,0
30,1,22,575,1996,0
30,1,22,575,1997,0
30,1,22,575,1998,0
30,1,22,575,1999,0
30,1,22,575,2000,0
30,1,22,575,2001,0
30,1,22,575,2002,0
30,1,22,575,2003,0
30,1,22,575,2004,0
30,1,22,575,2005,0
30,1,22,575,2006,0
30,1,22,575,2007,0
30,1,22,575,2008,0
30,1,22,575,2009,0
30,1,22,575,2010,0
30,1,22,575,2011,0
30,1,22,575,2012,0
30,1,22,575,2013,0
30,1,22,575,2014,0
30,1,22,575,2015,0
30,1,22,575,2016,0
30,1,27,575,1990,0
30,1,27,575,1991,0
30,1,27,575,1992,0
30,1,27,575,1993,0
30,1,27,575,1994,0
30,1,27,575,1995,0
30,1,27,575,1996,0
30,1,27,575,1997,0
30,1,27,575,1998,0
30,1,27,575,1999,0
30,1,27,575,2000,0
30,1,27,575,2001,0
30,1,27,575,2002,0
30,1,27,575,2003,0
30,1,27,575,2004,0
30,1,27,575,2005,0
30,1,27,575,2006,0
30,1,27,575,2007,0
30,1,27,575,2008,0
30,1,27,575,2009,0
30,1,27,575,2010,0
30,1,27,575,2011,0
30,1,27,575,2012,0
30,1,27,575,2013,0
30,1,27,575,2014,0
30,1,27,575,2015,0
30,1,27,575,2016,0
30,2,22,575,1990,0
30,2,22,575,1991,0
30,2,22,575,1992,0
30,2,22,575,1993,0
30,2,22,575,1994,0
30,2,22,575,1995,0
30,2,22,575,1996,0
30,2,22,575,1997,0
30,2,22,575,1998,0
30,2,22,575,1999,0
30,2,22,575,2000,0
30,2,22,575,2001,0
30,2,22,575,2002,0
30,2,22,575,2003,0
30,2,22,575,2004,0
30,2,22,575,2005,0
30,2,22,575,2006,0
30,2,22,575,2007,0
30,2,22,575,2008,0
30,2,22,575,2009,0
30,2,22,575,2010,0
30,2,22,575,2011,0
30,2,22,575,2012,0
30,2,22,575,2013,0
30,2,22,575,2014,0
30,2,22,575,2015,0
30,2,22,575,2016,0
30,2,27,575,1990,0
30,2,27,575,1991,0
30,2,27,575,1992,0
30,2,27,575,1993,0
30,2,27,575,1994,0
30,2,27,575,1995,0
30,2,27,575,1996,0
30,2,27,575,1997,0
30,2,27,575,1998,0
30,2,27,575,1999,0
30,2,27,575,2000,0
30,2,27,575,2001,0
30,2,27,575,2002,0
30,2,27,575,2003,0
30,2,27,575,2004,0
30,2,27,575,2005,0
30,2,27,575,2006,0
30,2,27,575,2007,0
30,2,27,575,2008,0
30,2,27,575,2009,0
30,2,27,575,2010,0
30,2,27,575,2011,0
30,2,27,575,2012,0
30,2,27,575,2013,0
30,2,27,575,2014,0
30,2,27,575,2015,0
30,2,27,575,2016,0
30,3,22,575,1990,0
30,3,22,575,1991,0
30,3,22,575,1992,0
30,3,22,575,1993,0
30,3,22,575,1994,0
30,3,22,575,1995,0
30,3,22,575,1996,0
30,3,22,575,1997,0
30,3,22,575,1998,0
30,3,22,575,1999,0
30,3,22,575,2000,0
30,3,22,575,2001,0
30,3,22,575,2002,0
30,3,22,575,2003,0
30,3,22,575,2004,0
30,3,22,575,2005,0
30,3,22,575,2006,0
30,3,22,575,2007,0
30,3,22,575,2008,0
30,3,22,575,2009,0
30,3,22,575,2010,0
30,3,22,575,2011,0
30,3,22,575,2012,0
30,3,22,575,2013,0
30,3,22,575,2014,0
30,3,22,575,2015,0
30,3,22,575,2016,0
30,3,27,575,1990,0
30,3,27,575,1991,0
30,3,27,575,1992,0
30,3,27,575,1993,0
30,3,27,575,1994,0
30,3,27,575,1995,0
30,3,27,575,1996,0
30,3,27,575,1997,0
30,3,27,575,1998,0
30,3,27,575,1999,0
30,3,27,575,2000,0
30,3,27,575,2001,0
30,3,27,575,2002,0
30,3,27,575,2003,0
30,3,27,575,2004,0
30,3,27,575,2005,0
30,3,27,575,2006,0
30,3,27,575,2007,0
30,3,27,575,2008,0
30,3,27,575,2009,0
30,3,27,575,2010,0
30,3,27,575,2011,0
30,3,27,575,2012,0
30,3,27,575,2013,0
30,3,27,575,2014,0
30,3,27,575,2015,0
30,3,27,575,2016,0
33,1,22,575,1990,0
33,1,22,575,1991,0
33,1,22,575,1992,0
33,1,22,575,1993,0
33,1,22,575,1994,0
33,1,22,575,1995,0
33,1,22,575,1996,0
33,1,22,575,1997,0
33,1,22,575,1998,0
33,1,22,575,1999,0
33,1,22,575,2000,0
33,1,22,575,2001,0
33,1,22,575,2002,0
33,1,22,575,2003,0
33,1,22,575,2004,0
33,1,22,575,2005,0
33,1,22,575,2006,0
33,1,22,575,2007,0
33,1,22,575,2008,0
33,1,22,575,2009,0
33,1,22,575,2010,0
33,1,22,575,2011,0
33,1,22,575,2012,0
33,1,22,575,2013,0
33,1,22,575,2014,0
33,1,22,575,2015,0
33,1,22,575,2016,0
33,1,27,575,1990,0
33,1,27,575,1991,0
33,1,27,575,1992,0
33,1,27,575,1993,0
33,1,27,575,1994,0
33,1,27,575,1995,0
33,1,27,575,1996,0
33,1,27,575,1997,0
33,1,27,575,1998,0
33,1,27,575,1999,0
33,1,27,575,2000,0
33,1,27,575,2001,0
33,1,27,575,2002,0
33,1,27,575,2003,0
33,1,27,575,2004,0
33,1,27,575,2005,0
33,1,27,575,2006,0
33,1,27,575,2007,0
33,1,27,575,2008,0
33,1,27,575,2009,0
33,1,27,575,2010,0
33,1,27,575,2011,0
33,1,27,575,2012,0
33,1,27,575,2013,0
33,1,27,575,2014,0
33,1,27,575,2015,0
33,1,27,575,2016,0
33,2,22,575,1990,0
33,2,22,575,1991,0
33,2,22,575,1992,0
33,2,22,575,1993,0
33,2,22,575,1994,0
33,2,22,575,1995,0
33,2,22,575,1996,0
33,2,22,575,1997,0
33,2,22,575,1998,0
33,2,22,575,1999,0
33,2,22,575,2000,0
33,2,22,575,2001,0
33,2,22,575,2002,0
33,2,22,575,2003,0
33,2,22,575,2004,0
33,2,22,575,2005,0
33,2,22,575,2006,0
33,2,22,575,2007,0
33,2,22,575,2008,0
33,2,22,575,2009,0
33,2,22,575,2010,0
33,2,22,575,2011,0
33,2,22,575,2012,0
33,2,22,575,2013,0
33,2,22,575,2014,0
33,2,22,575,2015,0
33,2,22,575,2016,0
33,2,27,575,1990,0
33,2,27,575,1991,0
33,2,27,575,1992,0
33,2,27,575,1993,0
33,2,27,575,1994,0
33,2,27,575,1995,0
33,2,27,575,1996,0
33,2,27,575,1997,0
33,2,27,575,1998,0
33,2,27,575,1999,0
33,2,27,575,2000,0
33,2,27,575,2001,0
33,2,27,575,2002,0
33,2,27,575,2003,0
33,2,27,575,2004,0
33,2,27,575,2005,0
33,2,27,575,2006,0
33,2,27,575,2007,0
33,2,27,575,2008,0
33,2,27,575,2009,0
33,2,27,575,2010,0
33,2,27,575,2011,0
33,2,27,575,2012,0
33,2,27,575,2013,0
33,2,27,575,2014,0
33,2,27,575,2015,0
33,2,27,575,2016,0
33,3,22,575,1990,0
33,3,22,575,1991,0
33,3,22,575,1992,0
33,3,22,575,1993,0
33,3,22,575,1994,0
33,3,22,575,1995,0
33,3,22,575,1996,0
33,3,22,575,1997,0
33,3,22,575,1998,0
33,3,22,575,1999,0
33,3,22,575,2000,0
33,3,22,575,2001,0
33,3,22,575,2002,0
33,3,22,575,2003,0
33,3,22,575,2004,0
33,3,22,575,2005,0
33,3,22,575,2006,0
33,3,22,575,2007,0
33,3,22,575,2008,0
33,3,22,575,2009,0
33,3,22,575,2010,0
33,3,22,575,2011,0
33,3,22,575,2012,0
33,3,22,575,2013,0
33,3,22,575,2014,0
33,3,22,575,2015,0
33,3,22,575,2016,0
33,3,27,575,1990,0
33,3,27,575,1991,0
33,3,27,575,1992,0
33,3,27,575,1993,0
33,3,27,575,1994,0
33,3,27,575,1995,0
33,3,27,575,1996,0
33,3,27,575,1997,0
33,3,27,575,1998,0
33,3,27,575,1999,0
33,3,27,575,2000,0
33,3,27,575,2001,0
33,3,27,575,2002,0
33,3,27,575,2003,0
33,3,27,575,2004,0
33,3,27,575,2005,0
33,3,27,575,2006,0
33,3,27,575,2007,0
33,3,27,575,2008,0
33,3,27,575,2009,0
33,3,27,575,2010,0
33,3,27,575,2011,0
33,3,27,575,2012,0
33,3,27,575,2013,0
33,3,27,575,2014,0
33,3,27,575,2015,0
33,3,27,575,2016,0
34,1,22,575,1990,0
34,1,22,575,1991,0
34,1,22,575,1992,0
34,1,22,575,1993,0
34,1,22,575,1994,0
34,1,22,575,1995,0
34,1,22,575,1996,0
34,1,22,575,1997,0
34,1,22,575,1998,0
34,1,22,575,1999,0
34,1,22,575,2000,0
34,1,22,575,2001,0
34,1,22,575,2002,0
34,1,22,575,2003,0
34,1,22,575,2004,0
34,1,22,575,2005,0
34,1,22,575,2006,0
34,1,22,575,2007,0
34,1,22,575,2008,0
34,1,22,575,2009,0
34,1,22,575,2010,0
34,1,22,575,2011,0
34,1,22,575,2012,0
34,1,22,575,2013,0
34,1,22,575,2014,0
34,1,22,575,2015,0
34,1,22,575,2016,0
34,1,27,575,1990,0
34,1,27,575,1991,0
34,1,27,575,1992,0
34,1,27,575,1993,0
34,1,27,575,1994,0
34,1,27,575,1995,0
34,1,27,575,1996,0
34,1,27,575,1997,0
34,1,27,575,1998,0
34,1,27,575,1999,0
34,1,27,575,2000,0
34,1,27,575,2001,0
34,1,27,575,2002,0
34,1,27,575,2003,0
34,1,27,575,2004,0
34,1,27,575,2005,0
34,1,27,575,2006,0
34,1,27,575,2007,0
34,1,27,575,2008,0
34,1,27,575,2009,0
34,1,27,575,2010,0
34,1,27,575,2011,0
34,1,27,575,2012,0
34,1,27,575,2013,0
34,1,27,575,2014,0
34,1,27,575,2015,0
34,1,27,575,2016,0
34,2,22,575,1990,0
34,2,22,575,1991,0
34,2,22,575,1992,0
34,2,22,575,1993,0
34,2,22,575,1994,0
34,2,22,575,1995,0
34,2,22,575,1996,0
34,2,22,575,1997,0
34,2,22,575,1998,0
34,2,22,575,1999,0
34,2,22,575,2000,0
34,2,22,575,2001,0
34,2,22,575,2002,0
34,2,22,575,2003,0
34,2,22,575,2004,0
34,2,22,575,2005,0
34,2,22,575,2006,0
34,2,22,575,2007,0
34,2,22,575,2008,0
34,2,22,575,2009,0
34,2,22,575,2010,0
34,2,22,575,2011,0
34,2,22,575,2012,0
34,2,22,575,2013,0
34,2,22,575,2014,0
34,2,22,575,2015,0
34,2,22,575,2016,0
34,2,27,575,1990,0
34,2,27,575,1991,0
34,2,27,575,1992,0
34,2,27,575,1993,0
34,2,27,575,1994,0
34,2,27,575,1995,0
34,2,27,575,1996,0
34,2,27,575,1997,0
34,2,27,575,1998,0
34,2,27,575,1999,0
34,2,27,575,2000,0
34,2,27,575,2001,0
34,2,27,575,2002,0
34,2,27,575,2003,0
34,2,27,575,2004,0
34,2,27,575,2005,0
34,2,27,575,2006,0
34,2,27,575,2007,0
34,2,27,575,2008,0
34,2,27,575,2009,0
34,2,27,575,2010,0
34,2,27,575,2011,0
34,2,27,575,2012,0
34,2,27,575,2013,0
34,2,27,575,2014,0
34,2,27,575,2015,0
34,2,27,575,2016,0
34,3,22,575,1990,0
34,3,22,575,1991,0
34,3,22,575,1992,0
34,3,22,575,1993,0
34,3,22,575,1994,0
34,3,22,575,1995,0
34,3,22,575,1996,0
34,3,22,575,1997,0
34,3,22,575,1998,0
34,3,22,575,1999,0
34,3,22,575,2000,0
34,3,22,575,2001,0
34,3,22,575,2002,0
34,3,22,575,2003,0
34,3,22,575,2004,0
34,3,22,575,2005,0
34,3,22,575,2006,0
34,3,22,575,2007,0
34,3,22,575,2008,0
34,3,22,575,2009,0
34,3,22,575,2010,0
34,3,22,575,2011,0
34,3,22,575,2012,0
34,3,22,575,2013,0
34,3,22,575,2014,0
34,3,22,575,2015,0
34,3,22,575,2016,0
34,3,27,575,1990,0
34,3,27,575,1991,0
34,3,27,575,1992,0
34,3,27,575,1993,0
34,3,27,575,1994,0
34,3,27,575,1995,0
34,3,27,575,1996,0
34,3,27,575,1997,0
34,3,27,575,1998,0
34,3,27,575,1999,0
34,3,27,575,2000,0
34,3,27,575,2001,0
34,3,27,575,2002,0
34,3,27,575,2003,0
34,3,27,575,2004,0
34,3,27,575,2005,0
34,3,27,575,2006,0
34,3,27,575,2007,0
34,3,27,575,2008,0
34,3,27,575,2009,0
34,3,27,575,2010,0
34,3,27,575,2011,0
34,3,27,575,2012,0
34,3,27,575,2013,0
34,3,27,575,2014,0
34,3,27,575,2015,0
34,3,27,575,2016,0
35,1,22,575,1990,0
35,1,22,575,1991,0
35,1,22,575,1992,0
35,1,22,575,1993,0
35,1,22,575,1994,0
35,1,22,575,1995,0
35,1,22,575,1996,0
35,1,22,575,1997,0
35,1,22,575,1998,0
35,1,22,575,1999,0
35,1,22,575,2000,0
35,1,22,575,2001,0
35,1,22,575,2002,0
35,1,22,575,2003,0
35,1,22,575,2004,0
35,1,22,575,2005,0
35,1,22,575,2006,0
35,1,22,575,2007,0
35,1,22,575,2008,0
35,1,22,575,2009,0
35,1,22,575,2010,0
35,1,22,575,2011,0
35,1,22,575,2012,0
35,1,22,575,2013,0
35,1,22,575,2014,0
35,1,22,575,2015,0
35,1,22,575,2016,0
35,1,27,575,1990,0
35,1,27,575,1991,0
35,1,27,575,1992,0
35,1,27,575,1993,0
35,1,27,575,1994,0
35,1,27,575,1995,0
35,1,27,575,1996,0
35,1,27,575,1997,0
35,1,27,575,1998,0
35,1,27,575,1999,0
35,1,27,575,2000,0
35,1,27,575,2001,0
35,1,27,575,2002,0
35,1,27,575,2003,0
35,1,27,575,2004,0
35,1,27,575,2005,0
35,1,27,575,2006,0
35,1,27,575,2007,0
35,1,27,575,2008,0
35,1,27,575,2009,0
35,1,27,575,2010,0
35,1,27,575,2011,0
35,1,27,575,2012,0
35,1,27,575,2013,0
35,1,27,575,2014,0
35,1,27,575,2015,0
35,1,27,575,2016,0
35,2,22,575,1990,0
35,2,22,575,1991,0
35,2,22,575,1992,0
35,2,22,575,1993,0
35,2,22,575,1994,0
35,2,22,575,1995,0
35,2,22,575,1996,0
35,2,22,575,1997,0
35,2,22,575,1998,0
35,2,22,575,1999,0
35,2,22,575,2000,0
35,2,22,575,2001,0
35,2,22,575,2002,0
35,2,22,575,2003,0
35,2,22,575,2004,0
35,2,22,575,2005,0
35,2,22,575,2006,0
35,2,22,575,2007,0
35,2,22,575,2008,0
35,2,22,575,2009,0
35,2,22,575,2010,0
35,2,22,575,2011,0
35,2,22,575,2012,0
35,2,22,575,2013,0
35,2,22,575,2014,0
35,2,22,575,2015,0
35,2,22,575,2016,0
35,2,27,575,1990,0
35,2,27,575,1991,0
35,2,27,575,1992,0
35,2,27,575,1993,0
35,2,27,575,1994,0
35,2,27,575,1995,0
35,2,27,575,1996,0
35,2,27,575,1997,0
35,2,27,575,1998,0
35,2,27,575,1999,0
35,2,27,575,2000,0
35,2,27,575,2001,0
35,2,27,575,2002,0
35,2,27,575,2003,0
35,2,27,575,2004,0
35,2,27,575,2005,0
35,2,27,575,2006,0
35,2,27,575,2007,0
35,2,27,575,2008,0
35,2,27,575,2009,0
35,2,27,575,2010,0
35,2,27,575,2011,0
35,2,27,575,2012,0
35,2,27,575,2013,0
35,2,27,575,2014,0
35,2,27,575,2015,0
35,2,27,575,2016,0
35,3,22,575,1990,0
35,3,22,575,1991,0
35,3,22,575,1992,0
35,3,22,575,1993,0
35,3,22,575,1994,0
35,3,22,575,1995,0
35,3,22,575,1996,0
35,3,22,575,1997,0
35,3,22,575,1998,0
35,3,22,575,1999,0
35,3,22,575,2000,0
35,3,22,575,2001,0
35,3,22,575,2002,0
35,3,22,575,2003,0
35,3,22,575,2004,0
35,3,22,575,2005,0
35,3,22,575,2006,0
35,3,22,575,2007,0
35,3,22,575,2008,0
35,3,22,575,2009,0
35,3,22,575,2010,0
35,3,22,575,2011,0
35,3,22,575,2012,0
35,3,22,575,2013,0
35,3,22,575,2014,0
35,3,22,575,2015,0
35,3,22,575,2016,0
35,3,27,575,1990,0
35,3,27,575,1991,0
35,3,27,575,1992,0
35,3,27,575,1993,0
35,3,27,575,1994,0
35,3,27,575,1995,0
35,3,27,575,1996,0
35,3,27,575,1997,0
35,3,27,575,1998,0
35,3,27,575,1999,0
35,3,27,575,2000,0
35,3,27,575,2001,0
35,3,27,575,2002,0
35,3,27,575,2003,0
35,3,27,575,2004,0
35,3,27,575,2005,0
35,3,27,575,2006,0
35,3,27,575,2007,0
35,3,27,575,2008,0
35,3,27,575,2009,0
35,3,27,575,2010,0
35,3,27,575,2011,0
35,3,27,575,2012,0
35,3,27,575,2013,0
35,3,27,575,2014,0
35,3,27,575,2015,0
35,3,27,575,2016,0
36,1,22,575,1990,0
36,1,22,575,1991,0
36,1,22,575,1992,0
36,1,22,575,1993,0
36,1,22,575,1994,0
36,1,22,575,1995,0
36,1,22,575,1996,0
36,1,22,575,1997,0
36,1,22,575,1998,0
36,1,22,575,1999,0
36,1,22,575,2000,0
36,1,22,575,2001,0
36,1,22,575,2002,0
36,1,22,575,2003,0
36,1,22,575,2004,0
36,1,22,575,2005,0
36,1,22,575,2006,0
36,1,22,575,2007,0
36,1,22,575,2008,0
36,1,22,575,2009,0
36,1,22,575,2010,0
36,1,22,575,2011,0
36,1,22,575,2012,0
36,1,22,575,2013,0
36,1,22,575,2014,0
36,1,22,575,2015,0
36,1,22,575,2016,0
36,1,27,575,1990,0
36,1,27,575,1991,0
36,1,27,575,1992,0
36,1,27,575,1993,0
36,1,27,575,1994,0
36,1,27,575,1995,0
36,1,27,575,1996,0
36,1,27,575,1997,0
36,1,27,575,1998,0
36,1,27,575,1999,0
36,1,27,575,2000,0
36,1,27,575,2001,0
36,1,27,575,2002,0
36,1,27,575,2003,0
36,1,27,575,2004,0
36,1,27,575,2005,0
36,1,27,575,2006,0
36,1,27,575,2007,0
36,1,27,575,2008,0
36,1,27,575,2009,0
36,1,27,575,2010,0
36,1,27,575,2011,0
36,1,27,575,2012,0
36,1,27,575,2013,0
36,1,27,575,2014,0
36,1,27,575,2015,0
36,1,27,575,2016,0
36,2,22,575,1990,0
36,2,22,575,1991,0
36,2,22,575,1992,0
36,2,22,575,1993,0
36,2,22,575,1994,0
36,2,22,575,1995,0
36,2,22,575,1996,0
36,2,22,575,1997,0
36,2,22,575,1998,0
36,2,22,575,1999,0
36,2,22,575,2000,0
36,2,22,575,2001,0
36,2,22,575,2002,0
36,2,22,575,2003,0
36,2,22,575,2004,0
36,2,22,575,2005,0
36,2,22,575,2006,0
36,2,22,575,2007,0
36,2,22,575,2008,0
36,2,22,575,2009,0
36,2,22,575,2010,0
36,2,22,575,2011,0
36,2,22,575,2012,0
36,2,22,575,2013,0
36,2,22,575,2014,0
36,2,22,575,2015,0
36,2,22,575,2016,0
36,2,27,575,1990,0
36,2,27,575,1991,0
36,2,27,575,1992,0
36,2,27,575,1993,0
36,2,27,575,1994,0
36,2,27,575,1995,0
36,2,27,575,1996,0
36,2,27,575,1997,0
36,2,27,575,1998,0
36,2,27,575,1999,0
36,2,27,575,2000,0
36,2,27,575,2001,0
36,2,27,575,2002,0
36,2,27,575,2003,0
36,2,27,575,2004,0
36,2,27,575,2005,0
36,2,27,575,2006,0
36,2,27,575,2007,0
36,2,27,575,2008,0
36,2,27,575,2009,0
36,2,27,575,2010,0
36,2,27,575,2011,0
36,2,27,575,2012,0
36,2,27,575,2013,0
36,2,27,575,2014,0
36,2,27,575,2015,0
36,2,27,575,2016,0
36,3,22,575,1990,0
36,3,22,575,1991,0
36,3,22,575,1992,0
36,3,22,575,1993,0
36,3,22,575,1994,0
36,3,22,575,1995,0
36,3,22,575,1996,0
36,3,22,575,1997,0
36,3,22,575,1998,0
36,3,22,575,1999,0
36,3,22,575,2000,0
36,3,22,575,2001,0
36,3,22,575,2002,0
36,3,22,575,2003,0
36,3,22,575,2004,0
36,3,22,575,2005,0
36,3,22,575,2006,0
36,3,22,575,2007,0
36,3,22,575,2008,0
36,3,22,575,2009,0
36,3,22,575,2010,0
36,3,22,575,2011,0
36,3,22,575,2012,0
36,3,22,575,2013,0
36,3,22,575,2014,0
36,3,22,575,2015,0
36,3,22,575,2016,0
36,3,27,575,1990,0
36,3,27,575,1991,0
36,3,27,575,1992,0
36,3,27,575,1993,0
36,3,27,575,1994,0
36,3,27,575,1995,0
36,3,27,575,1996,0
36,3,27,575,1997,0
36,3,27,575,1998,0
36,3,27,575,1999,0
36,3,27,575,2000,0
36,3,27,575,2001,0
36,3,27,575,2002,0
36,3,27,575,2003,0
36,3,27,575,2004,0
36,3,27,575,2005,0
36,3,27,575,2006,0
36,3,27,575,2007,0
36,3,27,575,2008,0
36,3,27,575,2009,0
36,3,27,575,2010,0
36,3,27,575,2011,0
36,3,27,575,2012,0
36,3,27,575,2013,0
36,3,27,575,2014,0
36,3,27,575,2015,0
36,3,27,575,2016,0
37,1,22,575,1990,0
37,1,22,575,1991,0
37,1,22,575,1992,0
37,1,22,575,1993,0
37,1,22,575,1994,0
37,1,22,575,1995,0
37,1,22,575,1996,0
37,1,22,575,1997,0
37,1,22,575,1998,0
37,1,22,575,1999,0
37,1,22,575,2000,0
37,1,22,575,2001,0
37,1,22,575,2002,0
37,1,22,575,2003,0
37,1,22,575,2004,0
37,1,22,575,2005,0
37,1,22,575,2006,0
37,1,22,575,2007,0
37,1,22,575,2008,0
37,1,22,575,2009,0
37,1,22,575,2010,0
37,1,22,575,2011,0
37,1,22,575,2012,0
37,1,22,575,2013,0
37,1,22,575,2014,0
37,1,22,575,2015,0
37,1,22,575,2016,0
37,1,27,575,1990,0
37,1,27,575,1991,0
37,1,27,575,1992,0
37,1,27,575,1993,0
37,1,27,575,1994,0
37,1,27,575,1995,0
37,1,27,575,1996,0
37,1,27,575,1997,0
37,1,27,575,1998,0
37,1,27,575,1999,0
37,1,27,575,2000,0
37,1,27,575,2001,0
37,1,27,575,2002,0
37,1,27,575,2003,0
37,1,27,575,2004,0
37,1,27,575,2005,0
37,1,27,575,2006,0
37,1,27,575,2007,0
37,1,27,575,2008,0
37,1,27,575,2009,0
37,1,27,575,2010,0
37,1,27,575,2011,0
37,1,27,575,2012,0
37,1,27,575,2013,0
37,1,27,575,2014,0
37,1,27,575,2015,0
37,1,27,575,2016,0
37,2,22,575,1990,0
37,2,22,575,1991,0
37,2,22,575,1992,0
37,2,22,575,1993,0
37,2,22,575,1994,0
37,2,22,575,1995,0
37,2,22,575,1996,0
37,2,22,575,1997,0
37,2,22,575,1998,0
37,2,22,575,1999,0
37,2,22,575,2000,0
37,2,22,575,2001,0
37,2,22,575,2002,0
37,2,22,575,2003,0
37,2,22,575,2004,0
37,2,22,575,2005,0
37,2,22,575,2006,0
37,2,22,575,2007,0
37,2,22,575,2008,0
37,2,22,575,2009,0
37,2,22,575,2010,0
37,2,22,575,2011,0
37,2,22,575,2012,0
37,2,22,575,2013,0
37,2,22,575,2014,0
37,2,22,575,2015,0
37,2,22,575,2016,0
37,2,27,575,1990,0
37,2,27,575,1991,0
37,2,27,575,1992,0
37,2,27,575,1993,0
37,2,27,575,1994,0
37,2,27,575,1995,0
37,2,27,575,1996,0
37,2,27,575,1997,0
37,2,27,575,1998,0
37,2,27,575,1999,0
37,2,27,575,2000,0
37,2,27,575,2001,0
37,2,27,575,2002,0
37,2,27,575,2003,0
37,2,27,575,2004,0
37,2,27,575,2005,0
37,2,27,575,2006,0
37,2,27,575,2007,0
37,2,27,575,2008,0
37,2,27,575,2009,0
37,2,27,575,2010,0
37,2,27,575,2011,0
37,2,27,575,2012,0
37,2,27,575,2013,0
37,2,27,575,2014,0
37,2,27,575,2015,0
37,2,27,575,2016,0
37,3,22,575,1990,0
37,3,22,575,1991,0
37,3,22,575,1992,0
37,3,22,575,1993,0
37,3,22,575,1994,0
37,3,22,575,1995,0
37,3,22,575,1996,0
37,3,22,575,1997,0
37,3,22,575,1998,0
37,3,22,575,1999,0
37,3,22,575,2000,0
37,3,22,575,2001,0
37,3,22,575,2002,0
37,3,22,575,2003,0
37,3,22,575,2004,0
37,3,22,575,2005,0
37,3,22,575,2006,0
37,3,22,575,2007,0
37,3,22,575,2008,0
37,3,22,575,2009,0
37,3,22,575,2010,0
37,3,22,575,2011,0
37,3,22,575,2012,0
37,3,22,575,2013,0
37,3,22,575,2014,0
37,3,22,575,2015,0
37,3,22,575,2016,0
37,3,27,575,1990,0
37,3,27,575,1991,0
37,3,27,575,1992,0
37,3,27,575,1993,0
37,3,27,575,1994,0
37,3,27,575,1995,0
37,3,27,575,1996,0
37,3,27,575,1997,0
37,3,27,575,1998,0
37,3,27,575,1999,0
37,3,27,575,2000,0
37,3,27,575,2001,0
37,3,27,575,2002,0
37,3,27,575,2003,0
37,3,27,575,2004,0
37,3,27,575,2005,0
37,3,27,575,2006,0
37,3,27,575,2007,0
37,3,27,575,2008,0
37,3,27,575,2009,0
37,3,27,575,2010,0
37,3,27,575,2011,0
37,3,27,575,2012,0
37,3,27,575,2013,0
37,3,27,575,2014,0
37,3,27,575,2015,0
37,3,27,575,2016,0
38,1,22,575,1990,0
38,1,22,575,1991,0
38,1,22,575,1992,0
38,1,22,575,1993,0
38,1,22,575,1994,0
38,1,22,575,1995,0
38,1,22,575,1996,0
38,1,22,575,1997,0
38,1,22,575,1998,0
38,1,22,575,1999,0
38,1,22,575,2000,0
38,1,22,575,2001,0
38,1,22,575,2002,0
38,1,22,575,2003,0
38,1,22,575,2004,0
38,1,22,575,2005,0
38,1,22,575,2006,0
38,1,22,575,2007,0
38,1,22,575,2008,0
38,1,22,575,2009,0
38,1,22,575,2010,0
38,1,22,575,2011,0
38,1,22,575,2012,0
38,1,22,575,2013,0
38,1,22,575,2014,0
38,1,22,575,2015,0
38,1,22,575,2016,0
38,1,27,575,1990,0
38,1,27,575,1991,0
38,1,27,575,1992,0
38,1,27,575,1993,0
38,1,27,575,1994,0
38,1,27,575,1995,0
38,1,27,575,1996,0
38,1,27,575,1997,0
38,1,27,575,1998,0
38,1,27,575,1999,0
38,1,27,575,2000,0
38,1,27,575,2001,0
38,1,27,575,2002,0
38,1,27,575,2003,0
38,1,27,575,2004,0
38,1,27,575,2005,0
38,1,27,575,2006,0
38,1,27,575,2007,0
38,1,27,575,2008,0
38,1,27,575,2009,0
38,1,27,575,2010,0
38,1,27,575,2011,0
38,1,27,575,2012,0
38,1,27,575,2013,0
38,1,27,575,2014,0
38,1,27,575,2015,0
38,1,27,575,2016,0
38,2,22,575,1990,0
38,2,22,575,1991,0
38,2,22,575,1992,0
38,2,22,575,1993,0
38,2,22,575,1994,0
38,2,22,575,1995,0
38,2,22,575,1996,0
38,2,22,575,1997,0
38,2,22,575,1998,0
38,2,22,575,1999,0
38,2,22,575,2000,0
38,2,22,575,2001,0
38,2,22,575,2002,0
38,2,22,575,2003,0
38,2,22,575,2004,0
38,2,22,575,2005,0
38,2,22,575,2006,0
38,2,22,575,2007,0
38,2,22,575,2008,0
38,2,22,575,2009,0
38,2,22,575,2010,0
38,2,22,575,2011,0
38,2,22,575,2012,0
38,2,22,575,2013,0
38,2,22,575,2014,0
38,2,22,575,2015,0
38,2,22,575,2016,0
38,2,27,575,1990,0
38,2,27,575,1991,0
38,2,27,575,1992,0
38,2,27,575,1993,0
38,2,27,575,1994,0
38,2,27,575,1995,0
38,2,27,575,1996,0
38,2,27,575,1997,0
38,2,27,575,1998,0
38,2,27,575,1999,0
38,2,27,575,2000,0
38,2,27,575,2001,0
38,2,27,575,2002,0
38,2,27,575,2003,0
38,2,27,575,2004,0
38,2,27,575,2005,0
38,2,27,575,2006,0
38,2,27,575,2007,0
38,2,27,575,2008,0
38,2,27,575,2009,0
38,2,27,575,2010,0
38,2,27,575,2011,0
38,2,27,575,2012,0
38,2,27,575,2013,0
38,2,27,575,2014,0
38,2,27,575,2015,0
38,2,27,575,2016,0
38,3,22,575,1990,0
38,3,22,575,1991,0
38,3,22,575,1992,0
38,3,22,575,1993,0
38,3,22,575,1994,0
38,3,22,575,1995,0
38,3,22,575,1996,0
38,3,22,575,1997,0
38,3,22,575,1998,0
38,3,22,575,1999,0
38,3,22,575,2000,0
38,3,22,575,2001,0
38,3,22,575,2002,0
38,3,22,575,2003,0
38,3,22,575,2004,0
38,3,22,575,2005,0
38,3,22,575,2006,0
38,3,22,575,2007,0
38,3,22,575,2008,0
38,3,22,575,2009,0
38,3,22,575,2010,0
38,3,22,575,2011,0
38,3,22,575,2012,0
38,3,22,575,2013,0
38,3,22,575,2014,0
38,3,22,575,2015,0
38,3,22,575,2016,0
38,3,27,575,1990,0
38,3,27,575,1991,0
38,3,27,575,1992,0
38,3,27,575,1993,0
38,3,27,575,1994,0
38,3,27,575,1995,0
38,3,27,575,1996,0
38,3,27,575,1997,0
38,3,27,575,1998,0
38,3,27,575,1999,0
38,3,27,575,2000,0
38,3,27,575,2001,0
38,3,27,575,2002,0
38,3,27,575,2003,0
38,3,27,575,2004,0
38,3,27,575,2005,0
38,3,27,575,2006,0
38,3,27,575,2007,0
38,3,27,575,2008,0
38,3,27,575,2009,0
38,3,27,575,2010,0
38,3,27,575,2011,0
38,3,27,575,2012,0
38,3,27,575,2013,0
38,3,27,575,2014,0
38,3,27,575,2015,0
38,3,27,575,2016,0
39,1,22,575,1990,0
39,1,22,575,1991,0
39,1,22,575,1992,0
39,1,22,575,1993,0
39,1,22,575,1994,0
39,1,22,575,1995,0
39,1,22,575,1996,0
39,1,22,575,1997,0
39,1,22,575,1998,0
39,1,22,575,1999,0
39,1,22,575,2000,0
39,1,22,575,2001,0
39,1,22,575,2002,0
39,1,22,575,2003,0
39,1,22,575,2004,0
39,1,22,575,2005,0
39,1,22,575,2006,0
39,1,22,575,2007,0
39,1,22,575,2008,0
39,1,22,575,2009,0
39,1,22,575,2010,0
39,1,22,575,2011,0
39,1,22,575,2012,0
39,1,22,575,2013,0
39,1,22,575,2014,0
39,1,22,575,2015,0
39,1,22,575,2016,0
39,1,27,575,1990,0
39,1,27,575,1991,0
39,1,27,575,1992,0
39,1,27,575,1993,0
39,1,27,575,1994,0
39,1,27,575,1995,0
39,1,27,575,1996,0
39,1,27,575,1997,0
39,1,27,575,1998,0
39,1,27,575,1999,0
39,1,27,575,2000,0
39,1,27,575,2001,0
39,1,27,575,2002,0
39,1,27,575,2003,0
39,1,27,575,2004,0
39,1,27,575,2005,0
39,1,27,575,2006,0
39,1,27,575,2007,0
39,1,27,575,2008,0
39,1,27,575,2009,0
39,1,27,575,2010,0
39,1,27,575,2011,0
39,1,27,575,2012,0
39,1,27,575,2013,0
39,1,27,575,2014,0
39,1,27,575,2015,0
39,1,27,575,2016,0
39,2,22,575,1990,0
39,2,22,575,1991,0
39,2,22,575,1992,0
39,2,22,575,1993,0
39,2,22,575,1994,0
39,2,22,575,1995,0
39,2,22,575,1996,0
39,2,22,575,1997,0
39,2,22,575,1998,0
39,2,22,575,1999,0
39,2,22,575,2000,0
39,2,22,575,2001,0
39,2,22,575,2002,0
39,2,22,575,2003,0
39,2,22,575,2004,0
39,2,22,575,2005,0
39,2,22,575,2006,0
39,2,22,575,2007,0
39,2,22,575,2008,0
39,2,22,575,2009,0
39,2,22,575,2010,0
39,2,22,575,2011,0
39,2,22,575,2012,0
39,2,22,575,2013,0
39,2,22,575,2014,0
39,2,22,575,2015,0
39,2,22,575,2016,0
39,2,27,575,1990,0
39,2,27,575,1991,0
39,2,27,575,1992,0
39,2,27,575,1993,0
39,2,27,575,1994,0
39,2,27,575,1995,0
39,2,27,575,1996,0
39,2,27,575,1997,0
39,2,27,575,1998,0
39,2,27,575,1999,0
39,2,27,575,2000,0
39,2,27,575,2001,0
39,2,27,575,2002,0
39,2,27,575,2003,0
39,2,27,575,2004,0
39,2,27,575,2005,0
39,2,27,575,2006,0
39,2,27,575,2007,0
39,2,27,575,2008,0
39,2,27,575,2009,0
39,2,27,575,2010,0
39,2,27,575,2011,0
39,2,27,575,2012,0
39,2,27,575,2013,0
39,2,27,575,2014,0
39,2,27,575,2015,0
39,2,27,575,2016,0
39,3,22,575,1990,0
39,3,22,575,1991,0
39,3,22,575,1992,0
39,3,22,575,1993,0
39,3,22,575,1994,0
39,3,22,575,1995,0
39,3,22,575,1996,0
39,3,22,575,1997,0
39,3,22,575,1998,0
39,3,22,575,1999,0
39,3,22,575,2000,0
39,3,22,575,2001,0
39,3,22,575,2002,0
39,3,22,575,2003,0
39,3,22,575,2004,0
39,3,22,575,2005,0
39,3,22,575,2006,0
39,3,22,575,2007,0
39,3,22,575,2008,0
39,3,22,575,2009,0
39,3,22,575,2010,0
39,3,22,575,2011,0
39,3,22,575,2012,0
39,3,22,575,2013,0
39,3,22,575,2014,0
39,3,22,575,2015,0
39,3,22,575,2016,0
39,3,27,575,1990,0
39,3,27,575,1991,0
39,3,27,575,1992,0
39,3,27,575,1993,0
39,3,27,575,1994,0
39,3,27,575,1995,0
39,3,27,575,1996,0
39,3,27,575,1997,0
39,3,27,575,1998,0
39,3,27,575,1999,0
39,3,27,575,2000,0
39,3,27,575,2001,0
39,3,27,575,2002,0
39,3,27,575,2003,0
39,3,27,575,2004,0
39,3,27,575,2005,0
39,3,27,575,2006,0
39,3,27,575,2007,0
39,3,27,575,2008,0
39,3,27,575,2009,0
39,3,27,575,2010,0
39,3,27,575,2011,0
39,3,27,575,2012,0
39,3,27,575,2013,0
39,3,27,575,2014,0
39,3,27,575,2015,0
39,3,27,575,2016,0
40,1,22,575,1990,0
40,1,22,575,1991,0
40,1,22,575,1992,0
40,1,22,575,1993,0
40,1,22,575,1994,0
40,1,22,575,1995,0
40,1,22,575,1996,0
40,1,22,575,1997,0
40,1,22,575,1998,0
40,1,22,575,1999,0
40,1,22,575,2000,0
40,1,22,575,2001,0
40,1,22,575,2002,0
40,1,22,575,2003,0
40,1,22,575,2004,0
40,1,22,575,2005,0
40,1,22,575,2006,0
40,1,22,575,2007,0
40,1,22,575,2008,0
40,1,22,575,2009,0
40,1,22,575,2010,0
40,1,22,575,2011,0
40,1,22,575,2012,0
40,1,22,575,2013,0
40,1,22,575,2014,0
40,1,22,575,2015,0
40,1,22,575,2016,0
40,1,27,575,1990,0
40,1,27,575,1991,0
40,1,27,575,1992,0
40,1,27,575,1993,0
40,1,27,575,1994,0
40,1,27,575,1995,0
40,1,27,575,1996,0
40,1,27,575,1997,0
40,1,27,575,1998,0
40,1,27,575,1999,0
40,1,27,575,2000,0
40,1,27,575,2001,0
40,1,27,575,2002,0
40,1,27,575,2003,0
40,1,27,575,2004,0
40,1,27,575,2005,0
40,1,27,575,2006,0
40,1,27,575,2007,0
40,1,27,575,2008,0
40,1,27,575,2009,0
40,1,27,575,2010,0
40,1,27,575,2011,0
40,1,27,575,2012,0
40,1,27,575,2013,0
40,1,27,575,2014,0
40,1,27,575,2015,0
40,1,27,575,2016,0
40,2,22,575,1990,0
40,2,22,575,1991,0
40,2,22,575,1992,0
40,2,22,575,1993,0
40,2,22,575,1994,0
40,2,22,575,1995,0
40,2,22,575,1996,0
40,2,22,575,1997,0
40,2,22,575,1998,0
40,2,22,575,1999,0
40,2,22,575,2000,0
40,2,22,575,2001,0
40,2,22,575,2002,0
40,2,22,575,2003,0
40,2,22,575,2004,0
40,2,22,575,2005,0
40,2,22,575,2006,0
40,2,22,575,2007,0
40,2,22,575,2008,0
40,2,22,575,2009,0
40,2,22,575,2010,0
40,2,22,575,2011,0
40,2,22,575,2012,0
40,2,22,575,2013,0
40,2,22,575,2014,0
40,2,22,575,2015,0
40,2,22,575,2016,0
40,2,27,575,1990,0
40,2,27,575,1991,0
40,2,27,575,1992,0
40,2,27,575,1993,0
40,2,27,575,1994,0
40,2,27,575,1995,0
40,2,27,575,1996,0
40,2,27,575,1997,0
40,2,27,575,1998,0
40,2,27,575,1999,0
40,2,27,575,2000,0
40,2,27,575,2001,0
40,2,27,575,2002,0
40,2,27,575,2003,0
40,2,27,575,2004,0
40,2,27,575,2005,0
40,2,27,575,2006,0
40,2,27,575,2007,0
40,2,27,575,2008,0
40,2,27,575,2009,0
40,2,27,575,2010,0
40,2,27,575,2011,0
40,2,27,575,2012,0
40,2,27,575,2013,0
40,2,27,575,2014,0
40,2,27,575,2015,0
40,2,27,575,2016,0
40,3,22,575,1990,0
40,3,22,575,1991,0
40,3,22,575,1992,0
40,3,22,575,1993,0
40,3,22,575,1994,0
40,3,22,575,1995,0
40,3,22,575,1996,0
40,3,22,575,1997,0
40,3,22,575,1998,0
40,3,22,575,1999,0
40,3,22,575,2000,0
40,3,22,575,2001,0
40,3,22,575,2002,0
40,3,22,575,2003,0
40,3,22,575,2004,0
40,3,22,575,2005,0
40,3,22,575,2006,0
40,3,22,575,2007,0
40,3,22,575,2008,0
40,3,22,575,2009,0
40,3,22,575,2010,0
40,3,22,575,2011,0
40,3,22,575,2012,0
40,3,22,575,2013,0
40,3,22,575,2014,0
40,3,22,575,2015,0
40,3,22,575,2016,0
40,3,27,575,1990,0
40,3,27,575,1991,0
40,3,27,575,1992,0
40,3,27,575,1993,0
40,3,27,575,1994,0
40,3,27,575,1995,0
40,3,27,575,1996,0
40,3,27,575,1997,0
40,3,27,575,1998,0
40,3,27,575,1999,0
40,3,27,575,2000,0
40,3,27,575,2001,0
40,3,27,575,2002,0
40,3,27,575,2003,0
40,3,27,575,2004,0
40,3,27,575,2005,0
40,3,27,575,2006,0
40,3,27,575,2007,0
40,3,27,575,2008,0
40,3,27,575,2009,0
40,3,27,575,2010,0
40,3,27,575,2011,0
40,3,27,575,2012,0
40,3,27,575,2013,0
40,3,27,575,2014,0
40,3,27,575,2015,0
40,3,27,575,2016,0
41,1,22,575,1990,0
41,1,22,575,1991,0
41,1,22,575,1992,0
41,1,22,575,1993,0
41,1,22,575,1994,0
41,1,22,575,1995,0
41,1,22,575,1996,0
41,1,22,575,1997,0
41,1,22,575,1998,0
41,1,22,575,1999,0
41,1,22,575,2000,0
41,1,22,575,2001,0
41,1,22,575,2002,0
41,1,22,575,2003,0
41,1,22,575,2004,0
41,1,22,575,2005,0
41,1,22,575,2006,0
41,1,22,575,2007,0
41,1,22,575,2008,0
41,1,22,575,2009,0
41,1,22,575,2010,0
41,1,22,575,2011,0
41,1,22,575,2012,0
41,1,22,575,2013,0
41,1,22,575,2014,0
41,1,22,575,2015,0
41,1,22,575,2016,0
41,1,27,575,1990,0
41,1,27,575,1991,0
41,1,27,575,1992,0
41,1,27,575,1993,0
41,1,27,575,1994,0
41,1,27,575,1995,0
41,1,27,575,1996,0
41,1,27,575,1997,0
41,1,27,575,1998,0
41,1,27,575,1999,0
41,1,27,575,2000,0
41,1,27,575,2001,0
41,1,27,575,2002,0
41,1,27,575,2003,0
41,1,27,575,2004,0
41,1,27,575,2005,0
41,1,27,575,2006,0
41,1,27,575,2007,0
41,1,27,575,2008,0
41,1,27,575,2009,0
41,1,27,575,2010,0
41,1,27,575,2011,0
41,1,27,575,2012,0
41,1,27,575,2013,0
41,1,27,575,2014,0
41,1,27,575,2015,0
41,1,27,575,2016,0
41,2,22,575,1990,0
41,2,22,575,1991,0
41,2,22,575,1992,0
41,2,22,575,1993,0
41,2,22,575,1994,0
41,2,22,575,1995,0
41,2,22,575,1996,0
41,2,22,575,1997,0
41,2,22,575,1998,0
41,2,22,575,1999,0
41,2,22,575,2000,0
41,2,22,575,2001,0
41,2,22,575,2002,0
41,2,22,575,2003,0
41,2,22,575,2004,0
41,2,22,575,2005,0
41,2,22,575,2006,0
41,2,22,575,2007,0
41,2,22,575,2008,0
41,2,22,575,2009,0
41,2,22,575,2010,0
41,2,22,575,2011,0
41,2,22,575,2012,0
41,2,22,575,2013,0
41,2,22,575,2014,0
41,2,22,575,2015,0
41,2,22,575,2016,0
41,2,27,575,1990,0
41,2,27,575,1991,0
41,2,27,575,1992,0
41,2,27,575,1993,0
41,2,27,575,1994,0
41,2,27,575,1995,0
41,2,27,575,1996,0
41,2,27,575,1997,0
41,2,27,575,1998,0
41,2,27,575,1999,0
41,2,27,575,2000,0
41,2,27,575,2001,0
41,2,27,575,2002,0
41,2,27,575,2003,0
41,2,27,575,2004,0
41,2,27,575,2005,0
41,2,27,575,2006,0
41,2,27,575,2007,0
41,2,27,575,2008,0
41,2,27,575,2009,0
41,2,27,575,2010,0
41,2,27,575,2011,0
41,2,27,575,2012,0
41,2,27,575,2013,0
41,2,27,575,2014,0
41,2,27,575,2015,0
41,2,27,575,2016,0
41,3,22,575,1990,0
41,3,22,575,1991,0
41,3,22,575,1992,0
41,3,22,575,1993,0
41,3,22,575,1994,0
41,3,22,575,1995,0
41,3,22,575,1996,0
41,3,22,575,1997,0
41,3,22,575,1998,0
41,3,22,575,1999,0
41,3,22,575,2000,0
41,3,22,575,2001,0
41,3,22,575,2002,0
41,3,22,575,2003,0
41,3,22,575,2004,0
41,3,22,575,2005,0
41,3,22,575,2006,0
41,3,22,575,2007,0
41,3,22,575,2008,0
41,3,22,575,2009,0
41,3,22,575,2010,0
41,3,22,575,2011,0
41,3,22,575,2012,0
41,3,22,575,2013,0
41,3,22,575,2014,0
41,3,22,575,2015,0
41,3,22,575,2016,0
41,3,27,575,1990,0
41,3,27,575,1991,0
41,3,27,575,1992,0
41,3,27,575,1993,0
41,3,27,575,1994,0
41,3,27,575,1995,0
41,3,27,575,1996,0
41,3,27,575,1997,0
41,3,27,575,1998,0
41,3,27,575,1999,0
41,3,27,575,2000,0
41,3,27,575,2001,0
41,3,27,575,2002,0
41,3,27,575,2003,0
41,3,27,575,2004,0
41,3,27,575,2005,0
41,3,27,575,2006,0
41,3,27,575,2007,0
41,3,27,575,2008,0
41,3,27,575,2009,0
41,3,27,575,2010,0
41,3,27,575,2011,0
41,3,27,575,2012,0
41,3,27,575,2013,0
41,3,27,575,2014,0
41,3,27,575,2015,0
41,3,27,575,2016,0
43,1,22,575,1990,0
43,1,22,575,1991,0
43,1,22,575,1992,0
43,1,22,575,1993,0
43,1,22,575,1994,0
43,1,22,575,1995,0
43,1,22,575,1996,0
43,1,22,575,1997,0
43,1,22,575,1998,0
43,1,22,575,1999,0
43,1,22,575,2000,0
43,1,22,575,2001,0
43,1,22,575,2002,0
43,1,22,575,2003,0
43,1,22,575,2004,0
43,1,22,575,2005,0
43,1,22,575,2006,0
43,1,22,575,2007,0
43,1,22,575,2008,0
43,1,22,575,2009,0
43,1,22,575,2010,0
43,1,22,575,2011,0
43,1,22,575,2012,0
43,1,22,575,2013,0
43,1,22,575,2014,0
43,1,22,575,2015,0
43,1,22,575,2016,0
43,1,27,575,1990,0
43,1,27,575,1991,0
43,1,27,575,1992,0
43,1,27,575,1993,0
43,1,27,575,1994,0
43,1,27,575,1995,0
43,1,27,575,1996,0
43,1,27,575,1997,0
43,1,27,575,1998,0
43,1,27,575,1999,0
43,1,27,575,2000,0
43,1,27,575,2001,0
43,1,27,575,2002,0
43,1,27,575,2003,0
43,1,27,575,2004,0
43,1,27,575,2005,0
43,1,27,575,2006,0
43,1,27,575,2007,0
43,1,27,575,2008,0
43,1,27,575,2009,0
43,1,27,575,2010,0
43,1,27,575,2011,0
43,1,27,575,2012,0
43,1,27,575,2013,0
43,1,27,575,2014,0
43,1,27,575,2015,0
43,1,27,575,2016,0
43,2,22,575,1990,0
43,2,22,575,1991,0
43,2,22,575,1992,0
43,2,22,575,1993,0
43,2,22,575,1994,0
43,2,22,575,1995,0
43,2,22,575,1996,0
43,2,22,575,1997,0
43,2,22,575,1998,0
43,2,22,575,1999,0
43,2,22,575,2000,0
43,2,22,575,2001,0
43,2,22,575,2002,0
43,2,22,575,2003,0
43,2,22,575,2004,0
43,2,22,575,2005,0
43,2,22,575,2006,0
43,2,22,575,2007,0
43,2,22,575,2008,0
43,2,22,575,2009,0
43,2,22,575,2010,0
43,2,22,575,2011,0
43,2,22,575,2012,0
43,2,22,575,2013,0
43,2,22,575,2014,0
43,2,22,575,2015,0
43,2,22,575,2016,0
43,2,27,575,1990,0
43,2,27,575,1991,0
43,2,27,575,1992,0
43,2,27,575,1993,0
43,2,27,575,1994,0
43,2,27,575,1995,0
43,2,27,575,1996,0
43,2,27,575,1997,0
43,2,27,575,1998,0
43,2,27,575,1999,0
43,2,27,575,2000,0
43,2,27,575,2001,0
43,2,27,575,2002,0
43,2,27,575,2003,0
43,2,27,575,2004,0
43,2,27,575,2005,0
43,2,27,575,2006,0
43,2,27,575,2007,0
43,2,27,575,2008,0
43,2,27,575,2009,0
43,2,27,575,2010,0
43,2,27,575,2011,0
43,2,27,575,2012,0
43,2,27,575,2013,0
43,2,27,575,2014,0
43,2,27,575,2015,0
43,2,27,575,2016,0
43,3,22,575,1990,0
43,3,22,575,1991,0
43,3,22,575,1992,0
43,3,22,575,1993,0
43,3,22,575,1994,0
43,3,22,575,1995,0
43,3,22,575,1996,0
43,3,22,575,1997,0
43,3,22,575,1998,0
43,3,22,575,1999,0
43,3,22,575,2000,0
43,3,22,575,2001,0
43,3,22,575,2002,0
43,3,22,575,2003,0
43,3,22,575,2004,0
43,3,22,575,2005,0
43,3,22,575,2006,0
43,3,22,575,2007,0
43,3,22,575,2008,0
43,3,22,575,2009,0
43,3,22,575,2010,0
43,3,22,575,2011,0
43,3,22,575,2012,0
43,3,22,575,2013,0
43,3,22,575,2014,0
43,3,22,575,2015,0
43,3,22,575,2016,0
43,3,27,575,1990,0
43,3,27,575,1991,0
43,3,27,575,1992,0
43,3,27,575,1993,0
43,3,27,575,1994,0
43,3,27,575,1995,0
43,3,27,575,1996,0
43,3,27,575,1997,0
43,3,27,575,1998,0
43,3,27,575,1999,0
43,3,27,575,2000,0
43,3,27,575,2001,0
43,3,27,575,2002,0
43,3,27,575,2003,0
43,3,27,575,2004,0
43,3,27,575,2005,0
43,3,27,575,2006,0
43,3,27,575,2007,0
43,3,27,575,2008,0
43,3,27,575,2009,0
43,3,27,575,2010,0
43,3,27,575,2011,0
43,3,27,575,2012,0
43,3,27,575,2013,0
43,3,27,575,2014,0
43,3,27,575,2015,0
43,3,27,575,2016,0
44,1,22,575,1990,0
44,1,22,575,1991,0
44,1,22,575,1992,0
44,1,22,575,1993,0
44,1,22,575,1994,0
44,1,22,575,1995,0
44,1,22,575,1996,0
44,1,22,575,1997,0
44,1,22,575,1998,0
44,1,22,575,1999,0
44,1,22,575,2000,0
44,1,22,575,2001,0
44,1,22,575,2002,0
44,1,22,575,2003,0
44,1,22,575,2004,0
44,1,22,575,2005,0
44,1,22,575,2006,0
44,1,22,575,2007,0
44,1,22,575,2008,0
44,1,22,575,2009,0
44,1,22,575,2010,0
44,1,22,575,2011,0
44,1,22,575,2012,0
44,1,22,575,2013,0
44,1,22,575,2014,0
44,1,22,575,2015,0
44,1,22,575,2016,0
44,1,27,575,1990,0
44,1,27,575,1991,0
44,1,27,575,1992,0
44,1,27,575,1993,0
44,1,27,575,1994,0
44,1,27,575,1995,0
44,1,27,575,1996,0
44,1,27,575,1997,0
44,1,27,575,1998,0
44,1,27,575,1999,0
44,1,27,575,2000,0
44,1,27,575,2001,0
44,1,27,575,2002,0
44,1,27,575,2003,0
44,1,27,575,2004,0
44,1,27,575,2005,0
44,1,27,575,2006,0
44,1,27,575,2007,0
44,1,27,575,2008,0
44,1,27,575,2009,0
44,1,27,575,2010,0
44,1,27,575,2011,0
44,1,27,575,2012,0
44,1,27,575,2013,0
44,1,27,575,2014,0
44,1,27,575,2015,0
44,1,27,575,2016,0
44,2,22,575,1990,0
44,2,22,575,1991,0
44,2,22,575,1992,0
44,2,22,575,1993,0
44,2,22,575,1994,0
44,2,22,575,1995,0
44,2,22,575,1996,0
44,2,22,575,1997,0
44,2,22,575,1998,0
44,2,22,575,1999,0
44,2,22,575,2000,0
44,2,22,575,2001,0
44,2,22,575,2002,0
44,2,22,575,2003,0
44,2,22,575,2004,0
44,2,22,575,2005,0
44,2,22,575,2006,0
44,2,22,575,2007,0
44,2,22,575,2008,0
44,2,22,575,2009,0
44,2,22,575,2010,0
44,2,22,575,2011,0
44,2,22,575,2012,0
44,2,22,575,2013,0
44,2,22,575,2014,0
44,2,22,575,2015,0
44,2,22,575,2016,0
44,2,27,575,1990,0
44,2,27,575,1991,0
44,2,27,575,1992,0
44,2,27,575,1993,0
44,2,27,575,1994,0
44,2,27,575,1995,0
44,2,27,575,1996,0
44,2,27,575,1997,0
44,2,27,575,1998,0
44,2,27,575,1999,0
44,2,27,575,2000,0
44,2,27,575,2001,0
44,2,27,575,2002,0
44,2,27,575,2003,0
44,2,27,575,2004,0
44,2,27,575,2005,0
44,2,27,575,2006,0
44,2,27,575,2007,0
44,2,27,575,2008,0
44,2,27,575,2009,0
44,2,27,575,2010,0
44,2,27,575,2011,0
44,2,27,575,2012,0
44,2,27,575,2013,0
44,2,27,575,2014,0
44,2,27,575,2015,0
44,2,27,575,2016,0
44,3,22,575,1990,0
44,3,22,575,1991,0
44,3,22,575,1992,0
44,3,22,575,1993,0
44,3,22,575,1994,0
44,3,22,575,1995,0
44,3,22,575,1996,0
44,3,22,575,1997,0
44,3,22,575,1998,0
44,3,22,575,1999,0
44,3,22,575,2000,0
44,3,22,575,2001,0
44,3,22,575,2002,0
44,3,22,575,2003,0
44,3,22,575,2004,0
44,3,22,575,2005,0
44,3,22,575,2006,0
44,3,22,575,2007,0
44,3,22,575,2008,0
44,3,22,575,2009,0
44,3,22,575,2010,0
44,3,22,575,2011,0
44,3,22,575,2012,0
44,3,22,575,2013,0
44,3,22,575,2014,0
44,3,22,575,2015,0
44,3,22,575,2016,0
44,3,27,575,1990,0
44,3,27,575,1991,0
44,3,27,575,1992,0
44,3,27,575,1993,0
44,3,27,575,1994,0
44,3,27,575,1995,0
44,3,27,575,1996,0
44,3,27,575,1997,0
44,3,27,575,1998,0
44,3,27,575,1999,0
44,3,27,575,2000,0
44,3,27,575,2001,0
44,3,27,575,2002,0
44,3,27,575,2003,0
44,3,27,575,2004,0
44,3,27,575,2005,0
44,3,27,575,2006,0
44,3,27,575,2007,0
44,3,27,575,2008,0
44,3,27,575,2009,0
44,3,27,575,2010,0
44,3,27,575,2011,0
44,3,27,575,2012,0
44,3,27,575,2013,0
44,3,27,575,2014,0
44,3,27,575,2015,0
44,3,27,575,2016,0
45,1,22,575,1990,0
45,1,22,575,1991,0
45,1,22,575,1992,0
45,1,22,575,1993,0
45,1,22,575,1994,0
45,1,22,575,1995,0
45,1,22,575,1996,0
45,1,22,575,1997,0
45,1,22,575,1998,0
45,1,22,575,1999,0
45,1,22,575,2000,0
45,1,22,575,2001,0
45,1,22,575,2002,0
45,1,22,575,2003,0
45,1,22,575,2004,0
45,1,22,575,2005,0
45,1,22,575,2006,0
45,1,22,575,2007,0
45,1,22,575,2008,0
45,1,22,575,2009,0
45,1,22,575,2010,0
45,1,22,575,2011,0
45,1,22,575,2012,0
45,1,22,575,2013,0
45,1,22,575,2014,0
45,1,22,575,2015,0
45,1,22,575,2016,0
45,1,27,575,1990,0
45,1,27,575,1991,0
45,1,27,575,1992,0
45,1,27,575,1993,0
45,1,27,575,1994,0
45,1,27,575,1995,0
45,1,27,575,1996,0
45,1,27,575,1997,0
45,1,27,575,1998,0
45,1,27,575,1999,0
45,1,27,575,2000,0
45,1,27,575,2001,0
45,1,27,575,2002,0
45,1,27,575,2003,0
45,1,27,575,2004,0
45,1,27,575,2005,0
45,1,27,575,2006,0
45,1,27,575,2007,0
45,1,27,575,2008,0
45,1,27,575,2009,0
45,1,27,575,2010,0
45,1,27,575,2011,0
45,1,27,575,2012,0
45,1,27,575,2013,0
45,1,27,575,2014,0
45,1,27,575,2015,0
45,1,27,575,2016,0
45,2,22,575,1990,0
45,2,22,575,1991,0
45,2,22,575,1992,0
45,2,22,575,1993,0
45,2,22,575,1994,0
45,2,22,575,1995,0
45,2,22,575,1996,0
45,2,22,575,1997,0
45,2,22,575,1998,0
45,2,22,575,1999,0
45,2,22,575,2000,0
45,2,22,575,2001,0
45,2,22,575,2002,0
45,2,22,575,2003,0
45,2,22,575,2004,0
45,2,22,575,2005,0
45,2,22,575,2006,0
45,2,22,575,2007,0
45,2,22,575,2008,0
45,2,22,575,2009,0
45,2,22,575,2010,0
45,2,22,575,2011,0
45,2,22,575,2012,0
45,2,22,575,2013,0
45,2,22,575,2014,0
45,2,22,575,2015,0
45,2,22,575,2016,0
45,2,27,575,1990,0
45,2,27,575,1991,0
45,2,27,575,1992,0
45,2,27,575,1993,0
45,2,27,575,1994,0
45,2,27,575,1995,0
45,2,27,575,1996,0
45,2,27,575,1997,0
45,2,27,575,1998,0
45,2,27,575,1999,0
45,2,27,575,2000,0
45,2,27,575,2001,0
45,2,27,575,2002,0
45,2,27,575,2003,0
45,2,27,575,2004,0
45,2,27,575,2005,0
45,2,27,575,2006,0
45,2,27,575,2007,0
45,2,27,575,2008,0
45,2,27,575,2009,0
45,2,27,575,2010,0
45,2,27,575,2011,0
45,2,27,575,2012,0
45,2,27,575,2013,0
45,2,27,575,2014,0
45,2,27,575,2015,0
45,2,27,575,2016,0
45,3,22,575,1990,0
45,3,22,575,1991,0
45,3,22,575,1992,0
45,3,22,575,1993,0
45,3,22,575,1994,0
45,3,22,575,1995,0
45,3,22,575,1996,0
45,3,22,575,1997,0
45,3,22,575,1998,0
45,3,22,575,1999,0
45,3,22,575,2000,0
45,3,22,575,2001,0
45,3,22,575,2002,0
45,3,22,575,2003,0
45,3,22,575,2004,0
45,3,22,575,2005,0
45,3,22,575,2006,0
45,3,22,575,2007,0
45,3,22,575,2008,0
45,3,22,575,2009,0
45,3,22,575,2010,0
45,3,22,575,2011,0
45,3,22,575,2012,0
45,3,22,575,2013,0
45,3,22,575,2014,0
45,3,22,575,2015,0
45,3,22,575,2016,0
45,3,27,575,1990,0
45,3,27,575,1991,0
45,3,27,575,1992,0
45,3,27,575,1993,0
45,3,27,575,1994,0
45,3,27,575,1995,0
45,3,27,575,1996,0
45,3,27,575,1997,0
45,3,27,575,1998,0
45,3,27,575,1999,0
45,3,27,575,2000,0
45,3,27,575,2001,0
45,3,27,575,2002,0
45,3,27,575,2003,0
45,3,27,575,2004,0
45,3,27,575,2005,0
45,3,27,575,2006,0
45,3,27,575,2007,0
45,3,27,575,2008,0
45,3,27,575,2009,0
45,3,27,575,2010,0
45,3,27,575,2011,0
45,3,27,575,2012,0
45,3,27,575,2013,0
45,3,27,575,2014,0
45,3,27,575,2015,0
45,3,27,575,2016,0
46,1,22,575,1990,0
46,1,22,575,1991,0
46,1,22,575,1992,0
46,1,22,575,1993,0
46,1,22,575,1994,0
46,1,22,575,1995,0
46,1,22,575,1996,0
46,1,22,575,1997,0
46,1,22,575,1998,0
46,1,22,575,1999,0
46,1,22,575,2000,0
46,1,22,575,2001,0
46,1,22,575,2002,0
46,1,22,575,2003,0
46,1,22,575,2004,0
46,1,22,575,2005,0
46,1,22,575,2006,0
46,1,22,575,2007,0
46,1,22,575,2008,0
46,1,22,575,2009,0
46,1,22,575,2010,0
46,1,22,575,2011,0
46,1,22,575,2012,0
46,1,22,575,2013,0
46,1,22,575,2014,0
46,1,22,575,2015,0
46,1,22,575,2016,0
46,1,27,575,1990,0
46,1,27,575,1991,0
46,1,27,575,1992,0
46,1,27,575,1993,0
46,1,27,575,1994,0
46,1,27,575,1995,0
46,1,27,575,1996,0
46,1,27,575,1997,0
46,1,27,575,1998,0
46,1,27,575,1999,0
46,1,27,575,2000,0
46,1,27,575,2001,0
46,1,27,575,2002,0
46,1,27,575,2003,0
46,1,27,575,2004,0
46,1,27,575,2005,0
46,1,27,575,2006,0
46,1,27,575,2007,0
46,1,27,575,2008,0
46,1,27,575,2009,0
46,1,27,575,2010,0
46,1,27,575,2011,0
46,1,27,575,2012,0
46,1,27,575,2013,0
46,1,27,575,2014,0
46,1,27,575,2015,0
46,1,27,575,2016,0
46,2,22,575,1990,0
46,2,22,575,1991,0
46,2,22,575,1992,0
46,2,22,575,1993,0
46,2,22,575,1994,0
46,2,22,575,1995,0
46,2,22,575,1996,0
46,2,22,575,1997,0
46,2,22,575,1998,0
46,2,22,575,1999,0
46,2,22,575,2000,0
46,2,22,575,2001,0
46,2,22,575,2002,0
46,2,22,575,2003,0
46,2,22,575,2004,0
46,2,22,575,2005,0
46,2,22,575,2006,0
46,2,22,575,2007,0
46,2,22,575,2008,0
46,2,22,575,2009,0
46,2,22,575,2010,0
46,2,22,575,2011,0
46,2,22,575,2012,0
46,2,22,575,2013,0
46,2,22,575,2014,0
46,2,22,575,2015,0
46,2,22,575,2016,0
46,2,27,575,1990,0
46,2,27,575,1991,0
46,2,27,575,1992,0
46,2,27,575,1993,0
46,2,27,575,1994,0
46,2,27,575,1995,0
46,2,27,575,1996,0
46,2,27,575,1997,0
46,2,27,575,1998,0
46,2,27,575,1999,0
46,2,27,575,2000,0
46,2,27,575,2001,0
46,2,27,575,2002,0
46,2,27,575,2003,0
46,2,27,575,2004,0
46,2,27,575,2005,0
46,2,27,575,2006,0
46,2,27,575,2007,0
46,2,27,575,2008,0
46,2,27,575,2009,0
46,2,27,575,2010,0
46,2,27,575,2011,0
46,2,27,575,2012,0
46,2,27,575,2013,0
46,2,27,575,2014,0
46,2,27,575,2015,0
46,2,27,575,2016,0
46,3,22,575,1990,0
46,3,22,575,1991,0
46,3,22,575,1992,0
46,3,22,575,1993,0
46,3,22,575,1994,0
46,3,22,575,1995,0
46,3,22,575,1996,0
46,3,22,575,1997,0
46,3,22,575,1998,0
46,3,22,575,1999,0
46,3,22,575,2000,0
46,3,22,575,2001,0
46,3,22,575,2002,0
46,3,22,575,2003,0
46,3,22,575,2004,0
46,3,22,575,2005,0
46,3,22,575,2006,0
46,3,22,575,2007,0
46,3,22,575,2008,0
46,3,22,575,2009,0
46,3,22,575,2010,0
46,3,22,575,2011,0
46,3,22,575,2012,0
46,3,22,575,2013,0
46,3,22,575,2014,0
46,3,22,575,2015,0
46,3,22,575,2016,0
46,3,27,575,1990,0
46,3,27,575,1991,0
46,3,27,575,1992,0
46,3,27,575,1993,0
46,3,27,575,1994,0
46,3,27,575,1995,0
46,3,27,575,1996,0
46,3,27,575,1997,0
46,3,27,575,1998,0
46,3,27,575,1999,0
46,3,27,575,2000,0
46,3,27,575,2001,0
46,3,27,575,2002,0
46,3,27,575,2003,0
46,3,27,575,2004,0
46,3,27,575,2005,0
46,3,27,575,2006,0
46,3,27,575,2007,0
46,3,27,575,2008,0
46,3,27,575,2009,0
46,3,27,575,2010,0
46,3,27,575,2011,0
46,3,27,575,2012,0
46,3,27,575,2013,0
46,3,27,575,2014,0
46,3,27,575,2015,0
46,3,27,575,2016,0
47,1,22,575,1990,0
47,1,22,575,1991,0
47,1,22,575,1992,0
47,1,22,575,1993,0
47,1,22,575,1994,0
47,1,22,575,1995,0
47,1,22,575,1996,0
47,1,22,575,1997,0
47,1,22,575,1998,0
47,1,22,575,1999,0
47,1,22,575,2000,0
47,1,22,575,2001,0
47,1,22,575,2002,0
47,1,22,575,2003,0
47,1,22,575,2004,0
47,1,22,575,2005,0
47,1,22,575,2006,0
47,1,22,575,2007,0
47,1,22,575,2008,0
47,1,22,575,2009,0
47,1,22,575,2010,0
47,1,22,575,2011,0
47,1,22,575,2012,0
47,1,22,575,2013,0
47,1,22,575,2014,0
47,1,22,575,2015,0
47,1,22,575,2016,0
47,1,27,575,1990,0
47,1,27,575,1991,0
47,1,27,575,1992,0
47,1,27,575,1993,0
47,1,27,575,1994,0
47,1,27,575,1995,0
47,1,27,575,1996,0
47,1,27,575,1997,0
47,1,27,575,1998,0
47,1,27,575,1999,0
47,1,27,575,2000,0
47,1,27,575,2001,0
47,1,27,575,2002,0
47,1,27,575,2003,0
47,1,27,575,2004,0
47,1,27,575,2005,0
47,1,27,575,2006,0
47,1,27,575,2007,0
47,1,27,575,2008,0
47,1,27,575,2009,0
47,1,27,575,2010,0
47,1,27,575,2011,0
47,1,27,575,2012,0
47,1,27,575,2013,0
47,1,27,575,2014,0
47,1,27,575,2015,0
47,1,27,575,2016,0
47,2,22,575,1990,0
47,2,22,575,1991,0
47,2,22,575,1992,0
47,2,22,575,1993,0
47,2,22,575,1994,0
47,2,22,575,1995,0
47,2,22,575,1996,0
47,2,22,575,1997,0
47,2,22,575,1998,0
47,2,22,575,1999,0
47,2,22,575,2000,0
47,2,22,575,2001,0
47,2,22,575,2002,0
47,2,22,575,2003,0
47,2,22,575,2004,0
47,2,22,575,2005,0
47,2,22,575,2006,0
47,2,22,575,2007,0
47,2,22,575,2008,0
47,2,22,575,2009,0
47,2,22,575,2010,0
47,2,22,575,2011,0
47,2,22,575,2012,0
47,2,22,575,2013,0
47,2,22,575,2014,0
47,2,22,575,2015,0
47,2,22,575,2016,0
47,2,27,575,1990,0
47,2,27,575,1991,0
47,2,27,575,1992,0
47,2,27,575,1993,0
47,2,27,575,1994,0
47,2,27,575,1995,0
47,2,27,575,1996,0
47,2,27,575,1997,0
47,2,27,575,1998,0
47,2,27,575,1999,0
47,2,27,575,2000,0
47,2,27,575,2001,0
47,2,27,575,2002,0
47,2,27,575,2003,0
47,2,27,575,2004,0
47,2,27,575,2005,0
47,2,27,575,2006,0
47,2,27,575,2007,0
47,2,27,575,2008,0
47,2,27,575,2009,0
47,2,27,575,2010,0
47,2,27,575,2011,0
47,2,27,575,2012,0
47,2,27,575,2013,0
47,2,27,575,2014,0
47,2,27,575,2015,0
47,2,27,575,2016,0
47,3,22,575,1990,0
47,3,22,575,1991,0
47,3,22,575,1992,0
47,3,22,575,1993,0
47,3,22,575,1994,0
47,3,22,575,1995,0
47,3,22,575,1996,0
47,3,22,575,1997,0
47,3,22,575,1998,0
47,3,22,575,1999,0
47,3,22,575,2000,0
47,3,22,575,2001,0
47,3,22,575,2002,0
47,3,22,575,2003,0
47,3,22,575,2004,0
47,3,22,575,2005,0
47,3,22,575,2006,0
47,3,22,575,2007,0
47,3,22,575,2008,0
47,3,22,575,2009,0
47,3,22,575,2010,0
47,3,22,575,2011,0
47,3,22,575,2012,0
47,3,22,575,2013,0
47,3,22,575,2014,0
47,3,22,575,2015,0
47,3,22,575,2016,0
47,3,27,575,1990,0
47,3,27,575,1991,0
47,3,27,575,1992,0
47,3,27,575,1993,0
47,3,27,575,1994,0
47,3,27,575,1995,0
47,3,27,575,1996,0
47,3,27,575,1997,0
47,3,27,575,1998,0
47,3,27,575,1999,0
47,3,27,575,2000,0
47,3,27,575,2001,0
47,3,27,575,2002,0
47,3,27,575,2003,0
47,3,27,575,2004,0
47,3,27,575,2005,0
47,3,27,575,2006,0
47,3,27,575,2007,0
47,3,27,575,2008,0
47,3,27,575,2009,0
47,3,27,575,2010,0
47,3,27,575,2011,0
47,3,27,575,2012,0
47,3,27,575,2013,0
47,3,27,575,2014,0
47,3,27,575,2015,0
47,3,27,575,2016,0
48,1,22,575,1990,0
48,1,22,575,1991,0
48,1,22,575,1992,0
48,1,22,575,1993,0
48,1,22,575,1994,0
48,1,22,575,1995,0
48,1,22,575,1996,0
48,1,22,575,1997,0
48,1,22,575,1998,0
48,1,22,575,1999,0
48,1,22,575,2000,0
48,1,22,575,2001,0
48,1,22,575,2002,0
48,1,22,575,2003,0
48,1,22,575,2004,0
48,1,22,575,2005,0
48,1,22,575,2006,0
48,1,22,575,2007,0
48,1,22,575,2008,0
48,1,22,575,2009,0
48,1,22,575,2010,0
48,1,22,575,2011,0
48,1,22,575,2012,0
48,1,22,575,2013,0
48,1,22,575,2014,0
48,1,22,575,2015,0
48,1,22,575,2016,0
48,1,27,575,1990,0
48,1,27,575,1991,0
48,1,27,575,1992,0
48,1,27,575,1993,0
48,1,27,575,1994,0
48,1,27,575,1995,0
48,1,27,575,1996,0
48,1,27,575,1997,0
48,1,27,575,1998,0
48,1,27,575,1999,0
48,1,27,575,2000,0
48,1,27,575,2001,0
48,1,27,575,2002,0
48,1,27,575,2003,0
48,1,27,575,2004,0
48,1,27,575,2005,0
48,1,27,575,2006,0
48,1,27,575,2007,0
48,1,27,575,2008,0
48,1,27,575,2009,0
48,1,27,575,2010,0
48,1,27,575,2011,0
48,1,27,575,2012,0
48,1,27,575,2013,0
48,1,27,575,2014,0
48,1,27,575,2015,0
48,1,27,575,2016,0
48,2,22,575,1990,0
48,2,22,575,1991,0
48,2,22,575,1992,0
48,2,22,575,1993,0
48,2,22,575,1994,0
48,2,22,575,1995,0
48,2,22,575,1996,0
48,2,22,575,1997,0
48,2,22,575,1998,0
48,2,22,575,1999,0
48,2,22,575,2000,0
48,2,22,575,2001,0
48,2,22,575,2002,0
48,2,22,575,2003,0
48,2,22,575,2004,0
48,2,22,575,2005,0
48,2,22,575,2006,0
48,2,22,575,2007,0
48,2,22,575,2008,0
48,2,22,575,2009,0
48,2,22,575,2010,0
48,2,22,575,2011,0
48,2,22,575,2012,0
48,2,22,575,2013,0
48,2,22,575,2014,0
48,2,22,575,2015,0
48,2,22,575,2016,0
48,2,27,575,1990,0
48,2,27,575,1991,0
48,2,27,575,1992,0
48,2,27,575,1993,0
48,2,27,575,1994,0
48,2,27,575,1995,0
48,2,27,575,1996,0
48,2,27,575,1997,0
48,2,27,575,1998,0
48,2,27,575,1999,0
48,2,27,575,2000,0
48,2,27,575,2001,0
48,2,27,575,2002,0
48,2,27,575,2003,0
48,2,27,575,2004,0
48,2,27,575,2005,0
48,2,27,575,2006,0
48,2,27,575,2007,0
48,2,27,575,2008,0
48,2,27,575,2009,0
48,2,27,575,2010,0
48,2,27,575,2011,0
48,2,27,575,2012,0
48,2,27,575,2013,0
48,2,27,575,2014,0
48,2,27,575,2015,0
48,2,27,575,2016,0
48,3,22,575,1990,0
48,3,22,575,1991,0
48,3,22,575,1992,0
48,3,22,575,1993,0
48,3,22,575,1994,0
48,3,22,575,1995,0
48,3,22,575,1996,0
48,3,22,575,1997,0
48,3,22,575,1998,0
48,3,22,575,1999,0
48,3,22,575,2000,0
48,3,22,575,2001,0
48,3,22,575,2002,0
48,3,22,575,2003,0
48,3,22,575,2004,0
48,3,22,575,2005,0
48,3,22,575,2006,0
48,3,22,575,2007,0
48,3,22,575,2008,0
48,3,22,575,2009,0
48,3,22,575,2010,0
48,3,22,575,2011,0
48,3,22,575,2012,0
48,3,22,575,2013,0
48,3,22,575,2014,0
48,3,22,575,2015,0
48,3,22,575,2016,0
48,3,27,575,1990,0
48,3,27,575,1991,0
48,3,27,575,1992,0
48,3,27,575,1993,0
48,3,27,575,1994,0
48,3,27,575,1995,0
48,3,27,575,1996,0
48,3,27,575,1997,0
48,3,27,575,1998,0
48,3,27,575,1999,0
48,3,27,575,2000,0
48,3,27,575,2001,0
48,3,27,575,2002,0
48,3,27,575,2003,0
48,3,27,575,2004,0
48,3,27,575,2005,0
48,3,27,575,2006,0
48,3,27,575,2007,0
48,3,27,575,2008,0
48,3,27,575,2009,0
48,3,27,575,2010,0
48,3,27,575,2011,0
48,3,27,575,2012,0
48,3,27,575,2013,0
48,3,27,575,2014,0
48,3,27,575,2015,0
48,3,27,575,2016,0
49,1,22,575,1990,0
49,1,22,575,1991,0
49,1,22,575,1992,0
49,1,22,575,1993,0
49,1,22,575,1994,0
49,1,22,575,1995,0
49,1,22,575,1996,0
49,1,22,575,1997,0
49,1,22,575,1998,0
49,1,22,575,1999,0
49,1,22,575,2000,0
49,1,22,575,2001,0
49,1,22,575,2002,0
49,1,22,575,2003,0
49,1,22,575,2004,0
49,1,22,575,2005,0
49,1,22,575,2006,0
49,1,22,575,2007,0
49,1,22,575,2008,0
49,1,22,575,2009,0
49,1,22,575,2010,0
49,1,22,575,2011,0
49,1,22,575,2012,0
49,1,22,575,2013,0
49,1,22,575,2014,0
49,1,22,575,2015,0
49,1,22,575,2016,0
49,1,27,575,1990,0
49,1,27,575,1991,0
49,1,27,575,1992,0
49,1,27,575,1993,0
49,1,27,575,1994,0
49,1,27,575,1995,0
49,1,27,575,1996,0
49,1,27,575,1997,0
49,1,27,575,1998,0
49,1,27,575,1999,0
49,1,27,575,2000,0
49,1,27,575,2001,0
49,1,27,575,2002,0
49,1,27,575,2003,0
49,1,27,575,2004,0
49,1,27,575,2005,0
49,1,27,575,2006,0
49,1,27,575,2007,0
49,1,27,575,2008,0
49,1,27,575,2009,0
49,1,27,575,2010,0
49,1,27,575,2011,0
49,1,27,575,2012,0
49,1,27,575,2013,0
49,1,27,575,2014,0
49,1,27,575,2015,0
49,1,27,575,2016,0
49,2,22,575,1990,0
49,2,22,575,1991,0
49,2,22,575,1992,0
49,2,22,575,1993,0
49,2,22,575,1994,0
49,2,22,575,1995,0
49,2,22,575,1996,0
49,2,22,575,1997,0
49,2,22,575,1998,0
49,2,22,575,1999,0
49,2,22,575,2000,0
49,2,22,575,2001,0
49,2,22,575,2002,0
49,2,22,575,2003,0
49,2,22,575,2004,0
49,2,22,575,2005,0
49,2,22,575,2006,0
49,2,22,575,2007,0
49,2,22,575,2008,0
49,2,22,575,2009,0
49,2,22,575,2010,0
49,2,22,575,2011,0
49,2,22,575,2012,0
49,2,22,575,2013,0
49,2,22,575,2014,0
49,2,22,575,2015,0
49,2,22,575,2016,0
49,2,27,575,1990,0
49,2,27,575,1991,0
49,2,27,575,1992,0
49,2,27,575,1993,0
49,2,27,575,1994,0
49,2,27,575,1995,0
49,2,27,575,1996,0
49,2,27,575,1997,0
49,2,27,575,1998,0
49,2,27,575,1999,0
49,2,27,575,2000,0
49,2,27,575,2001,0
49,2,27,575,2002,0
49,2,27,575,2003,0
49,2,27,575,2004,0
49,2,27,575,2005,0
49,2,27,575,2006,0
49,2,27,575,2007,0
49,2,27,575,2008,0
49,2,27,575,2009,0
49,2,27,575,2010,0
49,2,27,575,2011,0
49,2,27,575,2012,0
49,2,27,575,2013,0
49,2,27,575,2014,0
49,2,27,575,2015,0
49,2,27,575,2016,0
49,3,22,575,1990,0
49,3,22,575,1991,0
49,3,22,575,1992,0
49,3,22,575,1993,0
49,3,22,575,1994,0
49,3,22,575,1995,0
49,3,22,575,1996,0
49,3,22,575,1997,0
49,3,22,575,1998,0
49,3,22,575,1999,0
49,3,22,575,2000,0
49,3,22,575,2001,0
49,3,22,575,2002,0
49,3,22,575,2003,0
49,3,22,575,2004,0
49,3,22,575,2005,0
49,3,22,575,2006,0
49,3,22,575,2007,0
49,3,22,575,2008,0
49,3,22,575,2009,0
49,3,22,575,2010,0
49,3,22,575,2011,0
49,3,22,575,2012,0
49,3,22,575,2013,0
49,3,22,575,2014,0
49,3,22,575,2015,0
49,3,22,575,2016,0
49,3,27,575,1990,0
49,3,27,575,1991,0
49,3,27,575,1992,0
49,3,27,575,1993,0
49,3,27,575,1994,0
49,3,27,575,1995,0
49,3,27,575,1996,0
49,3,27,575,1997,0
49,3,27,575,1998,0
49,3,27,575,1999,0
49,3,27,575,2000,0
49,3,27,575,2001,0
49,3,27,575,2002,0
49,3,27,575,2003,0
49,3,27,575,2004,0
49,3,27,575,2005,0
49,3,27,575,2006,0
49,3,27,575,2007,0
49,3,27,575,2008,0
49,3,27,575,2009,0
49,3,27,575,2010,0
49,3,27,575,2011,0
49,3,27,575,2012,0
49,3,27,575,2013,0
49,3,27,575,2014,0
49,3,27,575,2015,0
49,3,27,575,2016,0
50,1,22,575,1990,0
50,1,22,575,1991,0
50,1,22,575,1992,0
50,1,22,575,1993,0
50,1,22,575,1994,0
50,1,22,575,1995,0
50,1,22,575,1996,0
50,1,22,575,1997,0
50,1,22,575,1998,0
50,1,22,575,1999,0
50,1,22,575,2000,0
50,1,22,575,2001,0
50,1,22,575,2002,0
50,1,22,575,2003,0
50,1,22,575,2004,0
50,1,22,575,2005,0
50,1,22,575,2006,0
50,1,22,575,2007,0
50,1,22,575,2008,0
50,1,22,575,2009,0
50,1,22,575,2010,0
50,1,22,575,2011,0
50,1,22,575,2012,0
50,1,22,575,2013,0
50,1,22,575,2014,0
50,1,22,575,2015,0
50,1,22,575,2016,0
50,1,27,575,1990,0
50,1,27,575,1991,0
50,1,27,575,1992,0
50,1,27,575,1993,0
50,1,27,575,1994,0
50,1,27,575,1995,0
50,1,27,575,1996,0
50,1,27,575,1997,0
50,1,27,575,1998,0
50,1,27,575,1999,0
50,1,27,575,2000,0
50,1,27,575,2001,0
50,1,27,575,2002,0
50,1,27,575,2003,0
50,1,27,575,2004,0
50,1,27,575,2005,0
50,1,27,575,2006,0
50,1,27,575,2007,0
50,1,27,575,2008,0
50,1,27,575,2009,0
50,1,27,575,2010,0
50,1,27,575,2011,0
50,1,27,575,2012,0
50,1,27,575,2013,0
50,1,27,575,2014,0
50,1,27,575,2015,0
50,1,27,575,2016,0
50,2,22,575,1990,0
50,2,22,575,1991,0
50,2,22,575,1992,0
50,2,22,575,1993,0
50,2,22,575,1994,0
50,2,22,575,1995,0
50,2,22,575,1996,0
50,2,22,575,1997,0
50,2,22,575,1998,0
50,2,22,575,1999,0
50,2,22,575,2000,0
50,2,22,575,2001,0
50,2,22,575,2002,0
50,2,22,575,2003,0
50,2,22,575,2004,0
50,2,22,575,2005,0
50,2,22,575,2006,0
50,2,22,575,2007,0
50,2,22,575,2008,0
50,2,22,575,2009,0
50,2,22,575,2010,0
50,2,22,575,2011,0
50,2,22,575,2012,0
50,2,22,575,2013,0
50,2,22,575,2014,0
50,2,22,575,2015,0
50,2,22,575,2016,0
50,2,27,575,1990,0
50,2,27,575,1991,0
50,2,27,575,1992,0
50,2,27,575,1993,0
50,2,27,575,1994,0
50,2,27,575,1995,0
50,2,27,575,1996,0
50,2,27,575,1997,0
50,2,27,575,1998,0
50,2,27,575,1999,0
50,2,27,575,2000,0
50,2,27,575,2001,0
50,2,27,575,2002,0
50,2,27,575,2003,0
50,2,27,575,2004,0
50,2,27,575,2005,0
50,2,27,575,2006,0
50,2,27,575,2007,0
50,2,27,575,2008,0
50,2,27,575,2009,0
50,2,27,575,2010,0
50,2,27,575,2011,0
50,2,27,575,2012,0
50,2,27,575,2013,0
50,2,27,575,2014,0
50,2,27,575,2015,0
50,2,27,575,2016,0
50,3,22,575,1990,0
50,3,22,575,1991,0
50,3,22,575,1992,0
50,3,22,575,1993,0
50,3,22,575,1994,0
50,3,22,575,1995,0
50,3,22,575,1996,0
50,3,22,575,1997,0
50,3,22,575,1998,0
50,3,22,575,1999,0
50,3,22,575,2000,0
50,3,22,575,2001,0
50,3,22,575,2002,0
50,3,22,575,2003,0
50,3,22,575,2004,0
50,3,22,575,2005,0
50,3,22,575,2006,0
50,3,22,575,2007,0
50,3,22,575,2008,0
50,3,22,575,2009,0
50,3,22,575,2010,0
50,3,22,575,2011,0
50,3,22,575,2012,0
50,3,22,575,2013,0
50,3,22,575,2014,0
50,3,22,575,2015,0
50,3,22,575,2016,0
50,3,27,575,1990,0
50,3,27,575,1991,0
50,3,27,575,1992,0
50,3,27,575,1993,0
50,3,27,575,1994,0
50,3,27,575,1995,0
50,3,27,575,1996,0
50,3,27,575,1997,0
50,3,27,575,1998,0
50,3,27,575,1999,0
50,3,27,575,2000,0
50,3,27,575,2001,0
50,3,27,575,2002,0
50,3,27,575,2003,0
50,3,27,575,2004,0
50,3,27,575,2005,0
50,3,27,575,2006,0
50,3,27,575,2007,0
50,3,27,575,2008,0
50,3,27,575,2009,0
50,3,27,575,2010,0
50,3,27,575,2011,0
50,3,27,575,2012,0
50,3,27,575,2013,0
50,3,27,575,2014,0
50,3,27,575,2015,0
50,3,27,575,2016,0
51,1,22,575,1990,0
51,1,22,575,1991,0
51,1,22,575,1992,0
51,1,22,575,1993,0
51,1,22,575,1994,0
51,1,22,575,1995,0
51,1,22,575,1996,0
51,1,22,575,1997,0
51,1,22,575,1998,0
51,1,22,575,1999,0
51,1,22,575,2000,0
51,1,22,575,2001,0
51,1,22,575,2002,0
51,1,22,575,2003,0
51,1,22,575,2004,0
51,1,22,575,2005,0
51,1,22,575,2006,0
51,1,22,575,2007,0
51,1,22,575,2008,0
51,1,22,575,2009,0
51,1,22,575,2010,0
51,1,22,575,2011,0
51,1,22,575,2012,0
51,1,22,575,2013,0
51,1,22,575,2014,0
51,1,22,575,2015,0
51,1,22,575,2016,0
51,1,27,575,1990,0
51,1,27,575,1991,0
51,1,27,575,1992,0
51,1,27,575,1993,0
51,1,27,575,1994,0
51,1,27,575,1995,0
51,1,27,575,1996,0
51,1,27,575,1997,0
51,1,27,575,1998,0
51,1,27,575,1999,0
51,1,27,575,2000,0
51,1,27,575,2001,0
51,1,27,575,2002,0
51,1,27,575,2003,0
51,1,27,575,2004,0
51,1,27,575,2005,0
51,1,27,575,2006,0
51,1,27,575,2007,0
51,1,27,575,2008,0
51,1,27,575,2009,0
51,1,27,575,2010,0
51,1,27,575,2011,0
51,1,27,575,2012,0
51,1,27,575,2013,0
51,1,27,575,2014,0
51,1,27,575,2015,0
51,1,27,575,2016,0
51,2,22,575,1990,0
51,2,22,575,1991,0
51,2,22,575,1992,0
51,2,22,575,1993,0
51,2,22,575,1994,0
51,2,22,575,1995,0
51,2,22,575,1996,0
51,2,22,575,1997,0
51,2,22,575,1998,0
51,2,22,575,1999,0
51,2,22,575,2000,0
51,2,22,575,2001,0
51,2,22,575,2002,0
51,2,22,575,2003,0
51,2,22,575,2004,0
51,2,22,575,2005,0
51,2,22,575,2006,0
51,2,22,575,2007,0
51,2,22,575,2008,0
51,2,22,575,2009,0
51,2,22,575,2010,0
51,2,22,575,2011,0
51,2,22,575,2012,0
51,2,22,575,2013,0
51,2,22,575,2014,0
51,2,22,575,2015,0
51,2,22,575,2016,0
51,2,27,575,1990,0
51,2,27,575,1991,0
51,2,27,575,1992,0
51,2,27,575,1993,0
51,2,27,575,1994,0
51,2,27,575,1995,0
51,2,27,575,1996,0
51,2,27,575,1997,0
51,2,27,575,1998,0
51,2,27,575,1999,0
51,2,27,575,2000,0
51,2,27,575,2001,0
51,2,27,575,2002,0
51,2,27,575,2003,0
51,2,27,575,2004,0
51,2,27,575,2005,0
51,2,27,575,2006,0
51,2,27,575,2007,0
51,2,27,575,2008,0
51,2,27,575,2009,0
51,2,27,575,2010,0
51,2,27,575,2011,0
51,2,27,575,2012,0
51,2,27,575,2013,0
51,2,27,575,2014,0
51,2,27,575,2015,0
51,2,27,575,2016,0
51,3,22,575,1990,0
51,3,22,575,1991,0
51,3,22,575,1992,0
51,3,22,575,1993,0
51,3,22,575,1994,0
51,3,22,575,1995,0
51,3,22,575,1996,0
51,3,22,575,1997,0
51,3,22,575,1998,0
51,3,22,575,1999,0
51,3,22,575,2000,0
51,3,22,575,2001,0
51,3,22,575,2002,0
51,3,22,575,2003,0
51,3,22,575,2004,0
51,3,22,575,2005,0
51,3,22,575,2006,0
51,3,22,575,2007,0
51,3,22,575,2008,0
51,3,22,575,2009,0
51,3,22,575,2010,0
51,3,22,575,2011,0
51,3,22,575,2012,0
51,3,22,575,2013,0
51,3,22,575,2014,0
51,3,22,575,2015,0
51,3,22,575,2016,0
51,3,27,575,1990,0
51,3,27,575,1991,0
51,3,27,575,1992,0
51,3,27,575,1993,0
51,3,27,575,1994,0
51,3,27,575,1995,0
51,3,27,575,1996,0
51,3,27,575,1997,0
51,3,27,575,1998,0
51,3,27,575,1999,0
51,3,27,575,2000,0
51,3,27,575,2001,0
51,3,27,575,2002,0
51,3,27,575,2003,0
51,3,27,575,2004,0
51,3,27,575,2005,0
51,3,27,575,2006,0
51,3,27,575,2007,0
51,3,27,575,2008,0
51,3,27,575,2009,0
51,3,27,575,2010,0
51,3,27,575,2011,0
51,3,27,575,2012,0
51,3,27,575,2013,0
51,3,27,575,2014,0
51,3,27,575,2015,0
51,3,27,575,2016,0
52,1,22,575,1990,0
52,1,22,575,1991,0
52,1,22,575,1992,0
52,1,22,575,1993,0
52,1,22,575,1994,0
52,1,22,575,1995,0
52,1,22,575,1996,0
52,1,22,575,1997,0
52,1,22,575,1998,0
52,1,22,575,1999,0
52,1,22,575,2000,0
52,1,22,575,2001,0
52,1,22,575,2002,0
52,1,22,575,2003,0
52,1,22,575,2004,0
52,1,22,575,2005,0
52,1,22,575,2006,0
52,1,22,575,2007,0
52,1,22,575,2008,0
52,1,22,575,2009,0
52,1,22,575,2010,0
52,1,22,575,2011,0
52,1,22,575,2012,0
52,1,22,575,2013,0
52,1,22,575,2014,0
52,1,22,575,2015,0
52,1,22,575,2016,0
52,1,27,575,1990,0
52,1,27,575,1991,0
52,1,27,575,1992,0
52,1,27,575,1993,0
52,1,27,575,1994,0
52,1,27,575,1995,0
52,1,27,575,1996,0
52,1,27,575,1997,0
52,1,27,575,1998,0
52,1,27,575,1999,0
52,1,27,575,2000,0
52,1,27,575,2001,0
52,1,27,575,2002,0
52,1,27,575,2003,0
52,1,27,575,2004,0
52,1,27,575,2005,0
52,1,27,575,2006,0
52,1,27,575,2007,0
52,1,27,575,2008,0
52,1,27,575,2009,0
52,1,27,575,2010,0
52,1,27,575,2011,0
52,1,27,575,2012,0
52,1,27,575,2013,0
52,1,27,575,2014,0
52,1,27,575,2015,0
52,1,27,575,2016,0
52,2,22,575,1990,0
52,2,22,575,1991,0
52,2,22,575,1992,0
52,2,22,575,1993,0
52,2,22,575,1994,0
52,2,22,575,1995,0
52,2,22,575,1996,0
52,2,22,575,1997,0
52,2,22,575,1998,0
52,2,22,575,1999,0
52,2,22,575,2000,0
52,2,22,575,2001,0
52,2,22,575,2002,0
52,2,22,575,2003,0
52,2,22,575,2004,0
52,2,22,575,2005,0
52,2,22,575,2006,0
52,2,22,575,2007,0
52,2,22,575,2008,0
52,2,22,575,2009,0
52,2,22,575,2010,0
52,2,22,575,2011,0
52,2,22,575,2012,0
52,2,22,575,2013,0
52,2,22,575,2014,0
52,2,22,575,2015,0
52,2,22,575,2016,0
52,2,27,575,1990,0
52,2,27,575,1991,0
52,2,27,575,1992,0
52,2,27,575,1993,0
52,2,27,575,1994,0
52,2,27,575,1995,0
52,2,27,575,1996,0
52,2,27,575,1997,0
52,2,27,575,1998,0
52,2,27,575,1999,0
52,2,27,575,2000,0
52,2,27,575,2001,0
52,2,27,575,2002,0
52,2,27,575,2003,0
52,2,27,575,2004,0
52,2,27,575,2005,0
52,2,27,575,2006,0
52,2,27,575,2007,0
52,2,27,575,2008,0
52,2,27,575,2009,0
52,2,27,575,2010,0
52,2,27,575,2011,0
52,2,27,575,2012,0
52,2,27,575,2013,0
52,2,27,575,2014,0
52,2,27,575,2015,0
52,2,27,575,2016,0
52,3,22,575,1990,0
52,3,22,575,1991,0
52,3,22,575,1992,0
52,3,22,575,1993,0
52,3,22,575,1994,0
52,3,22,575,1995,0
52,3,22,575,1996,0
52,3,22,575,1997,0
52,3,22,575,1998,0
52,3,22,575,1999,0
52,3,22,575,2000,0
52,3,22,575,2001,0
52,3,22,575,2002,0
52,3,22,575,2003,0
52,3,22,575,2004,0
52,3,22,575,2005,0
52,3,22,575,2006,0
52,3,22,575,2007,0
52,3,22,575,2008,0
52,3,22,575,2009,0
52,3,22,575,2010,0
52,3,22,575,2011,0
52,3,22,575,2012,0
52,3,22,575,2013,0
52,3,22,575,2014,0
52,3,22,575,2015,0
52,3,22,575,2016,0
52,3,27,575,1990,0
52,3,27,575,1991,0
52,3,27,575,1992,0
52,3,27,575,1993,0
52,3,27,575,1994,0
52,3,27,575,1995,0
52,3,27,575,1996,0
52,3,27,575,1997,0
52,3,27,575,1998,0
52,3,27,575,1999,0
52,3,27,575,2000,0
52,3,27,575,2001,0
52,3,27,575,2002,0
52,3,27,575,2003,0
52,3,27,575,2004,0
52,3,27,575,2005,0
52,3,27,575,2006,0
52,3,27,575,2007,0
52,3,27,575,2008,0
52,3,27,575,2009,0
52,3,27,575,2010,0
52,3,27,575,2011,0
52,3,27,575,2012,0
52,3,27,575,2013,0
52,3,27,575,2014,0
52,3,27,575,2015,0
52,3,27,575,2016,0
53,1,22,575,1990,0
53,1,22,575,1991,0
53,1,22,575,1992,0
53,1,22,575,1993,0
53,1,22,575,1994,0
53,1,22,575,1995,0
53,1,22,575,1996,0
53,1,22,575,1997,0
53,1,22,575,1998,0
53,1,22,575,1999,0
53,1,22,575,2000,0
53,1,22,575,2001,0
53,1,22,575,2002,0
53,1,22,575,2003,0
53,1,22,575,2004,0
53,1,22,575,2005,0
53,1,22,575,2006,0
53,1,22,575,2007,0
53,1,22,575,2008,0
53,1,22,575,2009,0
53,1,22,575,2010,0
53,1,22,575,2011,0
53,1,22,575,2012,0
53,1,22,575,2013,0
53,1,22,575,2014,0
53,1,22,575,2015,0
53,1,22,575,2016,0
53,1,27,575,1990,0
53,1,27,575,1991,0
53,1,27,575,1992,0
53,1,27,575,1993,0
53,1,27,575,1994,0
53,1,27,575,1995,0
53,1,27,575,1996,0
53,1,27,575,1997,0
53,1,27,575,1998,0
53,1,27,575,1999,0
53,1,27,575,2000,0
53,1,27,575,2001,0
53,1,27,575,2002,0
53,1,27,575,2003,0
53,1,27,575,2004,0
53,1,27,575,2005,0
53,1,27,575,2006,0
53,1,27,575,2007,0
53,1,27,575,2008,0
53,1,27,575,2009,0
53,1,27,575,2010,0
53,1,27,575,2011,0
53,1,27,575,2012,0
53,1,27,575,2013,0
53,1,27,575,2014,0
53,1,27,575,2015,0
53,1,27,575,2016,0
53,2,22,575,1990,0
53,2,22,575,1991,0
53,2,22,575,1992,0
53,2,22,575,1993,0
53,2,22,575,1994,0
53,2,22,575,1995,0
53,2,22,575,1996,0
53,2,22,575,1997,0
53,2,22,575,1998,0
53,2,22,575,1999,0
53,2,22,575,2000,0
53,2,22,575,2001,0
53,2,22,575,2002,0
53,2,22,575,2003,0
53,2,22,575,2004,0
53,2,22,575,2005,0
53,2,22,575,2006,0
53,2,22,575,2007,0
53,2,22,575,2008,0
53,2,22,575,2009,0
53,2,22,575,2010,0
53,2,22,575,2011,0
53,2,22,575,2012,0
53,2,22,575,2013,0
53,2,22,575,2014,0
53,2,22,575,2015,0
53,2,22,575,2016,0
53,2,27,575,1990,0
53,2,27,575,1991,0
53,2,27,575,1992,0
53,2,27,575,1993,0
53,2,27,575,1994,0
53,2,27,575,1995,0
53,2,27,575,1996,0
53,2,27,575,1997,0
53,2,27,575,1998,0
53,2,27,575,1999,0
53,2,27,575,2000,0
53,2,27,575,2001,0
53,2,27,575,2002,0
53,2,27,575,2003,0
53,2,27,575,2004,0
53,2,27,575,2005,0
53,2,27,575,2006,0
53,2,27,575,2007,0
53,2,27,575,2008,0
53,2,27,575,2009,0
53,2,27,575,2010,0
53,2,27,575,2011,0
53,2,27,575,2012,0
53,2,27,575,2013,0
53,2,27,575,2014,0
53,2,27,575,2015,0
53,2,27,575,2016,0
53,3,22,575,1990,0
53,3,22,575,1991,0
53,3,22,575,1992,0
53,3,22,575,1993,0
53,3,22,575,1994,0
53,3,22,575,1995,0
53,3,22,575,1996,0
53,3,22,575,1997,0
53,3,22,575,1998,0
53,3,22,575,1999,0
53,3,22,575,2000,0
53,3,22,575,2001,0
53,3,22,575,2002,0
53,3,22,575,2003,0
53,3,22,575,2004,0
53,3,22,575,2005,0
53,3,22,575,2006,0
53,3,22,575,2007,0
53,3,22,575,2008,0
53,3,22,575,2009,0
53,3,22,575,2010,0
53,3,22,575,2011,0
53,3,22,575,2012,0
53,3,22,575,2013,0
53,3,22,575,2014,0
53,3,22,575,2015,0
53,3,22,575,2016,0
53,3,27,575,1990,0
53,3,27,575,1991,0
53,3,27,575,1992,0
53,3,27,575,1993,0
53,3,27,575,1994,0
53,3,27,575,1995,0
53,3,27,575,1996,0
53,3,27,575,1997,0
53,3,27,575,1998,0
53,3,27,575,1999,0
53,3,27,575,2000,0
53,3,27,575,2001,0
53,3,27,575,2002,0
53,3,27,575,2003,0
53,3,27,575,2004,0
53,3,27,575,2005,0
53,3,27,575,2006,0
53,3,27,575,2007,0
53,3,27,575,2008,0
53,3,27,575,2009,0
53,3,27,575,2010,0
53,3,27,575,2011,0
53,3,27,575,2012,0
53,3,27,575,2013,0
53,3,27,575,2014,0
53,3,27,575,2015,0
53,3,27,575,2016,0
54,1,22,575,1990,0
54,1,22,575,1991,0
54,1,22,575,1992,0
54,1,22,575,1993,0
54,1,22,575,1994,0
54,1,22,575,1995,0
54,1,22,575,1996,0
54,1,22,575,1997,0
54,1,22,575,1998,0
54,1,22,575,1999,0
54,1,22,575,2000,0
54,1,22,575,2001,0
54,1,22,575,2002,0
54,1,22,575,2003,0
54,1,22,575,2004,0
54,1,22,575,2005,0
54,1,22,575,2006,0
54,1,22,575,2007,0
54,1,22,575,2008,0
54,1,22,575,2009,0
54,1,22,575,2010,0
54,1,22,575,2011,0
54,1,22,575,2012,0
54,1,22,575,2013,0
54,1,22,575,2014,0
54,1,22,575,2015,0
54,1,22,575,2016,0
54,1,27,575,1990,0
54,1,27,575,1991,0
54,1,27,575,1992,0
54,1,27,575,1993,0
54,1,27,575,1994,0
54,1,27,575,1995,0
54,1,27,575,1996,0
54,1,27,575,1997,0
54,1,27,575,1998,0
54,1,27,575,1999,0
54,1,27,575,2000,0
54,1,27,575,2001,0
54,1,27,575,2002,0
54,1,27,575,2003,0
54,1,27,575,2004,0
54,1,27,575,2005,0
54,1,27,575,2006,0
54,1,27,575,2007,0
54,1,27,575,2008,0
54,1,27,575,2009,0
54,1,27,575,2010,0
54,1,27,575,2011,0
54,1,27,575,2012,0
54,1,27,575,2013,0
54,1,27,575,2014,0
54,1,27,575,2015,0
54,1,27,575,2016,0
54,2,22,575,1990,0
54,2,22,575,1991,0
54,2,22,575,1992,0
54,2,22,575,1993,0
54,2,22,575,1994,0
54,2,22,575,1995,0
54,2,22,575,1996,0
54,2,22,575,1997,0
54,2,22,575,1998,0
54,2,22,575,1999,0
54,2,22,575,2000,0
54,2,22,575,2001,0
54,2,22,575,2002,0
54,2,22,575,2003,0
54,2,22,575,2004,0
54,2,22,575,2005,0
54,2,22,575,2006,0
54,2,22,575,2007,0
54,2,22,575,2008,0
54,2,22,575,2009,0
54,2,22,575,2010,0
54,2,22,575,2011,0
54,2,22,575,2012,0
54,2,22,575,2013,0
54,2,22,575,2014,0
54,2,22,575,2015,0
54,2,22,575,2016,0
54,2,27,575,1990,0
54,2,27,575,1991,0
54,2,27,575,1992,0
54,2,27,575,1993,0
54,2,27,575,1994,0
54,2,27,575,1995,0
54,2,27,575,1996,0
54,2,27,575,1997,0
54,2,27,575,1998,0
54,2,27,575,1999,0
54,2,27,575,2000,0
54,2,27,575,2001,0
54,2,27,575,2002,0
54,2,27,575,2003,0
54,2,27,575,2004,0
54,2,27,575,2005,0
54,2,27,575,2006,0
54,2,27,575,2007,0
54,2,27,575,2008,0
54,2,27,575,2009,0
54,2,27,575,2010,0
54,2,27,575,2011,0
54,2,27,575,2012,0
54,2,27,575,2013,0
54,2,27,575,2014,0
54,2,27,575,2015,0
54,2,27,575,2016,0
54,3,22,575,1990,0
54,3,22,575,1991,0
54,3,22,575,1992,0
54,3,22,575,1993,0
54,3,22,575,1994,0
54,3,22,575,1995,0
54,3,22,575,1996,0
54,3,22,575,1997,0
54,3,22,575,1998,0
54,3,22,575,1999,0
54,3,22,575,2000,0
54,3,22,575,2001,0
54,3,22,575,2002,0
54,3,22,575,2003,0
54,3,22,575,2004,0
54,3,22,575,2005,0
54,3,22,575,2006,0
54,3,22,575,2007,0
54,3,22,575,2008,0
54,3,22,575,2009,0
54,3,22,575,2010,0
54,3,22,575,2011,0
54,3,22,575,2012,0
54,3,22,575,2013,0
54,3,22,575,2014,0
54,3,22,575,2015,0
54,3,22,575,2016,0
54,3,27,575,1990,0
54,3,27,575,1991,0
54,3,27,575,1992,0
54,3,27,575,1993,0
54,3,27,575,1994,0
54,3,27,575,1995,0
54,3,27,575,1996,0
54,3,27,575,1997,0
54,3,27,575,1998,0
54,3,27,575,1999,0
54,3,27,575,2000,0
54,3,27,575,2001,0
54,3,27,575,2002,0
54,3,27,575,2003,0
54,3,27,575,2004,0
54,3,27,575,2005,0
54,3,27,575,2006,0
54,3,27,575,2007,0
54,3,27,575,2008,0
54,3,27,575,2009,0
54,3,27,575,2010,0
54,3,27,575,2011,0
54,3,27,575,2012,0
54,3,27,575,2013,0
54,3,27,575,2014,0
54,3,27,575,2015,0
54,3,27,575,2016,0
55,1,22,575,1990,0
55,1,22,575,1991,0
55,1,22,575,1992,0
55,1,22,575,1993,0
55,1,22,575,1994,0
55,1,22,575,1995,0
55,1,22,575,1996,0
55,1,22,575,1997,0
55,1,22,575,1998,0
55,1,22,575,1999,0
55,1,22,575,2000,0
55,1,22,575,2001,0
55,1,22,575,2002,0
55,1,22,575,2003,0
55,1,22,575,2004,0
55,1,22,575,2005,0
55,1,22,575,2006,0
55,1,22,575,2007,0
55,1,22,575,2008,0
55,1,22,575,2009,0
55,1,22,575,2010,0
55,1,22,575,2011,0
55,1,22,575,2012,0
55,1,22,575,2013,0
55,1,22,575,2014,0
55,1,22,575,2015,0
55,1,22,575,2016,0
55,1,27,575,1990,0
55,1,27,575,1991,0
55,1,27,575,1992,0
55,1,27,575,1993,0
55,1,27,575,1994,0
55,1,27,575,1995,0
55,1,27,575,1996,0
55,1,27,575,1997,0
55,1,27,575,1998,0
55,1,27,575,1999,0
55,1,27,575,2000,0
55,1,27,575,2001,0
55,1,27,575,2002,0
55,1,27,575,2003,0
55,1,27,575,2004,0
55,1,27,575,2005,0
55,1,27,575,2006,0
55,1,27,575,2007,0
55,1,27,575,2008,0
55,1,27,575,2009,0
55,1,27,575,2010,0
55,1,27,575,2011,0
55,1,27,575,2012,0
55,1,27,575,2013,0
55,1,27,575,2014,0
55,1,27,575,2015,0
55,1,27,575,2016,0
55,2,22,575,1990,0
55,2,22,575,1991,0
55,2,22,575,1992,0
55,2,22,575,1993,0
55,2,22,575,1994,0
55,2,22,575,1995,0
55,2,22,575,1996,0
55,2,22,575,1997,0
55,2,22,575,1998,0
55,2,22,575,1999,0
55,2,22,575,2000,0
55,2,22,575,2001,0
55,2,22,575,2002,0
55,2,22,575,2003,0
55,2,22,575,2004,0
55,2,22,575,2005,0
55,2,22,575,2006,0
55,2,22,575,2007,0
55,2,22,575,2008,0
55,2,22,575,2009,0
55,2,22,575,2010,0
55,2,22,575,2011,0
55,2,22,575,2012,0
55,2,22,575,2013,0
55,2,22,575,2014,0
55,2,22,575,2015,0
55,2,22,575,2016,0
55,2,27,575,1990,0
55,2,27,575,1991,0
55,2,27,575,1992,0
55,2,27,575,1993,0
55,2,27,575,1994,0
55,2,27,575,1995,0
55,2,27,575,1996,0
55,2,27,575,1997,0
55,2,27,575,1998,0
55,2,27,575,1999,0
55,2,27,575,2000,0
55,2,27,575,2001,0
55,2,27,575,2002,0
55,2,27,575,2003,0
55,2,27,575,2004,0
55,2,27,575,2005,0
55,2,27,575,2006,0
55,2,27,575,2007,0
55,2,27,575,2008,0
55,2,27,575,2009,0
55,2,27,575,2010,0
55,2,27,575,2011,0
55,2,27,575,2012,0
55,2,27,575,2013,0
55,2,27,575,2014,0
55,2,27,575,2015,0
55,2,27,575,2016,0
55,3,22,575,1990,0
55,3,22,575,1991,0
55,3,22,575,1992,0
55,3,22,575,1993,0
55,3,22,575,1994,0
55,3,22,575,1995,0
55,3,22,575,1996,0
55,3,22,575,1997,0
55,3,22,575,1998,0
55,3,22,575,1999,0
55,3,22,575,2000,0
55,3,22,575,2001,0
55,3,22,575,2002,0
55,3,22,575,2003,0
55,3,22,575,2004,0
55,3,22,575,2005,0
55,3,22,575,2006,0
55,3,22,575,2007,0
55,3,22,575,2008,0
55,3,22,575,2009,0
55,3,22,575,2010,0
55,3,22,575,2011,0
55,3,22,575,2012,0
55,3,22,575,2013,0
55,3,22,575,2014,0
55,3,22,575,2015,0
55,3,22,575,2016,0
55,3,27,575,1990,0
55,3,27,575,1991,0
55,3,27,575,1992,0
55,3,27,575,1993,0
55,3,27,575,1994,0
55,3,27,575,1995,0
55,3,27,575,1996,0
55,3,27,575,1997,0
55,3,27,575,1998,0
55,3,27,575,1999,0
55,3,27,575,2000,0
55,3,27,575,2001,0
55,3,27,575,2002,0
55,3,27,575,2003,0
55,3,27,575,2004,0
55,3,27,575,2005,0
55,3,27,575,2006,0
55,3,27,575,2007,0
55,3,27,575,2008,0
55,3,27,575,2009,0
55,3,27,575,2010,0
55,3,27,575,2011,0
55,3,27,575,2012,0
55,3,27,575,2013,0
55,3,27,575,2014,0
55,3,27,575,2015,0
55,3,27,575,2016,0
57,1,22,575,1990,0
57,1,22,575,1991,0
57,1,22,575,1992,0
57,1,22,575,1993,0
57,1,22,575,1994,0
57,1,22,575,1995,0
57,1,22,575,1996,0
57,1,22,575,1997,0
57,1,22,575,1998,0
57,1,22,575,1999,0
57,1,22,575,2000,0
57,1,22,575,2001,0
57,1,22,575,2002,0
57,1,22,575,2003,0
57,1,22,575,2004,0
57,1,22,575,2005,0
57,1,22,575,2006,0
57,1,22,575,2007,0
57,1,22,575,2008,0
57,1,22,575,2009,0
57,1,22,575,2010,0
57,1,22,575,2011,0
57,1,22,575,2012,0
57,1,22,575,2013,0
57,1,22,575,2014,0
57,1,22,575,2015,0
57,1,22,575,2016,0
57,1,27,575,1990,0
57,1,27,575,1991,0
57,1,27,575,1992,0
57,1,27,575,1993,0
57,1,27,575,1994,0
57,1,27,575,1995,0
57,1,27,575,1996,0
57,1,27,575,1997,0
57,1,27,575,1998,0
57,1,27,575,1999,0
57,1,27,575,2000,0
57,1,27,575,2001,0
57,1,27,575,2002,0
57,1,27,575,2003,0
57,1,27,575,2004,0
57,1,27,575,2005,0
57,1,27,575,2006,0
57,1,27,575,2007,0
57,1,27,575,2008,0
57,1,27,575,2009,0
57,1,27,575,2010,0
57,1,27,575,2011,0
57,1,27,575,2012,0
57,1,27,575,2013,0
57,1,27,575,2014,0
57,1,27,575,2015,0
57,1,27,575,2016,0
57,2,22,575,1990,0
57,2,22,575,1991,0
57,2,22,575,1992,0
57,2,22,575,1993,0
57,2,22,575,1994,0
57,2,22,575,1995,0
57,2,22,575,1996,0
57,2,22,575,1997,0
57,2,22,575,1998,0
57,2,22,575,1999,0
57,2,22,575,2000,0
57,2,22,575,2001,0
57,2,22,575,2002,0
57,2,22,575,2003,0
57,2,22,575,2004,0
57,2,22,575,2005,0
57,2,22,575,2006,0
57,2,22,575,2007,0
57,2,22,575,2008,0
57,2,22,575,2009,0
57,2,22,575,2010,0
57,2,22,575,2011,0
57,2,22,575,2012,0
57,2,22,575,2013,0
57,2,22,575,2014,0
57,2,22,575,2015,0
57,2,22,575,2016,0
57,2,27,575,1990,0
57,2,27,575,1991,0
57,2,27,575,1992,0
57,2,27,575,1993,0
57,2,27,575,1994,0
57,2,27,575,1995,0
57,2,27,575,1996,0
57,2,27,575,1997,0
57,2,27,575,1998,0
57,2,27,575,1999,0
57,2,27,575,2000,0
57,2,27,575,2001,0
57,2,27,575,2002,0
57,2,27,575,2003,0
57,2,27,575,2004,0
57,2,27,575,2005,0
57,2,27,575,2006,0
57,2,27,575,2007,0
57,2,27,575,2008,0
57,2,27,575,2009,0
57,2,27,575,2010,0
57,2,27,575,2011,0
57,2,27,575,2012,0
57,2,27,575,2013,0
57,2,27,575,2014,0
57,2,27,575,2015,0
57,2,27,575,2016,0
57,3,22,575,1990,0
57,3,22,575,1991,0
57,3,22,575,1992,0
57,3,22,575,1993,0
57,3,22,575,1994,0
57,3,22,575,1995,0
57,3,22,575,1996,0
57,3,22,575,1997,0
57,3,22,575,1998,0
57,3,22,575,1999,0
57,3,22,575,2000,0
57,3,22,575,2001,0
57,3,22,575,2002,0
57,3,22,575,2003,0
57,3,22,575,2004,0
57,3,22,575,2005,0
57,3,22,575,2006,0
57,3,22,575,2007,0
57,3,22,575,2008,0
57,3,22,575,2009,0
57,3,22,575,2010,0
57,3,22,575,2011,0
57,3,22,575,2012,0
57,3,22,575,2013,0
57,3,22,575,2014,0
57,3,22,575,2015,0
57,3,22,575,2016,0
57,3,27,575,1990,0
57,3,27,575,1991,0
57,3,27,575,1992,0
57,3,27,575,1993,0
57,3,27,575,1994,0
57,3,27,575,1995,0
57,3,27,575,1996,0
57,3,27,575,1997,0
57,3,27,575,1998,0
57,3,27,575,1999,0
57,3,27,575,2000,0
57,3,27,575,2001,0
57,3,27,575,2002,0
57,3,27,575,2003,0
57,3,27,575,2004,0
57,3,27,575,2005,0
57,3,27,575,2006,0
57,3,27,575,2007,0
57,3,27,575,2008,0
57,3,27,575,2009,0
57,3,27,575,2010,0
57,3,27,575,2011,0
57,3,27,575,2012,0
57,3,27,575,2013,0
57,3,27,575,2014,0
57,3,27,575,2015,0
57,3,27,575,2016,0
58,1,22,575,1990,0
58,1,22,575,1991,0
58,1,22,575,1992,0
58,1,22,575,1993,0
58,1,22,575,1994,0
58,1,22,575,1995,0
58,1,22,575,1996,0
58,1,22,575,1997,0
58,1,22,575,1998,0
58,1,22,575,1999,0
58,1,22,575,2000,0
58,1,22,575,2001,0
58,1,22,575,2002,0
58,1,22,575,2003,0
58,1,22,575,2004,0
58,1,22,575,2005,0
58,1,22,575,2006,0
58,1,22,575,2007,0
58,1,22,575,2008,0
58,1,22,575,2009,0
58,1,22,575,2010,0
58,1,22,575,2011,0
58,1,22,575,2012,0
58,1,22,575,2013,0
58,1,22,575,2014,0
58,1,22,575,2015,0
58,1,22,575,2016,0
58,1,27,575,1990,0
58,1,27,575,1991,0
58,1,27,575,1992,0
58,1,27,575,1993,0
58,1,27,575,1994,0
58,1,27,575,1995,0
58,1,27,575,1996,0
58,1,27,575,1997,0
58,1,27,575,1998,0
58,1,27,575,1999,0
58,1,27,575,2000,0
58,1,27,575,2001,0
58,1,27,575,2002,0
58,1,27,575,2003,0
58,1,27,575,2004,0
58,1,27,575,2005,0
58,1,27,575,2006,0
58,1,27,575,2007,0
58,1,27,575,2008,0
58,1,27,575,2009,0
58,1,27,575,2010,0
58,1,27,575,2011,0
58,1,27,575,2012,0
58,1,27,575,2013,0
58,1,27,575,2014,0
58,1,27,575,2015,0
58,1,27,575,2016,0
58,2,22,575,1990,0
58,2,22,575,1991,0
58,2,22,575,1992,0
58,2,22,575,1993,0
58,2,22,575,1994,0
58,2,22,575,1995,0
58,2,22,575,1996,0
58,2,22,575,1997,0
58,2,22,575,1998,0
58,2,22,575,1999,0
58,2,22,575,2000,0
58,2,22,575,2001,0
58,2,22,575,2002,0
58,2,22,575,2003,0
58,2,22,575,2004,0
58,2,22,575,2005,0
58,2,22,575,2006,0
58,2,22,575,2007,0
58,2,22,575,2008,0
58,2,22,575,2009,0
58,2,22,575,2010,0
58,2,22,575,2011,0
58,2,22,575,2012,0
58,2,22,575,2013,0
58,2,22,575,2014,0
58,2,22,575,2015,0
58,2,22,575,2016,0
58,2,27,575,1990,0
58,2,27,575,1991,0
58,2,27,575,1992,0
58,2,27,575,1993,0
58,2,27,575,1994,0
58,2,27,575,1995,0
58,2,27,575,1996,0
58,2,27,575,1997,0
58,2,27,575,1998,0
58,2,27,575,1999,0
58,2,27,575,2000,0
58,2,27,575,2001,0
58,2,27,575,2002,0
58,2,27,575,2003,0
58,2,27,575,2004,0
58,2,27,575,2005,0
58,2,27,575,2006,0
58,2,27,575,2007,0
58,2,27,575,2008,0
58,2,27,575,2009,0
58,2,27,575,2010,0
58,2,27,575,2011,0
58,2,27,575,2012,0
58,2,27,575,2013,0
58,2,27,575,2014,0
58,2,27,575,2015,0
58,2,27,575,2016,0
58,3,22,575,1990,0
58,3,22,575,1991,0
58,3,22,575,1992,0
58,3,22,575,1993,0
58,3,22,575,1994,0
58,3,22,575,1995,0
58,3,22,575,1996,0
58,3,22,575,1997,0
58,3,22,575,1998,0
58,3,22,575,1999,0
58,3,22,575,2000,0
58,3,22,575,2001,0
58,3,22,575,2002,0
58,3,22,575,2003,0
58,3,22,575,2004,0
58,3,22,575,2005,0
58,3,22,575,2006,0
58,3,22,575,2007,0
58,3,22,575,2008,0
58,3,22,575,2009,0
58,3,22,575,2010,0
58,3,22,575,2011,0
58,3,22,575,2012,0
58,3,22,575,2013,0
58,3,22,575,2014,0
58,3,22,575,2015,0
58,3,22,575,2016,0
58,3,27,575,1990,0
58,3,27,575,1991,0
58,3,27,575,1992,0
58,3,27,575,1993,0
58,3,27,575,1994,0
58,3,27,575,1995,0
58,3,27,575,1996,0
58,3,27,575,1997,0
58,3,27,575,1998,0
58,3,27,575,1999,0
58,3,27,575,2000,0
58,3,27,575,2001,0
58,3,27,575,2002,0
58,3,27,575,2003,0
58,3,27,575,2004,0
58,3,27,575,2005,0
58,3,27,575,2006,0
58,3,27,575,2007,0
58,3,27,575,2008,0
58,3,27,575,2009,0
58,3,27,575,2010,0
58,3,27,575,2011,0
58,3,27,575,2012,0
58,3,27,575,2013,0
58,3,27,575,2014,0
58,3,27,575,2015,0
58,3,27,575,2016,0
59,1,22,575,1990,0
59,1,22,575,1991,0
59,1,22,575,1992,0
59,1,22,575,1993,0
59,1,22,575,1994,0
59,1,22,575,1995,0
59,1,22,575,1996,0
59,1,22,575,1997,0
59,1,22,575,1998,0
59,1,22,575,1999,0
59,1,22,575,2000,0
59,1,22,575,2001,0
59,1,22,575,2002,0
59,1,22,575,2003,0
59,1,22,575,2004,0
59,1,22,575,2005,0
59,1,22,575,2006,0
59,1,22,575,2007,0
59,1,22,575,2008,0
59,1,22,575,2009,0
59,1,22,575,2010,0
59,1,22,575,2011,0
59,1,22,575,2012,0
59,1,22,575,2013,0
59,1,22,575,2014,0
59,1,22,575,2015,0
59,1,22,575,2016,0
59,1,27,575,1990,0
59,1,27,575,1991,0
59,1,27,575,1992,0
59,1,27,575,1993,0
59,1,27,575,1994,0
59,1,27,575,1995,0
59,1,27,575,1996,0
59,1,27,575,1997,0
59,1,27,575,1998,0
59,1,27,575,1999,0
59,1,27,575,2000,0
59,1,27,575,2001,0
59,1,27,575,2002,0
59,1,27,575,2003,0
59,1,27,575,2004,0
59,1,27,575,2005,0
59,1,27,575,2006,0
59,1,27,575,2007,0
59,1,27,575,2008,0
59,1,27,575,2009,0
59,1,27,575,2010,0
59,1,27,575,2011,0
59,1,27,575,2012,0
59,1,27,575,2013,0
59,1,27,575,2014,0
59,1,27,575,2015,0
59,1,27,575,2016,0
59,2,22,575,1990,0
59,2,22,575,1991,0
59,2,22,575,1992,0
59,2,22,575,1993,0
59,2,22,575,1994,0
59,2,22,575,1995,0
59,2,22,575,1996,0
59,2,22,575,1997,0
59,2,22,575,1998,0
59,2,22,575,1999,0
59,2,22,575,2000,0
59,2,22,575,2001,0
59,2,22,575,2002,0
59,2,22,575,2003,0
59,2,22,575,2004,0
59,2,22,575,2005,0
59,2,22,575,2006,0
59,2,22,575,2007,0
59,2,22,575,2008,0
59,2,22,575,2009,0
59,2,22,575,2010,0
59,2,22,575,2011,0
59,2,22,575,2012,0
59,2,22,575,2013,0
59,2,22,575,2014,0
59,2,22,575,2015,0
59,2,22,575,2016,0
59,2,27,575,1990,0
59,2,27,575,1991,0
59,2,27,575,1992,0
59,2,27,575,1993,0
59,2,27,575,1994,0
59,2,27,575,1995,0
59,2,27,575,1996,0
59,2,27,575,1997,0
59,2,27,575,1998,0
59,2,27,575,1999,0
59,2,27,575,2000,0
59,2,27,575,2001,0
59,2,27,575,2002,0
59,2,27,575,2003,0
59,2,27,575,2004,0
59,2,27,575,2005,0
59,2,27,575,2006,0
59,2,27,575,2007,0
59,2,27,575,2008,0
59,2,27,575,2009,0
59,2,27,575,2010,0
59,2,27,575,2011,0
59,2,27,575,2012,0
59,2,27,575,2013,0
59,2,27,575,2014,0
59,2,27,575,2015,0
59,2,27,575,2016,0
59,3,22,575,1990,0
59,3,22,575,1991,0
59,3,22,575,1992,0
59,3,22,575,1993,0
59,3,22,575,1994,0
59,3,22,575,1995,0
59,3,22,575,1996,0
59,3,22,575,1997,0
59,3,22,575,1998,0
59,3,22,575,1999,0
59,3,22,575,2000,0
59,3,22,575,2001,0
59,3,22,575,2002,0
59,3,22,575,2003,0
59,3,22,575,2004,0
59,3,22,575,2005,0
59,3,22,575,2006,0
59,3,22,575,2007,0
59,3,22,575,2008,0
59,3,22,575,2009,0
59,3,22,575,2010,0
59,3,22,575,2011,0
59,3,22,575,2012,0
59,3,22,575,2013,0
59,3,22,575,2014,0
59,3,22,575,2015,0
59,3,22,575,2016,0
59,3,27,575,1990,0
59,3,27,575,1991,0
59,3,27,575,1992,0
59,3,27,575,1993,0
59,3,27,575,1994,0
59,3,27,575,1995,0
59,3,27,575,1996,0
59,3,27,575,1997,0
59,3,27,575,1998,0
59,3,27,575,1999,0
59,3,27,575,2000,0
59,3,27,575,2001,0
59,3,27,575,2002,0
59,3,27,575,2003,0
59,3,27,575,2004,0
59,3,27,575,2005,0
59,3,27,575,2006,0
59,3,27,575,2007,0
59,3,27,575,2008,0
59,3,27,575,2009,0
59,3,27,575,2010,0
59,3,27,575,2011,0
59,3,27,575,2012,0
59,3,27,575,2013,0
59,3,27,575,2014,0
59,3,27,575,2015,0
59,3,27,575,2016,0
60,1,22,575,1990,0
60,1,22,575,1991,0
60,1,22,575,1992,0
60,1,22,575,1993,0
60,1,22,575,1994,0
60,1,22,575,1995,0
60,1,22,575,1996,0
60,1,22,575,1997,0
60,1,22,575,1998,0
60,1,22,575,1999,0
60,1,22,575,2000,0
60,1,22,575,2001,0
60,1,22,575,2002,0
60,1,22,575,2003,0
60,1,22,575,2004,0
60,1,22,575,2005,0
60,1,22,575,2006,0
60,1,22,575,2007,0
60,1,22,575,2008,0
60,1,22,575,2009,0
60,1,22,575,2010,0
60,1,22,575,2011,0
60,1,22,575,2012,0
60,1,22,575,2013,0
60,1,22,575,2014,0
60,1,22,575,2015,0
60,1,22,575,2016,0
60,1,27,575,1990,0
60,1,27,575,1991,0
60,1,27,575,1992,0
60,1,27,575,1993,0
60,1,27,575,1994,0
60,1,27,575,1995,0
60,1,27,575,1996,0
60,1,27,575,1997,0
60,1,27,575,1998,0
60,1,27,575,1999,0
60,1,27,575,2000,0
60,1,27,575,2001,0
60,1,27,575,2002,0
60,1,27,575,2003,0
60,1,27,575,2004,0
60,1,27,575,2005,0
60,1,27,575,2006,0
60,1,27,575,2007,0
60,1,27,575,2008,0
60,1,27,575,2009,0
60,1,27,575,2010,0
60,1,27,575,2011,0
60,1,27,575,2012,0
60,1,27,575,2013,0
60,1,27,575,2014,0
60,1,27,575,2015,0
60,1,27,575,2016,0
60,2,22,575,1990,0
60,2,22,575,1991,0
60,2,22,575,1992,0
60,2,22,575,1993,0
60,2,22,575,1994,0
60,2,22,575,1995,0
60,2,22,575,1996,0
60,2,22,575,1997,0
60,2,22,575,1998,0
60,2,22,575,1999,0
60,2,22,575,2000,0
60,2,22,575,2001,0
60,2,22,575,2002,0
60,2,22,575,2003,0
60,2,22,575,2004,0
60,2,22,575,2005,0
60,2,22,575,2006,0
60,2,22,575,2007,0
60,2,22,575,2008,0
60,2,22,575,2009,0
60,2,22,575,2010,0
60,2,22,575,2011,0
60,2,22,575,2012,0
60,2,22,575,2013,0
60,2,22,575,2014,0
60,2,22,575,2015,0
60,2,22,575,2016,0
60,2,27,575,1990,0
60,2,27,575,1991,0
60,2,27,575,1992,0
60,2,27,575,1993,0
60,2,27,575,1994,0
60,2,27,575,1995,0
60,2,27,575,1996,0
60,2,27,575,1997,0
60,2,27,575,1998,0
60,2,27,575,1999,0
60,2,27,575,2000,0
60,2,27,575,2001,0
60,2,27,575,2002,0
60,2,27,575,2003,0
60,2,27,575,2004,0
60,2,27,575,2005,0
60,2,27,575,2006,0
60,2,27,575,2007,0
60,2,27,575,2008,0
60,2,27,575,2009,0
60,2,27,575,2010,0
60,2,27,575,2011,0
60,2,27,575,2012,0
60,2,27,575,2013,0
60,2,27,575,2014,0
60,2,27,575,2015,0
60,2,27,575,2016,0
60,3,22,575,1990,0
60,3,22,575,1991,0
60,3,22,575,1992,0
60,3,22,575,1993,0
60,3,22,575,1994,0
60,3,22,575,1995,0
60,3,22,575,1996,0
60,3,22,575,1997,0
60,3,22,575,1998,0
60,3,22,575,1999,0
60,3,22,575,2000,0
60,3,22,575,2001,0
60,3,22,575,2002,0
60,3,22,575,2003,0
60,3,22,575,2004,0
60,3,22,575,2005,0
60,3,22,575,2006,0
60,3,22,575,2007,0
60,3,22,575,2008,0
60,3,22,575,2009,0
60,3,22,575,2010,0
60,3,22,575,2011,0
60,3,22,575,2012,0
60,3,22,575,2013,0
60,3,22,575,2014,0
60,3,22,575,2015,0
60,3,22,575,2016,0
60,3,27,575,1990,0
60,3,27,575,1991,0
60,3,27,575,1992,0
60,3,27,575,1993,0
60,3,27,575,1994,0
60,3,27,575,1995,0
60,3,27,575,1996,0
60,3,27,575,1997,0
60,3,27,575,1998,0
60,3,27,575,1999,0
60,3,27,575,2000,0
60,3,27,575,2001,0
60,3,27,575,2002,0
60,3,27,575,2003,0
60,3,27,575,2004,0
60,3,27,575,2005,0
60,3,27,575,2006,0
60,3,27,575,2007,0
60,3,27,575,2008,0
60,3,27,575,2009,0
60,3,27,575,2010,0
60,3,27,575,2011,0
60,3,27,575,2012,0
60,3,27,575,2013,0
60,3,27,575,2014,0
60,3,27,575,2015,0
60,3,27,575,2016,0
61,1,22,575,1990,0
61,1,22,575,1991,0
61,1,22,575,1992,0
61,1,22,575,1993,0
61,1,22,575,1994,0
61,1,22,575,1995,0
61,1,22,575,1996,0
61,1,22,575,1997,0
61,1,22,575,1998,0
61,1,22,575,1999,0
61,1,22,575,2000,0
61,1,22,575,2001,0
61,1,22,575,2002,0
61,1,22,575,2003,0
61,1,22,575,2004,0
61,1,22,575,2005,0
61,1,22,575,2006,0
61,1,22,575,2007,0
61,1,22,575,2008,0
61,1,22,575,2009,0
61,1,22,575,2010,0
61,1,22,575,2011,0
61,1,22,575,2012,0
61,1,22,575,2013,0
61,1,22,575,2014,0
61,1,22,575,2015,0
61,1,22,575,2016,0
61,1,27,575,1990,0
61,1,27,575,1991,0
61,1,27,575,1992,0
61,1,27,575,1993,0
61,1,27,575,1994,0
61,1,27,575,1995,0
61,1,27,575,1996,0
61,1,27,575,1997,0
61,1,27,575,1998,0
61,1,27,575,1999,0
61,1,27,575,2000,0
61,1,27,575,2001,0
61,1,27,575,2002,0
61,1,27,575,2003,0
61,1,27,575,2004,0
61,1,27,575,2005,0
61,1,27,575,2006,0
61,1,27,575,2007,0
61,1,27,575,2008,0
61,1,27,575,2009,0
61,1,27,575,2010,0
61,1,27,575,2011,0
61,1,27,575,2012,0
61,1,27,575,2013,0
61,1,27,575,2014,0
61,1,27,575,2015,0
61,1,27,575,2016,0
61,2,22,575,1990,0
61,2,22,575,1991,0
61,2,22,575,1992,0
61,2,22,575,1993,0
61,2,22,575,1994,0
61,2,22,575,1995,0
61,2,22,575,1996,0
61,2,22,575,1997,0
61,2,22,575,1998,0
61,2,22,575,1999,0
61,2,22,575,2000,0
61,2,22,575,2001,0
61,2,22,575,2002,0
61,2,22,575,2003,0
61,2,22,575,2004,0
61,2,22,575,2005,0
61,2,22,575,2006,0
61,2,22,575,2007,0
61,2,22,575,2008,0
61,2,22,575,2009,0
61,2,22,575,2010,0
61,2,22,575,2011,0
61,2,22,575,2012,0
61,2,22,575,2013,0
61,2,22,575,2014,0
61,2,22,575,2015,0
61,2,22,575,2016,0
61,2,27,575,1990,0
61,2,27,575,1991,0
61,2,27,575,1992,0
61,2,27,575,1993,0
61,2,27,575,1994,0
61,2,27,575,1995,0
61,2,27,575,1996,0
61,2,27,575,1997,0
61,2,27,575,1998,0
61,2,27,575,1999,0
61,2,27,575,2000,0
61,2,27,575,2001,0
61,2,27,575,2002,0
61,2,27,575,2003,0
61,2,27,575,2004,0
61,2,27,575,2005,0
61,2,27,575,2006,0
61,2,27,575,2007,0
61,2,27,575,2008,0
61,2,27,575,2009,0
61,2,27,575,2010,0
61,2,27,575,2011,0
61,2,27,575,2012,0
61,2,27,575,2013,0
61,2,27,575,2014,0
61,2,27,575,2015,0
61,2,27,575,2016,0
61,3,22,575,1990,0
61,3,22,575,1991,0
61,3,22,575,1992,0
61,3,22,575,1993,0
61,3,22,575,1994,0
61,3,22,575,1995,0
61,3,22,575,1996,0
61,3,22,575,1997,0
61,3,22,575,1998,0
61,3,22,575,1999,0
61,3,22,575,2000,0
61,3,22,575,2001,0
61,3,22,575,2002,0
61,3,22,575,2003,0
61,3,22,575,2004,0
61,3,22,575,2005,0
61,3,22,575,2006,0
61,3,22,575,2007,0
61,3,22,575,2008,0
61,3,22,575,2009,0
61,3,22,575,2010,0
61,3,22,575,2011,0
61,3,22,575,2012,0
61,3,22,575,2013,0
61,3,22,575,2014,0
61,3,22,575,2015,0
61,3,22,575,2016,0
61,3,27,575,1990,0
61,3,27,575,1991,0
61,3,27,575,1992,0
61,3,27,575,1993,0
61,3,27,575,1994,0
61,3,27,575,1995,0
61,3,27,575,1996,0
61,3,27,575,1997,0
61,3,27,575,1998,0
61,3,27,575,1999,0
61,3,27,575,2000,0
61,3,27,575,2001,0
61,3,27,575,2002,0
61,3,27,575,2003,0
61,3,27,575,2004,0
61,3,27,575,2005,0
61,3,27,575,2006,0
61,3,27,575,2007,0
61,3,27,575,2008,0
61,3,27,575,2009,0
61,3,27,575,2010,0
61,3,27,575,2011,0
61,3,27,575,2012,0
61,3,27,575,2013,0
61,3,27,575,2014,0
61,3,27,575,2015,0
61,3,27,575,2016,0
62,1,22,575,1990,0
62,1,22,575,1991,0
62,1,22,575,1992,0
62,1,22,575,1993,0
62,1,22,575,1994,0
62,1,22,575,1995,0
62,1,22,575,1996,0
62,1,22,575,1997,0
62,1,22,575,1998,0
62,1,22,575,1999,0
62,1,22,575,2000,0
62,1,22,575,2001,0
62,1,22,575,2002,0
62,1,22,575,2003,0
62,1,22,575,2004,0
62,1,22,575,2005,0
62,1,22,575,2006,0
62,1,22,575,2007,0
62,1,22,575,2008,0
62,1,22,575,2009,0
62,1,22,575,2010,0
62,1,22,575,2011,0
62,1,22,575,2012,0
62,1,22,575,2013,0
62,1,22,575,2014,0
62,1,22,575,2015,0
62,1,22,575,2016,0
62,1,27,575,1990,0
62,1,27,575,1991,0
62,1,27,575,1992,0
62,1,27,575,1993,0
62,1,27,575,1994,0
62,1,27,575,1995,0
62,1,27,575,1996,0
62,1,27,575,1997,0
62,1,27,575,1998,0
62,1,27,575,1999,0
62,1,27,575,2000,0
62,1,27,575,2001,0
62,1,27,575,2002,0
62,1,27,575,2003,0
62,1,27,575,2004,0
62,1,27,575,2005,0
62,1,27,575,2006,0
62,1,27,575,2007,0
62,1,27,575,2008,0
62,1,27,575,2009,0
62,1,27,575,2010,0
62,1,27,575,2011,0
62,1,27,575,2012,0
62,1,27,575,2013,0
62,1,27,575,2014,0
62,1,27,575,2015,0
62,1,27,575,2016,0
62,2,22,575,1990,0
62,2,22,575,1991,0
62,2,22,575,1992,0
62,2,22,575,1993,0
62,2,22,575,1994,0
62,2,22,575,1995,0
62,2,22,575,1996,0
62,2,22,575,1997,0
62,2,22,575,1998,0
62,2,22,575,1999,0
62,2,22,575,2000,0
62,2,22,575,2001,0
62,2,22,575,2002,0
62,2,22,575,2003,0
62,2,22,575,2004,0
62,2,22,575,2005,0
62,2,22,575,2006,0
62,2,22,575,2007,0
62,2,22,575,2008,0
62,2,22,575,2009,0
62,2,22,575,2010,0
62,2,22,575,2011,0
62,2,22,575,2012,0
62,2,22,575,2013,0
62,2,22,575,2014,0
62,2,22,575,2015,0
62,2,22,575,2016,0
62,2,27,575,1990,0
62,2,27,575,1991,0
62,2,27,575,1992,0
62,2,27,575,1993,0
62,2,27,575,1994,0
62,2,27,575,1995,0
62,2,27,575,1996,0
62,2,27,575,1997,0
62,2,27,575,1998,0
62,2,27,575,1999,0
62,2,27,575,2000,0
62,2,27,575,2001,0
62,2,27,575,2002,0
62,2,27,575,2003,0
62,2,27,575,2004,0
62,2,27,575,2005,0
62,2,27,575,2006,0
62,2,27,575,2007,0
62,2,27,575,2008,0
62,2,27,575,2009,0
62,2,27,575,2010,0
62,2,27,575,2011,0
62,2,27,575,2012,0
62,2,27,575,2013,0
62,2,27,575,2014,0
62,2,27,575,2015,0
62,2,27,575,2016,0
62,3,22,575,1990,0
62,3,22,575,1991,0
62,3,22,575,1992,0
62,3,22,575,1993,0
62,3,22,575,1994,0
62,3,22,575,1995,0
62,3,22,575,1996,0
62,3,22,575,1997,0
62,3,22,575,1998,0
62,3,22,575,1999,0
62,3,22,575,2000,0
62,3,22,575,2001,0
62,3,22,575,2002,0
62,3,22,575,2003,0
62,3,22,575,2004,0
62,3,22,575,2005,0
62,3,22,575,2006,0
62,3,22,575,2007,0
62,3,22,575,2008,0
62,3,22,575,2009,0
62,3,22,575,2010,0
62,3,22,575,2011,0
62,3,22,575,2012,0
62,3,22,575,2013,0
62,3,22,575,2014,0
62,3,22,575,2015,0
62,3,22,575,2016,0
62,3,27,575,1990,0
62,3,27,575,1991,0
62,3,27,575,1992,0
62,3,27,575,1993,0
62,3,27,575,1994,0
62,3,27,575,1995,0
62,3,27,575,1996,0
62,3,27,575,1997,0
62,3,27,575,1998,0
62,3,27,575,1999,0
62,3,27,575,2000,0
62,3,27,575,2001,0
62,3,27,575,2002,0
62,3,27,575,2003,0
62,3,27,575,2004,0
62,3,27,575,2005,0
62,3,27,575,2006,0
62,3,27,575,2007,0
62,3,27,575,2008,0
62,3,27,575,2009,0
62,3,27,575,2010,0
62,3,27,575,2011,0
62,3,27,575,2012,0
62,3,27,575,2013,0
62,3,27,575,2014,0
62,3,27,575,2015,0
62,3,27,575,2016,0
63,1,22,575,1990,0
63,1,22,575,1991,0
63,1,22,575,1992,0
63,1,22,575,1993,0
63,1,22,575,1994,0
63,1,22,575,1995,0
63,1,22,575,1996,0
63,1,22,575,1997,0
63,1,22,575,1998,0
63,1,22,575,1999,0
63,1,22,575,2000,0
63,1,22,575,2001,0
63,1,22,575,2002,0
63,1,22,575,2003,0
63,1,22,575,2004,0
63,1,22,575,2005,0
63,1,22,575,2006,0
63,1,22,575,2007,0
63,1,22,575,2008,0
63,1,22,575,2009,0
63,1,22,575,2010,0
63,1,22,575,2011,0
63,1,22,575,2012,0
63,1,22,575,2013,0
63,1,22,575,2014,0
63,1,22,575,2015,0
63,1,22,575,2016,0
63,1,27,575,1990,0
63,1,27,575,1991,0
63,1,27,575,1992,0
63,1,27,575,1993,0
63,1,27,575,1994,0
63,1,27,575,1995,0
63,1,27,575,1996,0
63,1,27,575,1997,0
63,1,27,575,1998,0
63,1,27,575,1999,0
63,1,27,575,2000,0
63,1,27,575,2001,0
63,1,27,575,2002,0
63,1,27,575,2003,0
63,1,27,575,2004,0
63,1,27,575,2005,0
63,1,27,575,2006,0
63,1,27,575,2007,0
63,1,27,575,2008,0
63,1,27,575,2009,0
63,1,27,575,2010,0
63,1,27,575,2011,0
63,1,27,575,2012,0
63,1,27,575,2013,0
63,1,27,575,2014,0
63,1,27,575,2015,0
63,1,27,575,2016,0
63,2,22,575,1990,0
63,2,22,575,1991,0
63,2,22,575,1992,0
63,2,22,575,1993,0
63,2,22,575,1994,0
63,2,22,575,1995,0
63,2,22,575,1996,0
63,2,22,575,1997,0
63,2,22,575,1998,0
63,2,22,575,1999,0
63,2,22,575,2000,0
63,2,22,575,2001,0
63,2,22,575,2002,0
63,2,22,575,2003,0
63,2,22,575,2004,0
63,2,22,575,2005,0
63,2,22,575,2006,0
63,2,22,575,2007,0
63,2,22,575,2008,0
63,2,22,575,2009,0
63,2,22,575,2010,0
63,2,22,575,2011,0
63,2,22,575,2012,0
63,2,22,575,2013,0
63,2,22,575,2014,0
63,2,22,575,2015,0
63,2,22,575,2016,0
63,2,27,575,1990,0
63,2,27,575,1991,0
63,2,27,575,1992,0
63,2,27,575,1993,0
63,2,27,575,1994,0
63,2,27,575,1995,0
63,2,27,575,1996,0
63,2,27,575,1997,0
63,2,27,575,1998,0
63,2,27,575,1999,0
63,2,27,575,2000,0
63,2,27,575,2001,0
63,2,27,575,2002,0
63,2,27,575,2003,0
63,2,27,575,2004,0
63,2,27,575,2005,0
63,2,27,575,2006,0
63,2,27,575,2007,0
63,2,27,575,2008,0
63,2,27,575,2009,0
63,2,27,575,2010,0
63,2,27,575,2011,0
63,2,27,575,2012,0
63,2,27,575,2013,0
63,2,27,575,2014,0
63,2,27,575,2015,0
63,2,27,575,2016,0
63,3,22,575,1990,0
63,3,22,575,1991,0
63,3,22,575,1992,0
63,3,22,575,1993,0
63,3,22,575,1994,0
63,3,22,575,1995,0
63,3,22,575,1996,0
63,3,22,575,1997,0
63,3,22,575,1998,0
63,3,22,575,1999,0
63,3,22,575,2000,0
63,3,22,575,2001,0
63,3,22,575,2002,0
63,3,22,575,2003,0
63,3,22,575,2004,0
63,3,22,575,2005,0
63,3,22,575,2006,0
63,3,22,575,2007,0
63,3,22,575,2008,0
63,3,22,575,2009,0
63,3,22,575,2010,0
63,3,22,575,2011,0
63,3,22,575,2012,0
63,3,22,575,2013,0
63,3,22,575,2014,0
63,3,22,575,2015,0
63,3,22,575,2016,0
63,3,27,575,1990,0
63,3,27,575,1991,0
63,3,27,575,1992,0
63,3,27,575,1993,0
63,3,27,575,1994,0
63,3,27,575,1995,0
63,3,27,575,1996,0
63,3,27,575,1997,0
63,3,27,575,1998,0
63,3,27,575,1999,0
63,3,27,575,2000,0
63,3,27,575,2001,0
63,3,27,575,2002,0
63,3,27,575,2003,0
63,3,27,575,2004,0
63,3,27,575,2005,0
63,3,27,575,2006,0
63,3,27,575,2007,0
63,3,27,575,2008,0
63,3,27,575,2009,0
63,3,27,575,2010,0
63,3,27,575,2011,0
63,3,27,575,2012,0
63,3,27,575,2013,0
63,3,27,575,2014,0
63,3,27,575,2015,0
63,3,27,575,2016,0
66,1,22,575,1990,0
66,1,22,575,1991,0
66,1,22,575,1992,0
66,1,22,575,1993,0
66,1,22,575,1994,0
66,1,22,575,1995,0
66,1,22,575,1996,0
66,1,22,575,1997,0
66,1,22,575,1998,0
66,1,22,575,1999,0
66,1,22,575,2000,0
66,1,22,575,2001,0
66,1,22,575,2002,0
66,1,22,575,2003,0
66,1,22,575,2004,0
66,1,22,575,2005,0
66,1,22,575,2006,0
66,1,22,575,2007,0
66,1,22,575,2008,0
66,1,22,575,2009,0
66,1,22,575,2010,0
66,1,22,575,2011,0
66,1,22,575,2012,0
66,1,22,575,2013,0
66,1,22,575,2014,0
66,1,22,575,2015,0
66,1,22,575,2016,0
66,1,27,575,1990,0
66,1,27,575,1991,0
66,1,27,575,1992,0
66,1,27,575,1993,0
66,1,27,575,1994,0
66,1,27,575,1995,0
66,1,27,575,1996,0
66,1,27,575,1997,0
66,1,27,575,1998,0
66,1,27,575,1999,0
66,1,27,575,2000,0
66,1,27,575,2001,0
66,1,27,575,2002,0
66,1,27,575,2003,0
66,1,27,575,2004,0
66,1,27,575,2005,0
66,1,27,575,2006,0
66,1,27,575,2007,0
66,1,27,575,2008,0
66,1,27,575,2009,0
66,1,27,575,2010,0
66,1,27,575,2011,0
66,1,27,575,2012,0
66,1,27,575,2013,0
66,1,27,575,2014,0
66,1,27,575,2015,0
66,1,27,575,2016,0
66,2,22,575,1990,0
66,2,22,575,1991,0
66,2,22,575,1992,0
66,2,22,575,1993,0
66,2,22,575,1994,0
66,2,22,575,1995,0
66,2,22,575,1996,0
66,2,22,575,1997,0
66,2,22,575,1998,0
66,2,22,575,1999,0
66,2,22,575,2000,0
66,2,22,575,2001,0
66,2,22,575,2002,0
66,2,22,575,2003,0
66,2,22,575,2004,0
66,2,22,575,2005,0
66,2,22,575,2006,0
66,2,22,575,2007,0
66,2,22,575,2008,0
66,2,22,575,2009,0
66,2,22,575,2010,0
66,2,22,575,2011,0
66,2,22,575,2012,0
66,2,22,575,2013,0
66,2,22,575,2014,0
66,2,22,575,2015,0
66,2,22,575,2016,0
66,2,27,575,1990,0
66,2,27,575,1991,0
66,2,27,575,1992,0
66,2,27,575,1993,0
66,2,27,575,1994,0
66,2,27,575,1995,0
66,2,27,575,1996,0
66,2,27,575,1997,0
66,2,27,575,1998,0
66,2,27,575,1999,0
66,2,27,575,2000,0
66,2,27,575,2001,0
66,2,27,575,2002,0
66,2,27,575,2003,0
66,2,27,575,2004,0
66,2,27,575,2005,0
66,2,27,575,2006,0
66,2,27,575,2007,0
66,2,27,575,2008,0
66,2,27,575,2009,0
66,2,27,575,2010,0
66,2,27,575,2011,0
66,2,27,575,2012,0
66,2,27,575,2013,0
66,2,27,575,2014,0
66,2,27,575,2015,0
66,2,27,575,2016,0
66,3,22,575,1990,0
66,3,22,575,1991,0
66,3,22,575,1992,0
66,3,22,575,1993,0
66,3,22,575,1994,0
66,3,22,575,1995,0
66,3,22,575,1996,0
66,3,22,575,1997,0
66,3,22,575,1998,0
66,3,22,575,1999,0
66,3,22,575,2000,0
66,3,22,575,2001,0
66,3,22,575,2002,0
66,3,22,575,2003,0
66,3,22,575,2004,0
66,3,22,575,2005,0
66,3,22,575,2006,0
66,3,22,575,2007,0
66,3,22,575,2008,0
66,3,22,575,2009,0
66,3,22,575,2010,0
66,3,22,575,2011,0
66,3,22,575,2012,0
66,3,22,575,2013,0
66,3,22,575,2014,0
66,3,22,575,2015,0
66,3,22,575,2016,0
66,3,27,575,1990,0
66,3,27,575,1991,0
66,3,27,575,1992,0
66,3,27,575,1993,0
66,3,27,575,1994,0
66,3,27,575,1995,0
66,3,27,575,1996,0
66,3,27,575,1997,0
66,3,27,575,1998,0
66,3,27,575,1999,0
66,3,27,575,2000,0
66,3,27,575,2001,0
66,3,27,575,2002,0
66,3,27,575,2003,0
66,3,27,575,2004,0
66,3,27,575,2005,0
66,3,27,575,2006,0
66,3,27,575,2007,0
66,3,27,575,2008,0
66,3,27,575,2009,0
66,3,27,575,2010,0
66,3,27,575,2011,0
66,3,27,575,2012,0
66,3,27,575,2013,0
66,3,27,575,2014,0
66,3,27,575,2015,0
66,3,27,575,2016,0
67,1,22,575,1990,0
67,1,22,575,1991,0
67,1,22,575,1992,0
67,1,22,575,1993,0
67,1,22,575,1994,0
67,1,22,575,1995,0
67,1,22,575,1996,0
67,1,22,575,1997,0
67,1,22,575,1998,0
67,1,22,575,1999,0
67,1,22,575,2000,0
67,1,22,575,2001,0
67,1,22,575,2002,0
67,1,22,575,2003,0
67,1,22,575,2004,0
67,1,22,575,2005,0
67,1,22,575,2006,0
67,1,22,575,2007,0
67,1,22,575,2008,0
67,1,22,575,2009,0
67,1,22,575,2010,0
67,1,22,575,2011,0
67,1,22,575,2012,0
67,1,22,575,2013,0
67,1,22,575,2014,0
67,1,22,575,2015,0
67,1,22,575,2016,0
67,1,27,575,1990,0
67,1,27,575,1991,0
67,1,27,575,1992,0
67,1,27,575,1993,0
67,1,27,575,1994,0
67,1,27,575,1995,0
67,1,27,575,1996,0
67,1,27,575,1997,0
67,1,27,575,1998,0
67,1,27,575,1999,0
67,1,27,575,2000,0
67,1,27,575,2001,0
67,1,27,575,2002,0
67,1,27,575,2003,0
67,1,27,575,2004,0
67,1,27,575,2005,0
67,1,27,575,2006,0
67,1,27,575,2007,0
67,1,27,575,2008,0
67,1,27,575,2009,0
67,1,27,575,2010,0
67,1,27,575,2011,0
67,1,27,575,2012,0
67,1,27,575,2013,0
67,1,27,575,2014,0
67,1,27,575,2015,0
67,1,27,575,2016,0
67,2,22,575,1990,0
67,2,22,575,1991,0
67,2,22,575,1992,0
67,2,22,575,1993,0
67,2,22,575,1994,0
67,2,22,575,1995,0
67,2,22,575,1996,0
67,2,22,575,1997,0
67,2,22,575,1998,0
67,2,22,575,1999,0
67,2,22,575,2000,0
67,2,22,575,2001,0
67,2,22,575,2002,0
67,2,22,575,2003,0
67,2,22,575,2004,0
67,2,22,575,2005,0
67,2,22,575,2006,0
67,2,22,575,2007,0
67,2,22,575,2008,0
67,2,22,575,2009,0
67,2,22,575,2010,0
67,2,22,575,2011,0
67,2,22,575,2012,0
67,2,22,575,2013,0
67,2,22,575,2014,0
67,2,22,575,2015,0
67,2,22,575,2016,0
67,2,27,575,1990,0
67,2,27,575,1991,0
67,2,27,575,1992,0
67,2,27,575,1993,0
67,2,27,575,1994,0
67,2,27,575,1995,0
67,2,27,575,1996,0
67,2,27,575,1997,0
67,2,27,575,1998,0
67,2,27,575,1999,0
67,2,27,575,2000,0
67,2,27,575,2001,0
67,2,27,575,2002,0
67,2,27,575,2003,0
67,2,27,575,2004,0
67,2,27,575,2005,0
67,2,27,575,2006,0
67,2,27,575,2007,0
67,2,27,575,2008,0
67,2,27,575,2009,0
67,2,27,575,2010,0
67,2,27,575,2011,0
67,2,27,575,2012,0
67,2,27,575,2013,0
67,2,27,575,2014,0
67,2,27,575,2015,0
67,2,27,575,2016,0
67,3,22,575,1990,0
67,3,22,575,1991,0
67,3,22,575,1992,0
67,3,22,575,1993,0
67,3,22,575,1994,0
67,3,22,575,1995,0
67,3,22,575,1996,0
67,3,22,575,1997,0
67,3,22,575,1998,0
67,3,22,575,1999,0
67,3,22,575,2000,0
67,3,22,575,2001,0
67,3,22,575,2002,0
67,3,22,575,2003,0
67,3,22,575,2004,0
67,3,22,575,2005,0
67,3,22,575,2006,0
67,3,22,575,2007,0
67,3,22,575,2008,0
67,3,22,575,2009,0
67,3,22,575,2010,0
67,3,22,575,2011,0
67,3,22,575,2012,0
67,3,22,575,2013,0
67,3,22,575,2014,0
67,3,22,575,2015,0
67,3,22,575,2016,0
67,3,27,575,1990,0
67,3,27,575,1991,0
67,3,27,575,1992,0
67,3,27,575,1993,0
67,3,27,575,1994,0
67,3,27,575,1995,0
67,3,27,575,1996,0
67,3,27,575,1997,0
67,3,27,575,1998,0
67,3,27,575,1999,0
67,3,27,575,2000,0
67,3,27,575,2001,0
67,3,27,575,2002,0
67,3,27,575,2003,0
67,3,27,575,2004,0
67,3,27,575,2005,0
67,3,27,575,2006,0
67,3,27,575,2007,0
67,3,27,575,2008,0
67,3,27,575,2009,0
67,3,27,575,2010,0
67,3,27,575,2011,0
67,3,27,575,2012,0
67,3,27,575,2013,0
67,3,27,575,2014,0
67,3,27,575,2015,0
67,3,27,575,2016,0
68,1,22,575,1990,0
68,1,22,575,1991,0
68,1,22,575,1992,0
68,1,22,575,1993,0
68,1,22,575,1994,0
68,1,22,575,1995,0
68,1,22,575,1996,0
68,1,22,575,1997,0
68,1,22,575,1998,0
68,1,22,575,1999,0
68,1,22,575,2000,0
68,1,22,575,2001,0
68,1,22,575,2002,0
68,1,22,575,2003,0
68,1,22,575,2004,0
68,1,22,575,2005,0
68,1,22,575,2006,0
68,1,22,575,2007,0
68,1,22,575,2008,0
68,1,22,575,2009,0
68,1,22,575,2010,0
68,1,22,575,2011,0
68,1,22,575,2012,0
68,1,22,575,2013,0
68,1,22,575,2014,0
68,1,22,575,2015,0
68,1,22,575,2016,0
68,1,27,575,1990,0
68,1,27,575,1991,0
68,1,27,575,1992,0
68,1,27,575,1993,0
68,1,27,575,1994,0
68,1,27,575,1995,0
68,1,27,575,1996,0
68,1,27,575,1997,0
68,1,27,575,1998,0
68,1,27,575,1999,0
68,1,27,575,2000,0
68,1,27,575,2001,0
68,1,27,575,2002,0
68,1,27,575,2003,0
68,1,27,575,2004,0
68,1,27,575,2005,0
68,1,27,575,2006,0
68,1,27,575,2007,0
68,1,27,575,2008,0
68,1,27,575,2009,0
68,1,27,575,2010,0
68,1,27,575,2011,0
68,1,27,575,2012,0
68,1,27,575,2013,0
68,1,27,575,2014,0
68,1,27,575,2015,0
68,1,27,575,2016,0
68,2,22,575,1990,0
68,2,22,575,1991,0
68,2,22,575,1992,0
68,2,22,575,1993,0
68,2,22,575,1994,0
68,2,22,575,1995,0
68,2,22,575,1996,0
68,2,22,575,1997,0
68,2,22,575,1998,0
68,2,22,575,1999,0
68,2,22,575,2000,0
68,2,22,575,2001,0
68,2,22,575,2002,0
68,2,22,575,2003,0
68,2,22,575,2004,0
68,2,22,575,2005,0
68,2,22,575,2006,0
68,2,22,575,2007,0
68,2,22,575,2008,0
68,2,22,575,2009,0
68,2,22,575,2010,0
68,2,22,575,2011,0
68,2,22,575,2012,0
68,2,22,575,2013,0
68,2,22,575,2014,0
68,2,22,575,2015,0
68,2,22,575,2016,0
68,2,27,575,1990,0
68,2,27,575,1991,0
68,2,27,575,1992,0
68,2,27,575,1993,0
68,2,27,575,1994,0
68,2,27,575,1995,0
68,2,27,575,1996,0
68,2,27,575,1997,0
68,2,27,575,1998,0
68,2,27,575,1999,0
68,2,27,575,2000,0
68,2,27,575,2001,0
68,2,27,575,2002,0
68,2,27,575,2003,0
68,2,27,575,2004,0
68,2,27,575,2005,0
68,2,27,575,2006,0
68,2,27,575,2007,0
68,2,27,575,2008,0
68,2,27,575,2009,0
68,2,27,575,2010,0
68,2,27,575,2011,0
68,2,27,575,2012,0
68,2,27,575,2013,0
68,2,27,575,2014,0
68,2,27,575,2015,0
68,2,27,575,2016,0
68,3,22,575,1990,0
68,3,22,575,1991,0
68,3,22,575,1992,0
68,3,22,575,1993,0
68,3,22,575,1994,0
68,3,22,575,1995,0
68,3,22,575,1996,0
68,3,22,575,1997,0
68,3,22,575,1998,0
68,3,22,575,1999,0
68,3,22,575,2000,0
68,3,22,575,2001,0
68,3,22,575,2002,0
68,3,22,575,2003,0
68,3,22,575,2004,0
68,3,22,575,2005,0
68,3,22,575,2006,0
68,3,22,575,2007,0
68,3,22,575,2008,0
68,3,22,575,2009,0
68,3,22,575,2010,0
68,3,22,575,2011,0
68,3,22,575,2012,0
68,3,22,575,2013,0
68,3,22,575,2014,0
68,3,22,575,2015,0
68,3,22,575,2016,0
68,3,27,575,1990,0
68,3,27,575,1991,0
68,3,27,575,1992,0
68,3,27,575,1993,0
68,3,27,575,1994,0
68,3,27,575,1995,0
68,3,27,575,1996,0
68,3,27,575,1997,0
68,3,27,575,1998,0
68,3,27,575,1999,0
68,3,27,575,2000,0
68,3,27,575,2001,0
68,3,27,575,2002,0
68,3,27,575,2003,0
68,3,27,575,2004,0
68,3,27,575,2005,0
68,3,27,575,2006,0
68,3,27,575,2007,0
68,3,27,575,2008,0
68,3,27,575,2009,0
68,3,27,575,2010,0
68,3,27,575,2011,0
68,3,27,575,2012,0
68,3,27,575,2013,0
68,3,27,575,2014,0
68,3,27,575,2015,0
68,3,27,575,2016,0
69,1,22,575,1990,0
69,1,22,575,1991,0
69,1,22,575,1992,0
69,1,22,575,1993,0
69,1,22,575,1994,0
69,1,22,575,1995,0
69,1,22,575,1996,0
69,1,22,575,1997,0
69,1,22,575,1998,0
69,1,22,575,1999,0
69,1,22,575,2000,0
69,1,22,575,2001,0
69,1,22,575,2002,0
69,1,22,575,2003,0
69,1,22,575,2004,0
69,1,22,575,2005,0
69,1,22,575,2006,0
69,1,22,575,2007,0
69,1,22,575,2008,0
69,1,22,575,2009,0
69,1,22,575,2010,0
69,1,22,575,2011,0
69,1,22,575,2012,0
69,1,22,575,2013,0
69,1,22,575,2014,0
69,1,22,575,2015,0
69,1,22,575,2016,0
69,1,27,575,1990,0
69,1,27,575,1991,0
69,1,27,575,1992,0
69,1,27,575,1993,0
69,1,27,575,1994,0
69,1,27,575,1995,0
69,1,27,575,1996,0
69,1,27,575,1997,0
69,1,27,575,1998,0
69,1,27,575,1999,0
69,1,27,575,2000,0
69,1,27,575,2001,0
69,1,27,575,2002,0
69,1,27,575,2003,0
69,1,27,575,2004,0
69,1,27,575,2005,0
69,1,27,575,2006,0
69,1,27,575,2007,0
69,1,27,575,2008,0
69,1,27,575,2009,0
69,1,27,575,2010,0
69,1,27,575,2011,0
69,1,27,575,2012,0
69,1,27,575,2013,0
69,1,27,575,2014,0
69,1,27,575,2015,0
69,1,27,575,2016,0
69,2,22,575,1990,0
69,2,22,575,1991,0
69,2,22,575,1992,0
69,2,22,575,1993,0
69,2,22,575,1994,0
69,2,22,575,1995,0
69,2,22,575,1996,0
69,2,22,575,1997,0
69,2,22,575,1998,0
69,2,22,575,1999,0
69,2,22,575,2000,0
69,2,22,575,2001,0
69,2,22,575,2002,0
69,2,22,575,2003,0
69,2,22,575,2004,0
69,2,22,575,2005,0
69,2,22,575,2006,0
69,2,22,575,2007,0
69,2,22,575,2008,0
69,2,22,575,2009,0
69,2,22,575,2010,0
69,2,22,575,2011,0
69,2,22,575,2012,0
69,2,22,575,2013,0
69,2,22,575,2014,0
69,2,22,575,2015,0
69,2,22,575,2016,0
69,2,27,575,1990,0
69,2,27,575,1991,0
69,2,27,575,1992,0
69,2,27,575,1993,0
69,2,27,575,1994,0
69,2,27,575,1995,0
69,2,27,575,1996,0
69,2,27,575,1997,0
69,2,27,575,1998,0
69,2,27,575,1999,0
69,2,27,575,2000,0
69,2,27,575,2001,0
69,2,27,575,2002,0
69,2,27,575,2003,0
69,2,27,575,2004,0
69,2,27,575,2005,0
69,2,27,575,2006,0
69,2,27,575,2007,0
69,2,27,575,2008,0
69,2,27,575,2009,0
69,2,27,575,2010,0
69,2,27,575,2011,0
69,2,27,575,2012,0
69,2,27,575,2013,0
69,2,27,575,2014,0
69,2,27,575,2015,0
69,2,27,575,2016,0
69,3,22,575,1990,0
69,3,22,575,1991,0
69,3,22,575,1992,0
69,3,22,575,1993,0
69,3,22,575,1994,0
69,3,22,575,1995,0
69,3,22,575,1996,0
69,3,22,575,1997,0
69,3,22,575,1998,0
69,3,22,575,1999,0
69,3,22,575,2000,0
69,3,22,575,2001,0
69,3,22,575,2002,0
69,3,22,575,2003,0
69,3,22,575,2004,0
69,3,22,575,2005,0
69,3,22,575,2006,0
69,3,22,575,2007,0
69,3,22,575,2008,0
69,3,22,575,2009,0
69,3,22,575,2010,0
69,3,22,575,2011,0
69,3,22,575,2012,0
69,3,22,575,2013,0
69,3,22,575,2014,0
69,3,22,575,2015,0
69,3,22,575,2016,0
69,3,27,575,1990,0
69,3,27,575,1991,0
69,3,27,575,1992,0
69,3,27,575,1993,0
69,3,27,575,1994,0
69,3,27,575,1995,0
69,3,27,575,1996,0
69,3,27,575,1997,0
69,3,27,575,1998,0
69,3,27,575,1999,0
69,3,27,575,2000,0
69,3,27,575,2001,0
69,3,27,575,2002,0
69,3,27,575,2003,0
69,3,27,575,2004,0
69,3,27,575,2005,0
69,3,27,575,2006,0
69,3,27,575,2007,0
69,3,27,575,2008,0
69,3,27,575,2009,0
69,3,27,575,2010,0
69,3,27,575,2011,0
69,3,27,575,2012,0
69,3,27,575,2013,0
69,3,27,575,2014,0
69,3,27,575,2015,0
69,3,27,575,2016,0
71,1,22,575,1990,0
71,1,22,575,1991,0
71,1,22,575,1992,0
71,1,22,575,1993,0
71,1,22,575,1994,0
71,1,22,575,1995,0
71,1,22,575,1996,0
71,1,22,575,1997,0
71,1,22,575,1998,0
71,1,22,575,1999,0
71,1,22,575,2000,0
71,1,22,575,2001,0
71,1,22,575,2002,0
71,1,22,575,2003,0
71,1,22,575,2004,0
71,1,22,575,2005,0
71,1,22,575,2006,0
71,1,22,575,2007,0
71,1,22,575,2008,0
71,1,22,575,2009,0
71,1,22,575,2010,0
71,1,22,575,2011,0
71,1,22,575,2012,0
71,1,22,575,2013,0
71,1,22,575,2014,0
71,1,22,575,2015,0
71,1,22,575,2016,0
71,1,27,575,1990,0
71,1,27,575,1991,0
71,1,27,575,1992,0
71,1,27,575,1993,0
71,1,27,575,1994,0
71,1,27,575,1995,0
71,1,27,575,1996,0
71,1,27,575,1997,0
71,1,27,575,1998,0
71,1,27,575,1999,0
71,1,27,575,2000,0
71,1,27,575,2001,0
71,1,27,575,2002,0
71,1,27,575,2003,0
71,1,27,575,2004,0
71,1,27,575,2005,0
71,1,27,575,2006,0
71,1,27,575,2007,0
71,1,27,575,2008,0
71,1,27,575,2009,0
71,1,27,575,2010,0
71,1,27,575,2011,0
71,1,27,575,2012,0
71,1,27,575,2013,0
71,1,27,575,2014,0
71,1,27,575,2015,0
71,1,27,575,2016,0
71,2,22,575,1990,0
71,2,22,575,1991,0
71,2,22,575,1992,0
71,2,22,575,1993,0
71,2,22,575,1994,0
71,2,22,575,1995,0
71,2,22,575,1996,0
71,2,22,575,1997,0
71,2,22,575,1998,0
71,2,22,575,1999,0
71,2,22,575,2000,0
71,2,22,575,2001,0
71,2,22,575,2002,0
71,2,22,575,2003,0
71,2,22,575,2004,0
71,2,22,575,2005,0
71,2,22,575,2006,0
71,2,22,575,2007,0
71,2,22,575,2008,0
71,2,22,575,2009,0
71,2,22,575,2010,0
71,2,22,575,2011,0
71,2,22,575,2012,0
71,2,22,575,2013,0
71,2,22,575,2014,0
71,2,22,575,2015,0
71,2,22,575,2016,0
71,2,27,575,1990,0
71,2,27,575,1991,0
71,2,27,575,1992,0
71,2,27,575,1993,0
71,2,27,575,1994,0
71,2,27,575,1995,0
71,2,27,575,1996,0
71,2,27,575,1997,0
71,2,27,575,1998,0
71,2,27,575,1999,0
71,2,27,575,2000,0
71,2,27,575,2001,0
71,2,27,575,2002,0
71,2,27,575,2003,0
71,2,27,575,2004,0
71,2,27,575,2005,0
71,2,27,575,2006,0
71,2,27,575,2007,0
71,2,27,575,2008,0
71,2,27,575,2009,0
71,2,27,575,2010,0
71,2,27,575,2011,0
71,2,27,575,2012,0
71,2,27,575,2013,0
71,2,27,575,2014,0
71,2,27,575,2015,0
71,2,27,575,2016,0
71,3,22,575,1990,0
71,3,22,575,1991,0
71,3,22,575,1992,0
71,3,22,575,1993,0
71,3,22,575,1994,0
71,3,22,575,1995,0
71,3,22,575,1996,0
71,3,22,575,1997,0
71,3,22,575,1998,0
71,3,22,575,1999,0
71,3,22,575,2000,0
71,3,22,575,2001,0
71,3,22,575,2002,0
71,3,22,575,2003,0
71,3,22,575,2004,0
71,3,22,575,2005,0
71,3,22,575,2006,0
71,3,22,575,2007,0
71,3,22,575,2008,0
71,3,22,575,2009,0
71,3,22,575,2010,0
71,3,22,575,2011,0
71,3,22,575,2012,0
71,3,22,575,2013,0
71,3,22,575,2014,0
71,3,22,575,2015,0
71,3,22,575,2016,0
71,3,27,575,1990,0
71,3,27,575,1991,0
71,3,27,575,1992,0
71,3,27,575,1993,0
71,3,27,575,1994,0
71,3,27,575,1995,0
71,3,27,575,1996,0
71,3,27,575,1997,0
71,3,27,575,1998,0
71,3,27,575,1999,0
71,3,27,575,2000,0
71,3,27,575,2001,0
71,3,27,575,2002,0
71,3,27,575,2003,0
71,3,27,575,2004,0
71,3,27,575,2005,0
71,3,27,575,2006,0
71,3,27,575,2007,0
71,3,27,575,2008,0
71,3,27,575,2009,0
71,3,27,575,2010,0
71,3,27,575,2011,0
71,3,27,575,2012,0
71,3,27,575,2013,0
71,3,27,575,2014,0
71,3,27,575,2015,0
71,3,27,575,2016,0
72,1,22,575,1990,0
72,1,22,575,1991,0
72,1,22,575,1992,0
72,1,22,575,1993,0
72,1,22,575,1994,0
72,1,22,575,1995,0
72,1,22,575,1996,0
72,1,22,575,1997,0
72,1,22,575,1998,0
72,1,22,575,1999,0
72,1,22,575,2000,0
72,1,22,575,2001,0
72,1,22,575,2002,0
72,1,22,575,2003,0
72,1,22,575,2004,0
72,1,22,575,2005,0
72,1,22,575,2006,0
72,1,22,575,2007,0
72,1,22,575,2008,0
72,1,22,575,2009,0
72,1,22,575,2010,0
72,1,22,575,2011,0
72,1,22,575,2012,0
72,1,22,575,2013,0
72,1,22,575,2014,0
72,1,22,575,2015,0
72,1,22,575,2016,0
72,1,27,575,1990,0
72,1,27,575,1991,0
72,1,27,575,1992,0
72,1,27,575,1993,0
72,1,27,575,1994,0
72,1,27,575,1995,0
72,1,27,575,1996,0
72,1,27,575,1997,0
72,1,27,575,1998,0
72,1,27,575,1999,0
72,1,27,575,2000,0
72,1,27,575,2001,0
72,1,27,575,2002,0
72,1,27,575,2003,0
72,1,27,575,2004,0
72,1,27,575,2005,0
72,1,27,575,2006,0
72,1,27,575,2007,0
72,1,27,575,2008,0
72,1,27,575,2009,0
72,1,27,575,2010,0
72,1,27,575,2011,0
72,1,27,575,2012,0
72,1,27,575,2013,0
72,1,27,575,2014,0
72,1,27,575,2015,0
72,1,27,575,2016,0
72,2,22,575,1990,0
72,2,22,575,1991,0
72,2,22,575,1992,0
72,2,22,575,1993,0
72,2,22,575,1994,0
72,2,22,575,1995,0
72,2,22,575,1996,0
72,2,22,575,1997,0
72,2,22,575,1998,0
72,2,22,575,1999,0
72,2,22,575,2000,0
72,2,22,575,2001,0
72,2,22,575,2002,0
72,2,22,575,2003,0
72,2,22,575,2004,0
72,2,22,575,2005,0
72,2,22,575,2006,0
72,2,22,575,2007,0
72,2,22,575,2008,0
72,2,22,575,2009,0
72,2,22,575,2010,0
72,2,22,575,2011,0
72,2,22,575,2012,0
72,2,22,575,2013,0
72,2,22,575,2014,0
72,2,22,575,2015,0
72,2,22,575,2016,0
72,2,27,575,1990,0
72,2,27,575,1991,0
72,2,27,575,1992,0
72,2,27,575,1993,0
72,2,27,575,1994,0
72,2,27,575,1995,0
72,2,27,575,1996,0
72,2,27,575,1997,0
72,2,27,575,1998,0
72,2,27,575,1999,0
72,2,27,575,2000,0
72,2,27,575,2001,0
72,2,27,575,2002,0
72,2,27,575,2003,0
72,2,27,575,2004,0
72,2,27,575,2005,0
72,2,27,575,2006,0
72,2,27,575,2007,0
72,2,27,575,2008,0
72,2,27,575,2009,0
72,2,27,575,2010,0
72,2,27,575,2011,0
72,2,27,575,2012,0
72,2,27,575,2013,0
72,2,27,575,2014,0
72,2,27,575,2015,0
72,2,27,575,2016,0
72,3,22,575,1990,0
72,3,22,575,1991,0
72,3,22,575,1992,0
72,3,22,575,1993,0
72,3,22,575,1994,0
72,3,22,575,1995,0
72,3,22,575,1996,0
72,3,22,575,1997,0
72,3,22,575,1998,0
72,3,22,575,1999,0
72,3,22,575,2000,0
72,3,22,575,2001,0
72,3,22,575,2002,0
72,3,22,575,2003,0
72,3,22,575,2004,0
72,3,22,575,2005,0
72,3,22,575,2006,0
72,3,22,575,2007,0
72,3,22,575,2008,0
72,3,22,575,2009,0
72,3,22,575,2010,0
72,3,22,575,2011,0
72,3,22,575,2012,0
72,3,22,575,2013,0
72,3,22,575,2014,0
72,3,22,575,2015,0
72,3,22,575,2016,0
72,3,27,575,1990,0
72,3,27,575,1991,0
72,3,27,575,1992,0
72,3,27,575,1993,0
72,3,27,575,1994,0
72,3,27,575,1995,0
72,3,27,575,1996,0
72,3,27,575,1997,0
72,3,27,575,1998,0
72,3,27,575,1999,0
72,3,27,575,2000,0
72,3,27,575,2001,0
72,3,27,575,2002,0
72,3,27,575,2003,0
72,3,27,575,2004,0
72,3,27,575,2005,0
72,3,27,575,2006,0
72,3,27,575,2007,0
72,3,27,575,2008,0
72,3,27,575,2009,0
72,3,27,575,2010,0
72,3,27,575,2011,0
72,3,27,575,2012,0
72,3,27,575,2013,0
72,3,27,575,2014,0
72,3,27,575,2015,0
72,3,27,575,2016,0
74,1,22,575,1990,0
74,1,22,575,1991,0
74,1,22,575,1992,0
74,1,22,575,1993,0
74,1,22,575,1994,0
74,1,22,575,1995,0
74,1,22,575,1996,0
74,1,22,575,1997,0
74,1,22,575,1998,0
74,1,22,575,1999,0
74,1,22,575,2000,0
74,1,22,575,2001,0
74,1,22,575,2002,0
74,1,22,575,2003,0
74,1,22,575,2004,0
74,1,22,575,2005,0
74,1,22,575,2006,0
74,1,22,575,2007,0
74,1,22,575,2008,0
74,1,22,575,2009,0
74,1,22,575,2010,0
74,1,22,575,2011,0
74,1,22,575,2012,0
74,1,22,575,2013,0
74,1,22,575,2014,0
74,1,22,575,2015,0
74,1,22,575,2016,0
74,1,27,575,1990,0
74,1,27,575,1991,0
74,1,27,575,1992,0
74,1,27,575,1993,0
74,1,27,575,1994,0
74,1,27,575,1995,0
74,1,27,575,1996,0
74,1,27,575,1997,0
74,1,27,575,1998,0
74,1,27,575,1999,0
74,1,27,575,2000,0
74,1,27,575,2001,0
74,1,27,575,2002,0
74,1,27,575,2003,0
74,1,27,575,2004,0
74,1,27,575,2005,0
74,1,27,575,2006,0
74,1,27,575,2007,0
74,1,27,575,2008,0
74,1,27,575,2009,0
74,1,27,575,2010,0
74,1,27,575,2011,0
74,1,27,575,2012,0
74,1,27,575,2013,0
74,1,27,575,2014,0
74,1,27,575,2015,0
74,1,27,575,2016,0
74,2,22,575,1990,0
74,2,22,575,1991,0
74,2,22,575,1992,0
74,2,22,575,1993,0
74,2,22,575,1994,0
74,2,22,575,1995,0
74,2,22,575,1996,0
74,2,22,575,1997,0
74,2,22,575,1998,0
74,2,22,575,1999,0
74,2,22,575,2000,0
74,2,22,575,2001,0
74,2,22,575,2002,0
74,2,22,575,2003,0
74,2,22,575,2004,0
74,2,22,575,2005,0
74,2,22,575,2006,0
74,2,22,575,2007,0
74,2,22,575,2008,0
74,2,22,575,2009,0
74,2,22,575,2010,0
74,2,22,575,2011,0
74,2,22,575,2012,0
74,2,22,575,2013,0
74,2,22,575,2014,0
74,2,22,575,2015,0
74,2,22,575,2016,0
74,2,27,575,1990,0
74,2,27,575,1991,0
74,2,27,575,1992,0
74,2,27,575,1993,0
74,2,27,575,1994,0
74,2,27,575,1995,0
74,2,27,575,1996,0
74,2,27,575,1997,0
74,2,27,575,1998,0
74,2,27,575,1999,0
74,2,27,575,2000,0
74,2,27,575,2001,0
74,2,27,575,2002,0
74,2,27,575,2003,0
74,2,27,575,2004,0
74,2,27,575,2005,0
74,2,27,575,2006,0
74,2,27,575,2007,0
74,2,27,575,2008,0
74,2,27,575,2009,0
74,2,27,575,2010,0
74,2,27,575,2011,0
74,2,27,575,2012,0
74,2,27,575,2013,0
74,2,27,575,2014,0
74,2,27,575,2015,0
74,2,27,575,2016,0
74,3,22,575,1990,0
74,3,22,575,1991,0
74,3,22,575,1992,0
74,3,22,575,1993,0
74,3,22,575,1994,0
74,3,22,575,1995,0
74,3,22,575,1996,0
74,3,22,575,1997,0
74,3,22,575,1998,0
74,3,22,575,1999,0
74,3,22,575,2000,0
74,3,22,575,2001,0
74,3,22,575,2002,0
74,3,22,575,2003,0
74,3,22,575,2004,0
74,3,22,575,2005,0
74,3,22,575,2006,0
74,3,22,575,2007,0
74,3,22,575,2008,0
74,3,22,575,2009,0
74,3,22,575,2010,0
74,3,22,575,2011,0
74,3,22,575,2012,0
74,3,22,575,2013,0
74,3,22,575,2014,0
74,3,22,575,2015,0
74,3,22,575,2016,0
74,3,27,575,1990,0
74,3,27,575,1991,0
74,3,27,575,1992,0
74,3,27,575,1993,0
74,3,27,575,1994,0
74,3,27,575,1995,0
74,3,27,575,1996,0
74,3,27,575,1997,0
74,3,27,575,1998,0
74,3,27,575,1999,0
74,3,27,575,2000,0
74,3,27,575,2001,0
74,3,27,575,2002,0
74,3,27,575,2003,0
74,3,27,575,2004,0
74,3,27,575,2005,0
74,3,27,575,2006,0
74,3,27,575,2007,0
74,3,27,575,2008,0
74,3,27,575,2009,0
74,3,27,575,2010,0
74,3,27,575,2011,0
74,3,27,575,2012,0
74,3,27,575,2013,0
74,3,27,575,2014,0
74,3,27,575,2015,0
74,3,27,575,2016,0
75,1,22,575,1990,0
75,1,22,575,1991,0
75,1,22,575,1992,0
75,1,22,575,1993,0
75,1,22,575,1994,0
75,1,22,575,1995,0
75,1,22,575,1996,0
75,1,22,575,1997,0
75,1,22,575,1998,0
75,1,22,575,1999,0
75,1,22,575,2000,0
75,1,22,575,2001,0
75,1,22,575,2002,0
75,1,22,575,2003,0
75,1,22,575,2004,0
75,1,22,575,2005,0
75,1,22,575,2006,0
75,1,22,575,2007,0
75,1,22,575,2008,0
75,1,22,575,2009,0
75,1,22,575,2010,0
75,1,22,575,2011,0
75,1,22,575,2012,0
75,1,22,575,2013,0
75,1,22,575,2014,0
75,1,22,575,2015,0
75,1,22,575,2016,0
75,1,27,575,1990,0
75,1,27,575,1991,0
75,1,27,575,1992,0
75,1,27,575,1993,0
75,1,27,575,1994,0
75,1,27,575,1995,0
75,1,27,575,1996,0
75,1,27,575,1997,0
75,1,27,575,1998,0
75,1,27,575,1999,0
75,1,27,575,2000,0
75,1,27,575,2001,0
75,1,27,575,2002,0
75,1,27,575,2003,0
75,1,27,575,2004,0
75,1,27,575,2005,0
75,1,27,575,2006,0
75,1,27,575,2007,0
75,1,27,575,2008,0
75,1,27,575,2009,0
75,1,27,575,2010,0
75,1,27,575,2011,0
75,1,27,575,2012,0
75,1,27,575,2013,0
75,1,27,575,2014,0
75,1,27,575,2015,0
75,1,27,575,2016,0
75,2,22,575,1990,0
75,2,22,575,1991,0
75,2,22,575,1992,0
75,2,22,575,1993,0
75,2,22,575,1994,0
75,2,22,575,1995,0
75,2,22,575,1996,0
75,2,22,575,1997,0
75,2,22,575,1998,0
75,2,22,575,1999,0
75,2,22,575,2000,0
75,2,22,575,2001,0
75,2,22,575,2002,0
75,2,22,575,2003,0
75,2,22,575,2004,0
75,2,22,575,2005,0
75,2,22,575,2006,0
75,2,22,575,2007,0
75,2,22,575,2008,0
75,2,22,575,2009,0
75,2,22,575,2010,0
75,2,22,575,2011,0
75,2,22,575,2012,0
75,2,22,575,2013,0
75,2,22,575,2014,0
75,2,22,575,2015,0
75,2,22,575,2016,0
75,2,27,575,1990,0
75,2,27,575,1991,0
75,2,27,575,1992,0
75,2,27,575,1993,0
75,2,27,575,1994,0
75,2,27,575,1995,0
75,2,27,575,1996,0
75,2,27,575,1997,0
75,2,27,575,1998,0
75,2,27,575,1999,0
75,2,27,575,2000,0
75,2,27,575,2001,0
75,2,27,575,2002,0
75,2,27,575,2003,0
75,2,27,575,2004,0
75,2,27,575,2005,0
75,2,27,575,2006,0
75,2,27,575,2007,0
75,2,27,575,2008,0
75,2,27,575,2009,0
75,2,27,575,2010,0
75,2,27,575,2011,0
75,2,27,575,2012,0
75,2,27,575,2013,0
75,2,27,575,2014,0
75,2,27,575,2015,0
75,2,27,575,2016,0
75,3,22,575,1990,0
75,3,22,575,1991,0
75,3,22,575,1992,0
75,3,22,575,1993,0
75,3,22,575,1994,0
75,3,22,575,1995,0
75,3,22,575,1996,0
75,3,22,575,1997,0
75,3,22,575,1998,0
75,3,22,575,1999,0
75,3,22,575,2000,0
75,3,22,575,2001,0
75,3,22,575,2002,0
75,3,22,575,2003,0
75,3,22,575,2004,0
75,3,22,575,2005,0
75,3,22,575,2006,0
75,3,22,575,2007,0
75,3,22,575,2008,0
75,3,22,575,2009,0
75,3,22,575,2010,0
75,3,22,575,2011,0
75,3,22,575,2012,0
75,3,22,575,2013,0
75,3,22,575,2014,0
75,3,22,575,2015,0
75,3,22,575,2016,0
75,3,27,575,1990,0
75,3,27,575,1991,0
75,3,27,575,1992,0
75,3,27,575,1993,0
75,3,27,575,1994,0
75,3,27,575,1995,0
75,3,27,575,1996,0
75,3,27,575,1997,0
75,3,27,575,1998,0
75,3,27,575,1999,0
75,3,27,575,2000,0
75,3,27,575,2001,0
75,3,27,575,2002,0
75,3,27,575,2003,0
75,3,27,575,2004,0
75,3,27,575,2005,0
75,3,27,575,2006,0
75,3,27,575,2007,0
75,3,27,575,2008,0
75,3,27,575,2009,0
75,3,27,575,2010,0
75,3,27,575,2011,0
75,3,27,575,2012,0
75,3,27,575,2013,0
75,3,27,575,2014,0
75,3,27,575,2015,0
75,3,27,575,2016,0
76,1,22,575,1990,0
76,1,22,575,1991,0
76,1,22,575,1992,0
76,1,22,575,1993,0
76,1,22,575,1994,0
76,1,22,575,1995,0
76,1,22,575,1996,0
76,1,22,575,1997,0
76,1,22,575,1998,0
76,1,22,575,1999,0
76,1,22,575,2000,0
76,1,22,575,2001,0
76,1,22,575,2002,0
76,1,22,575,2003,0
76,1,22,575,2004,0
76,1,22,575,2005,0
76,1,22,575,2006,0
76,1,22,575,2007,0
76,1,22,575,2008,0
76,1,22,575,2009,0
76,1,22,575,2010,0
76,1,22,575,2011,0
76,1,22,575,2012,0
76,1,22,575,2013,0
76,1,22,575,2014,0
76,1,22,575,2015,0
76,1,22,575,2016,0
76,1,27,575,1990,0
76,1,27,575,1991,0
76,1,27,575,1992,0
76,1,27,575,1993,0
76,1,27,575,1994,0
76,1,27,575,1995,0
76,1,27,575,1996,0
76,1,27,575,1997,0
76,1,27,575,1998,0
76,1,27,575,1999,0
76,1,27,575,2000,0
76,1,27,575,2001,0
76,1,27,575,2002,0
76,1,27,575,2003,0
76,1,27,575,2004,0
76,1,27,575,2005,0
76,1,27,575,2006,0
76,1,27,575,2007,0
76,1,27,575,2008,0
76,1,27,575,2009,0
76,1,27,575,2010,0
76,1,27,575,2011,0
76,1,27,575,2012,0
76,1,27,575,2013,0
76,1,27,575,2014,0
76,1,27,575,2015,0
76,1,27,575,2016,0
76,2,22,575,1990,0
76,2,22,575,1991,0
76,2,22,575,1992,0
76,2,22,575,1993,0
76,2,22,575,1994,0
76,2,22,575,1995,0
76,2,22,575,1996,0
76,2,22,575,1997,0
76,2,22,575,1998,0
76,2,22,575,1999,0
76,2,22,575,2000,0
76,2,22,575,2001,0
76,2,22,575,2002,0
76,2,22,575,2003,0
76,2,22,575,2004,0
76,2,22,575,2005,0
76,2,22,575,2006,0
76,2,22,575,2007,0
76,2,22,575,2008,0
76,2,22,575,2009,0
76,2,22,575,2010,0
76,2,22,575,2011,0
76,2,22,575,2012,0
76,2,22,575,2013,0
76,2,22,575,2014,0
76,2,22,575,2015,0
76,2,22,575,2016,0
76,2,27,575,1990,0
76,2,27,575,1991,0
76,2,27,575,1992,0
76,2,27,575,1993,0
76,2,27,575,1994,0
76,2,27,575,1995,0
76,2,27,575,1996,0
76,2,27,575,1997,0
76,2,27,575,1998,0
76,2,27,575,1999,0
76,2,27,575,2000,0
76,2,27,575,2001,0
76,2,27,575,2002,0
76,2,27,575,2003,0
76,2,27,575,2004,0
76,2,27,575,2005,0
76,2,27,575,2006,0
76,2,27,575,2007,0
76,2,27,575,2008,0
76,2,27,575,2009,0
76,2,27,575,2010,0
76,2,27,575,2011,0
76,2,27,575,2012,0
76,2,27,575,2013,0
76,2,27,575,2014,0
76,2,27,575,2015,0
76,2,27,575,2016,0
76,3,22,575,1990,0
76,3,22,575,1991,0
76,3,22,575,1992,0
76,3,22,575,1993,0
76,3,22,575,1994,0
76,3,22,575,1995,0
76,3,22,575,1996,0
76,3,22,575,1997,0
76,3,22,575,1998,0
76,3,22,575,1999,0
76,3,22,575,2000,0
76,3,22,575,2001,0
76,3,22,575,2002,0
76,3,22,575,2003,0
76,3,22,575,2004,0
76,3,22,575,2005,0
76,3,22,575,2006,0
76,3,22,575,2007,0
76,3,22,575,2008,0
76,3,22,575,2009,0
76,3,22,575,2010,0
76,3,22,575,2011,0
76,3,22,575,2012,0
76,3,22,575,2013,0
76,3,22,575,2014,0
76,3,22,575,2015,0
76,3,22,575,2016,0
76,3,27,575,1990,0
76,3,27,575,1991,0
76,3,27,575,1992,0
76,3,27,575,1993,0
76,3,27,575,1994,0
76,3,27,575,1995,0
76,3,27,575,1996,0
76,3,27,575,1997,0
76,3,27,575,1998,0
76,3,27,575,1999,0
76,3,27,575,2000,0
76,3,27,575,2001,0
76,3,27,575,2002,0
76,3,27,575,2003,0
76,3,27,575,2004,0
76,3,27,575,2005,0
76,3,27,575,2006,0
76,3,27,575,2007,0
76,3,27,575,2008,0
76,3,27,575,2009,0
76,3,27,575,2010,0
76,3,27,575,2011,0
76,3,27,575,2012,0
76,3,27,575,2013,0
76,3,27,575,2014,0
76,3,27,575,2015,0
76,3,27,575,2016,0
77,1,22,575,1990,0
77,1,22,575,1991,0
77,1,22,575,1992,0
77,1,22,575,1993,0
77,1,22,575,1994,0
77,1,22,575,1995,0
77,1,22,575,1996,0
77,1,22,575,1997,0
77,1,22,575,1998,0
77,1,22,575,1999,0
77,1,22,575,2000,0
77,1,22,575,2001,0
77,1,22,575,2002,0
77,1,22,575,2003,0
77,1,22,575,2004,0
77,1,22,575,2005,0
77,1,22,575,2006,0
77,1,22,575,2007,0
77,1,22,575,2008,0
77,1,22,575,2009,0
77,1,22,575,2010,0
77,1,22,575,2011,0
77,1,22,575,2012,0
77,1,22,575,2013,0
77,1,22,575,2014,0
77,1,22,575,2015,0
77,1,22,575,2016,0
77,1,27,575,1990,0
77,1,27,575,1991,0
77,1,27,575,1992,0
77,1,27,575,1993,0
77,1,27,575,1994,0
77,1,27,575,1995,0
77,1,27,575,1996,0
77,1,27,575,1997,0
77,1,27,575,1998,0
77,1,27,575,1999,0
77,1,27,575,2000,0
77,1,27,575,2001,0
77,1,27,575,2002,0
77,1,27,575,2003,0
77,1,27,575,2004,0
77,1,27,575,2005,0
77,1,27,575,2006,0
77,1,27,575,2007,0
77,1,27,575,2008,0
77,1,27,575,2009,0
77,1,27,575,2010,0
77,1,27,575,2011,0
77,1,27,575,2012,0
77,1,27,575,2013,0
77,1,27,575,2014,0
77,1,27,575,2015,0
77,1,27,575,2016,0
77,2,22,575,1990,0
77,2,22,575,1991,0
77,2,22,575,1992,0
77,2,22,575,1993,0
77,2,22,575,1994,0
77,2,22,575,1995,0
77,2,22,575,1996,0
77,2,22,575,1997,0
77,2,22,575,1998,0
77,2,22,575,1999,0
77,2,22,575,2000,0
77,2,22,575,2001,0
77,2,22,575,2002,0
77,2,22,575,2003,0
77,2,22,575,2004,0
77,2,22,575,2005,0
77,2,22,575,2006,0
77,2,22,575,2007,0
77,2,22,575,2008,0
77,2,22,575,2009,0
77,2,22,575,2010,0
77,2,22,575,2011,0
77,2,22,575,2012,0
77,2,22,575,2013,0
77,2,22,575,2014,0
77,2,22,575,2015,0
77,2,22,575,2016,0
77,2,27,575,1990,0
77,2,27,575,1991,0
77,2,27,575,1992,0
77,2,27,575,1993,0
77,2,27,575,1994,0
77,2,27,575,1995,0
77,2,27,575,1996,0
77,2,27,575,1997,0
77,2,27,575,1998,0
77,2,27,575,1999,0
77,2,27,575,2000,0
77,2,27,575,2001,0
77,2,27,575,2002,0
77,2,27,575,2003,0
77,2,27,575,2004,0
77,2,27,575,2005,0
77,2,27,575,2006,0
77,2,27,575,2007,0
77,2,27,575,2008,0
77,2,27,575,2009,0
77,2,27,575,2010,0
77,2,27,575,2011,0
77,2,27,575,2012,0
77,2,27,575,2013,0
77,2,27,575,2014,0
77,2,27,575,2015,0
77,2,27,575,2016,0
77,3,22,575,1990,0
77,3,22,575,1991,0
77,3,22,575,1992,0
77,3,22,575,1993,0
77,3,22,575,1994,0
77,3,22,575,1995,0
77,3,22,575,1996,0
77,3,22,575,1997,0
77,3,22,575,1998,0
77,3,22,575,1999,0
77,3,22,575,2000,0
77,3,22,575,2001,0
77,3,22,575,2002,0
77,3,22,575,2003,0
77,3,22,575,2004,0
77,3,22,575,2005,0
77,3,22,575,2006,0
77,3,22,575,2007,0
77,3,22,575,2008,0
77,3,22,575,2009,0
77,3,22,575,2010,0
77,3,22,575,2011,0
77,3,22,575,2012,0
77,3,22,575,2013,0
77,3,22,575,2014,0
77,3,22,575,2015,0
77,3,22,575,2016,0
77,3,27,575,1990,0
77,3,27,575,1991,0
77,3,27,575,1992,0
77,3,27,575,1993,0
77,3,27,575,1994,0
77,3,27,575,1995,0
77,3,27,575,1996,0
77,3,27,575,1997,0
77,3,27,575,1998,0
77,3,27,575,1999,0
77,3,27,575,2000,0
77,3,27,575,2001,0
77,3,27,575,2002,0
77,3,27,575,2003,0
77,3,27,575,2004,0
77,3,27,575,2005,0
77,3,27,575,2006,0
77,3,27,575,2007,0
77,3,27,575,2008,0
77,3,27,575,2009,0
77,3,27,575,2010,0
77,3,27,575,2011,0
77,3,27,575,2012,0
77,3,27,575,2013,0
77,3,27,575,2014,0
77,3,27,575,2015,0
77,3,27,575,2016,0
78,1,22,575,1990,0
78,1,22,575,1991,0
78,1,22,575,1992,0
78,1,22,575,1993,0
78,1,22,575,1994,0
78,1,22,575,1995,0
78,1,22,575,1996,0
78,1,22,575,1997,0
78,1,22,575,1998,0
78,1,22,575,1999,0
78,1,22,575,2000,0
78,1,22,575,2001,0
78,1,22,575,2002,0
78,1,22,575,2003,0
78,1,22,575,2004,0
78,1,22,575,2005,0
78,1,22,575,2006,0
78,1,22,575,2007,0
78,1,22,575,2008,0
78,1,22,575,2009,0
78,1,22,575,2010,0
78,1,22,575,2011,0
78,1,22,575,2012,0
78,1,22,575,2013,0
78,1,22,575,2014,0
78,1,22,575,2015,0
78,1,22,575,2016,0
78,1,27,575,1990,0
78,1,27,575,1991,0
78,1,27,575,1992,0
78,1,27,575,1993,0
78,1,27,575,1994,0
78,1,27,575,1995,0
78,1,27,575,1996,0
78,1,27,575,1997,0
78,1,27,575,1998,0
78,1,27,575,1999,0
78,1,27,575,2000,0
78,1,27,575,2001,0
78,1,27,575,2002,0
78,1,27,575,2003,0
78,1,27,575,2004,0
78,1,27,575,2005,0
78,1,27,575,2006,0
78,1,27,575,2007,0
78,1,27,575,2008,0
78,1,27,575,2009,0
78,1,27,575,2010,0
78,1,27,575,2011,0
78,1,27,575,2012,0
78,1,27,575,2013,0
78,1,27,575,2014,0
78,1,27,575,2015,0
78,1,27,575,2016,0
78,2,22,575,1990,0
78,2,22,575,1991,0
78,2,22,575,1992,0
78,2,22,575,1993,0
78,2,22,575,1994,0
78,2,22,575,1995,0
78,2,22,575,1996,0
78,2,22,575,1997,0
78,2,22,575,1998,0
78,2,22,575,1999,0
78,2,22,575,2000,0
78,2,22,575,2001,0
78,2,22,575,2002,0
78,2,22,575,2003,0
78,2,22,575,2004,0
78,2,22,575,2005,0
78,2,22,575,2006,0
78,2,22,575,2007,0
78,2,22,575,2008,0
78,2,22,575,2009,0
78,2,22,575,2010,0
78,2,22,575,2011,0
78,2,22,575,2012,0
78,2,22,575,2013,0
78,2,22,575,2014,0
78,2,22,575,2015,0
78,2,22,575,2016,0
78,2,27,575,1990,0
78,2,27,575,1991,0
78,2,27,575,1992,0
78,2,27,575,1993,0
78,2,27,575,1994,0
78,2,27,575,1995,0
78,2,27,575,1996,0
78,2,27,575,1997,0
78,2,27,575,1998,0
78,2,27,575,1999,0
78,2,27,575,2000,0
78,2,27,575,2001,0
78,2,27,575,2002,0
78,2,27,575,2003,0
78,2,27,575,2004,0
78,2,27,575,2005,0
78,2,27,575,2006,0
78,2,27,575,2007,0
78,2,27,575,2008,0
78,2,27,575,2009,0
78,2,27,575,2010,0
78,2,27,575,2011,0
78,2,27,575,2012,0
78,2,27,575,2013,0
78,2,27,575,2014,0
78,2,27,575,2015,0
78,2,27,575,2016,0
78,3,22,575,1990,0
78,3,22,575,1991,0
78,3,22,575,1992,0
78,3,22,575,1993,0
78,3,22,575,1994,0
78,3,22,575,1995,0
78,3,22,575,1996,0
78,3,22,575,1997,0
78,3,22,575,1998,0
78,3,22,575,1999,0
78,3,22,575,2000,0
78,3,22,575,2001,0
78,3,22,575,2002,0
78,3,22,575,2003,0
78,3,22,575,2004,0
78,3,22,575,2005,0
78,3,22,575,2006,0
78,3,22,575,2007,0
78,3,22,575,2008,0
78,3,22,575,2009,0
78,3,22,575,2010,0
78,3,22,575,2011,0
78,3,22,575,2012,0
78,3,22,575,2013,0
78,3,22,575,2014,0
78,3,22,575,2015,0
78,3,22,575,2016,0
78,3,27,575,1990,0
78,3,27,575,1991,0
78,3,27,575,1992,0
78,3,27,575,1993,0
78,3,27,575,1994,0
78,3,27,575,1995,0
78,3,27,575,1996,0
78,3,27,575,1997,0
78,3,27,575,1998,0
78,3,27,575,1999,0
78,3,27,575,2000,0
78,3,27,575,2001,0
78,3,27,575,2002,0
78,3,27,575,2003,0
78,3,27,575,2004,0
78,3,27,575,2005,0
78,3,27,575,2006,0
78,3,27,575,2007,0
78,3,27,575,2008,0
78,3,27,575,2009,0
78,3,27,575,2010,0
78,3,27,575,2011,0
78,3,27,575,2012,0
78,3,27,575,2013,0
78,3,27,575,2014,0
78,3,27,575,2015,0
78,3,27,575,2016,0
79,1,22,575,1990,0
79,1,22,575,1991,0
79,1,22,575,1992,0
79,1,22,575,1993,0
79,1,22,575,1994,0
79,1,22,575,1995,0
79,1,22,575,1996,0
79,1,22,575,1997,0
79,1,22,575,1998,0
79,1,22,575,1999,0
79,1,22,575,2000,0
79,1,22,575,2001,0
79,1,22,575,2002,0
79,1,22,575,2003,0
79,1,22,575,2004,0
79,1,22,575,2005,0
79,1,22,575,2006,0
79,1,22,575,2007,0
79,1,22,575,2008,0
79,1,22,575,2009,0
79,1,22,575,2010,0
79,1,22,575,2011,0
79,1,22,575,2012,0
79,1,22,575,2013,0
79,1,22,575,2014,0
79,1,22,575,2015,0
79,1,22,575,2016,0
79,1,27,575,1990,0
79,1,27,575,1991,0
79,1,27,575,1992,0
79,1,27,575,1993,0
79,1,27,575,1994,0
79,1,27,575,1995,0
79,1,27,575,1996,0
79,1,27,575,1997,0
79,1,27,575,1998,0
79,1,27,575,1999,0
79,1,27,575,2000,0
79,1,27,575,2001,0
79,1,27,575,2002,0
79,1,27,575,2003,0
79,1,27,575,2004,0
79,1,27,575,2005,0
79,1,27,575,2006,0
79,1,27,575,2007,0
79,1,27,575,2008,0
79,1,27,575,2009,0
79,1,27,575,2010,0
79,1,27,575,2011,0
79,1,27,575,2012,0
79,1,27,575,2013,0
79,1,27,575,2014,0
79,1,27,575,2015,0
79,1,27,575,2016,0
79,2,22,575,1990,0
79,2,22,575,1991,0
79,2,22,575,1992,0
79,2,22,575,1993,0
79,2,22,575,1994,0
79,2,22,575,1995,0
79,2,22,575,1996,0
79,2,22,575,1997,0
79,2,22,575,1998,0
79,2,22,575,1999,0
79,2,22,575,2000,0
79,2,22,575,2001,0
79,2,22,575,2002,0
79,2,22,575,2003,0
79,2,22,575,2004,0
79,2,22,575,2005,0
79,2,22,575,2006,0
79,2,22,575,2007,0
79,2,22,575,2008,0
79,2,22,575,2009,0
79,2,22,575,2010,0
79,2,22,575,2011,0
79,2,22,575,2012,0
79,2,22,575,2013,0
79,2,22,575,2014,0
79,2,22,575,2015,0
79,2,22,575,2016,0
79,2,27,575,1990,0
79,2,27,575,1991,0
79,2,27,575,1992,0
79,2,27,575,1993,0
79,2,27,575,1994,0
79,2,27,575,1995,0
79,2,27,575,1996,0
79,2,27,575,1997,0
79,2,27,575,1998,0
79,2,27,575,1999,0
79,2,27,575,2000,0
79,2,27,575,2001,0
79,2,27,575,2002,0
79,2,27,575,2003,0
79,2,27,575,2004,0
79,2,27,575,2005,0
79,2,27,575,2006,0
79,2,27,575,2007,0
79,2,27,575,2008,0
79,2,27,575,2009,0
79,2,27,575,2010,0
79,2,27,575,2011,0
79,2,27,575,2012,0
79,2,27,575,2013,0
79,2,27,575,2014,0
79,2,27,575,2015,0
79,2,27,575,2016,0
79,3,22,575,1990,0
79,3,22,575,1991,0
79,3,22,575,1992,0
79,3,22,575,1993,0
79,3,22,575,1994,0
79,3,22,575,1995,0
79,3,22,575,1996,0
79,3,22,575,1997,0
79,3,22,575,1998,0
79,3,22,575,1999,0
79,3,22,575,2000,0
79,3,22,575,2001,0
79,3,22,575,2002,0
79,3,22,575,2003,0
79,3,22,575,2004,0
79,3,22,575,2005,0
79,3,22,575,2006,0
79,3,22,575,2007,0
79,3,22,575,2008,0
79,3,22,575,2009,0
79,3,22,575,2010,0
79,3,22,575,2011,0
79,3,22,575,2012,0
79,3,22,575,2013,0
79,3,22,575,2014,0
79,3,22,575,2015,0
79,3,22,575,2016,0
79,3,27,575,1990,0
79,3,27,575,1991,0
79,3,27,575,1992,0
79,3,27,575,1993,0
79,3,27,575,1994,0
79,3,27,575,1995,0
79,3,27,575,1996,0
79,3,27,575,1997,0
79,3,27,575,1998,0
79,3,27,575,1999,0
79,3,27,575,2000,0
79,3,27,575,2001,0
79,3,27,575,2002,0
79,3,27,575,2003,0
79,3,27,575,2004,0
79,3,27,575,2005,0
79,3,27,575,2006,0
79,3,27,575,2007,0
79,3,27,575,2008,0
79,3,27,575,2009,0
79,3,27,575,2010,0
79,3,27,575,2011,0
79,3,27,575,2012,0
79,3,27,575,2013,0
79,3,27,575,2014,0
79,3,27,575,2015,0
79,3,27,575,2016,0
80,1,22,575,1990,0
80,1,22,575,1991,0
80,1,22,575,1992,0
80,1,22,575,1993,0
80,1,22,575,1994,0
80,1,22,575,1995,0
80,1,22,575,1996,0
80,1,22,575,1997,0
80,1,22,575,1998,0
80,1,22,575,1999,0
80,1,22,575,2000,0
80,1,22,575,2001,0
80,1,22,575,2002,0
80,1,22,575,2003,0
80,1,22,575,2004,0
80,1,22,575,2005,0
80,1,22,575,2006,0
80,1,22,575,2007,0
80,1,22,575,2008,0
80,1,22,575,2009,0
80,1,22,575,2010,0
80,1,22,575,2011,0
80,1,22,575,2012,0
80,1,22,575,2013,0
80,1,22,575,2014,0
80,1,22,575,2015,0
80,1,22,575,2016,0
80,1,27,575,1990,0
80,1,27,575,1991,0
80,1,27,575,1992,0
80,1,27,575,1993,0
80,1,27,575,1994,0
80,1,27,575,1995,0
80,1,27,575,1996,0
80,1,27,575,1997,0
80,1,27,575,1998,0
80,1,27,575,1999,0
80,1,27,575,2000,0
80,1,27,575,2001,0
80,1,27,575,2002,0
80,1,27,575,2003,0
80,1,27,575,2004,0
80,1,27,575,2005,0
80,1,27,575,2006,0
80,1,27,575,2007,0
80,1,27,575,2008,0
80,1,27,575,2009,0
80,1,27,575,2010,0
80,1,27,575,2011,0
80,1,27,575,2012,0
80,1,27,575,2013,0
80,1,27,575,2014,0
80,1,27,575,2015,0
80,1,27,575,2016,0
80,2,22,575,1990,0
80,2,22,575,1991,0
80,2,22,575,1992,0
80,2,22,575,1993,0
80,2,22,575,1994,0
80,2,22,575,1995,0
80,2,22,575,1996,0
80,2,22,575,1997,0
80,2,22,575,1998,0
80,2,22,575,1999,0
80,2,22,575,2000,0
80,2,22,575,2001,0
80,2,22,575,2002,0
80,2,22,575,2003,0
80,2,22,575,2004,0
80,2,22,575,2005,0
80,2,22,575,2006,0
80,2,22,575,2007,0
80,2,22,575,2008,0
80,2,22,575,2009,0
80,2,22,575,2010,0
80,2,22,575,2011,0
80,2,22,575,2012,0
80,2,22,575,2013,0
80,2,22,575,2014,0
80,2,22,575,2015,0
80,2,22,575,2016,0
80,2,27,575,1990,0
80,2,27,575,1991,0
80,2,27,575,1992,0
80,2,27,575,1993,0
80,2,27,575,1994,0
80,2,27,575,1995,0
80,2,27,575,1996,0
80,2,27,575,1997,0
80,2,27,575,1998,0
80,2,27,575,1999,0
80,2,27,575,2000,0
80,2,27,575,2001,0
80,2,27,575,2002,0
80,2,27,575,2003,0
80,2,27,575,2004,0
80,2,27,575,2005,0
80,2,27,575,2006,0
80,2,27,575,2007,0
80,2,27,575,2008,0
80,2,27,575,2009,0
80,2,27,575,2010,0
80,2,27,575,2011,0
80,2,27,575,2012,0
80,2,27,575,2013,0
80,2,27,575,2014,0
80,2,27,575,2015,0
80,2,27,575,2016,0
80,3,22,575,1990,0
80,3,22,575,1991,0
80,3,22,575,1992,0
80,3,22,575,1993,0
80,3,22,575,1994,0
80,3,22,575,1995,0
80,3,22,575,1996,0
80,3,22,575,1997,0
80,3,22,575,1998,0
80,3,22,575,1999,0
80,3,22,575,2000,0
80,3,22,575,2001,0
80,3,22,575,2002,0
80,3,22,575,2003,0
80,3,22,575,2004,0
80,3,22,575,2005,0
80,3,22,575,2006,0
80,3,22,575,2007,0
80,3,22,575,2008,0
80,3,22,575,2009,0
80,3,22,575,2010,0
80,3,22,575,2011,0
80,3,22,575,2012,0
80,3,22,575,2013,0
80,3,22,575,2014,0
80,3,22,575,2015,0
80,3,22,575,2016,0
80,3,27,575,1990,0
80,3,27,575,1991,0
80,3,27,575,1992,0
80,3,27,575,1993,0
80,3,27,575,1994,0
80,3,27,575,1995,0
80,3,27,575,1996,0
80,3,27,575,1997,0
80,3,27,575,1998,0
80,3,27,575,1999,0
80,3,27,575,2000,0
80,3,27,575,2001,0
80,3,27,575,2002,0
80,3,27,575,2003,0
80,3,27,575,2004,0
80,3,27,575,2005,0
80,3,27,575,2006,0
80,3,27,575,2007,0
80,3,27,575,2008,0
80,3,27,575,2009,0
80,3,27,575,2010,0
80,3,27,575,2011,0
80,3,27,575,2012,0
80,3,27,575,2013,0
80,3,27,575,2014,0
80,3,27,575,2015,0
80,3,27,575,2016,0
81,1,22,575,1990,0
81,1,22,575,1991,0
81,1,22,575,1992,0
81,1,22,575,1993,0
81,1,22,575,1994,0
81,1,22,575,1995,0
81,1,22,575,1996,0
81,1,22,575,1997,0
81,1,22,575,1998,0
81,1,22,575,1999,0
81,1,22,575,2000,0
81,1,22,575,2001,0
81,1,22,575,2002,0
81,1,22,575,2003,0
81,1,22,575,2004,0
81,1,22,575,2005,0
81,1,22,575,2006,0
81,1,22,575,2007,0
81,1,22,575,2008,0
81,1,22,575,2009,0
81,1,22,575,2010,0
81,1,22,575,2011,0
81,1,22,575,2012,0
81,1,22,575,2013,0
81,1,22,575,2014,0
81,1,22,575,2015,0
81,1,22,575,2016,0
81,1,27,575,1990,0
81,1,27,575,1991,0
81,1,27,575,1992,0
81,1,27,575,1993,0
81,1,27,575,1994,0
81,1,27,575,1995,0
81,1,27,575,1996,0
81,1,27,575,1997,0
81,1,27,575,1998,0
81,1,27,575,1999,0
81,1,27,575,2000,0
81,1,27,575,2001,0
81,1,27,575,2002,0
81,1,27,575,2003,0
81,1,27,575,2004,0
81,1,27,575,2005,0
81,1,27,575,2006,0
81,1,27,575,2007,0
81,1,27,575,2008,0
81,1,27,575,2009,0
81,1,27,575,2010,0
81,1,27,575,2011,0
81,1,27,575,2012,0
81,1,27,575,2013,0
81,1,27,575,2014,0
81,1,27,575,2015,0
81,1,27,575,2016,0
81,2,22,575,1990,0
81,2,22,575,1991,0
81,2,22,575,1992,0
81,2,22,575,1993,0
81,2,22,575,1994,0
81,2,22,575,1995,0
81,2,22,575,1996,0
81,2,22,575,1997,0
81,2,22,575,1998,0
81,2,22,575,1999,0
81,2,22,575,2000,0
81,2,22,575,2001,0
81,2,22,575,2002,0
81,2,22,575,2003,0
81,2,22,575,2004,0
81,2,22,575,2005,0
81,2,22,575,2006,0
81,2,22,575,2007,0
81,2,22,575,2008,0
81,2,22,575,2009,0
81,2,22,575,2010,0
81,2,22,575,2011,0
81,2,22,575,2012,0
81,2,22,575,2013,0
81,2,22,575,2014,0
81,2,22,575,2015,0
81,2,22,575,2016,0
81,2,27,575,1990,0
81,2,27,575,1991,0
81,2,27,575,1992,0
81,2,27,575,1993,0
81,2,27,575,1994,0
81,2,27,575,1995,0
81,2,27,575,1996,0
81,2,27,575,1997,0
81,2,27,575,1998,0
81,2,27,575,1999,0
81,2,27,575,2000,0
81,2,27,575,2001,0
81,2,27,575,2002,0
81,2,27,575,2003,0
81,2,27,575,2004,0
81,2,27,575,2005,0
81,2,27,575,2006,0
81,2,27,575,2007,0
81,2,27,575,2008,0
81,2,27,575,2009,0
81,2,27,575,2010,0
81,2,27,575,2011,0
81,2,27,575,2012,0
81,2,27,575,2013,0
81,2,27,575,2014,0
81,2,27,575,2015,0
81,2,27,575,2016,0
81,3,22,575,1990,0
81,3,22,575,1991,0
81,3,22,575,1992,0
81,3,22,575,1993,0
81,3,22,575,1994,0
81,3,22,575,1995,0
81,3,22,575,1996,0
81,3,22,575,1997,0
81,3,22,575,1998,0
81,3,22,575,1999,0
81,3,22,575,2000,0
81,3,22,575,2001,0
81,3,22,575,2002,0
81,3,22,575,2003,0
81,3,22,575,2004,0
81,3,22,575,2005,0
81,3,22,575,2006,0
81,3,22,575,2007,0
81,3,22,575,2008,0
81,3,22,575,2009,0
81,3,22,575,2010,0
81,3,22,575,2011,0
81,3,22,575,2012,0
81,3,22,575,2013,0
81,3,22,575,2014,0
81,3,22,575,2015,0
81,3,22,575,2016,0
81,3,27,575,1990,0
81,3,27,575,1991,0
81,3,27,575,1992,0
81,3,27,575,1993,0
81,3,27,575,1994,0
81,3,27,575,1995,0
81,3,27,575,1996,0
81,3,27,575,1997,0
81,3,27,575,1998,0
81,3,27,575,1999,0
81,3,27,575,2000,0
81,3,27,575,2001,0
81,3,27,575,2002,0
81,3,27,575,2003,0
81,3,27,575,2004,0
81,3,27,575,2005,0
81,3,27,575,2006,0
81,3,27,575,2007,0
81,3,27,575,2008,0
81,3,27,575,2009,0
81,3,27,575,2010,0
81,3,27,575,2011,0
81,3,27,575,2012,0
81,3,27,575,2013,0
81,3,27,575,2014,0
81,3,27,575,2015,0
81,3,27,575,2016,0
82,1,22,575,1990,0
82,1,22,575,1991,0
82,1,22,575,1992,0
82,1,22,575,1993,0
82,1,22,575,1994,0
82,1,22,575,1995,0
82,1,22,575,1996,0
82,1,22,575,1997,0
82,1,22,575,1998,0
82,1,22,575,1999,0
82,1,22,575,2000,0
82,1,22,575,2001,0
82,1,22,575,2002,0
82,1,22,575,2003,0
82,1,22,575,2004,0
82,1,22,575,2005,0
82,1,22,575,2006,0
82,1,22,575,2007,0
82,1,22,575,2008,0
82,1,22,575,2009,0
82,1,22,575,2010,0
82,1,22,575,2011,0
82,1,22,575,2012,0
82,1,22,575,2013,0
82,1,22,575,2014,0
82,1,22,575,2015,0
82,1,22,575,2016,0
82,1,27,575,1990,0
82,1,27,575,1991,0
82,1,27,575,1992,0
82,1,27,575,1993,0
82,1,27,575,1994,0
82,1,27,575,1995,0
82,1,27,575,1996,0
82,1,27,575,1997,0
82,1,27,575,1998,0
82,1,27,575,1999,0
82,1,27,575,2000,0
82,1,27,575,2001,0
82,1,27,575,2002,0
82,1,27,575,2003,0
82,1,27,575,2004,0
82,1,27,575,2005,0
82,1,27,575,2006,0
82,1,27,575,2007,0
82,1,27,575,2008,0
82,1,27,575,2009,0
82,1,27,575,2010,0
82,1,27,575,2011,0
82,1,27,575,2012,0
82,1,27,575,2013,0
82,1,27,575,2014,0
82,1,27,575,2015,0
82,1,27,575,2016,0
82,2,22,575,1990,0
82,2,22,575,1991,0
82,2,22,575,1992,0
82,2,22,575,1993,0
82,2,22,575,1994,0
82,2,22,575,1995,0
82,2,22,575,1996,0
82,2,22,575,1997,0
82,2,22,575,1998,0
82,2,22,575,1999,0
82,2,22,575,2000,0
82,2,22,575,2001,0
82,2,22,575,2002,0
82,2,22,575,2003,0
82,2,22,575,2004,0
82,2,22,575,2005,0
82,2,22,575,2006,0
82,2,22,575,2007,0
82,2,22,575,2008,0
82,2,22,575,2009,0
82,2,22,575,2010,0
82,2,22,575,2011,0
82,2,22,575,2012,0
82,2,22,575,2013,0
82,2,22,575,2014,0
82,2,22,575,2015,0
82,2,22,575,2016,0
82,2,27,575,1990,0
82,2,27,575,1991,0
82,2,27,575,1992,0
82,2,27,575,1993,0
82,2,27,575,1994,0
82,2,27,575,1995,0
82,2,27,575,1996,0
82,2,27,575,1997,0
82,2,27,575,1998,0
82,2,27,575,1999,0
82,2,27,575,2000,0
82,2,27,575,2001,0
82,2,27,575,2002,0
82,2,27,575,2003,0
82,2,27,575,2004,0
82,2,27,575,2005,0
82,2,27,575,2006,0
82,2,27,575,2007,0
82,2,27,575,2008,0
82,2,27,575,2009,0
82,2,27,575,2010,0
82,2,27,575,2011,0
82,2,27,575,2012,0
82,2,27,575,2013,0
82,2,27,575,2014,0
82,2,27,575,2015,0
82,2,27,575,2016,0
82,3,22,575,1990,0
82,3,22,575,1991,0
82,3,22,575,1992,0
82,3,22,575,1993,0
82,3,22,575,1994,0
82,3,22,575,1995,0
82,3,22,575,1996,0
82,3,22,575,1997,0
82,3,22,575,1998,0
82,3,22,575,1999,0
82,3,22,575,2000,0
82,3,22,575,2001,0
82,3,22,575,2002,0
82,3,22,575,2003,0
82,3,22,575,2004,0
82,3,22,575,2005,0
82,3,22,575,2006,0
82,3,22,575,2007,0
82,3,22,575,2008,0
82,3,22,575,2009,0
82,3,22,575,2010,0
82,3,22,575,2011,0
82,3,22,575,2012,0
82,3,22,575,2013,0
82,3,22,575,2014,0
82,3,22,575,2015,0
82,3,22,575,2016,0
82,3,27,575,1990,0
82,3,27,575,1991,0
82,3,27,575,1992,0
82,3,27,575,1993,0
82,3,27,575,1994,0
82,3,27,575,1995,0
82,3,27,575,1996,0
82,3,27,575,1997,0
82,3,27,575,1998,0
82,3,27,575,1999,0
82,3,27,575,2000,0
82,3,27,575,2001,0
82,3,27,575,2002,0
82,3,27,575,2003,0
82,3,27,575,2004,0
82,3,27,575,2005,0
82,3,27,575,2006,0
82,3,27,575,2007,0
82,3,27,575,2008,0
82,3,27,575,2009,0
82,3,27,575,2010,0
82,3,27,575,2011,0
82,3,27,575,2012,0
82,3,27,575,2013,0
82,3,27,575,2014,0
82,3,27,575,2015,0
82,3,27,575,2016,0
83,1,22,575,1990,0
83,1,22,575,1991,0
83,1,22,575,1992,0
83,1,22,575,1993,0
83,1,22,575,1994,0
83,1,22,575,1995,0
83,1,22,575,1996,0
83,1,22,575,1997,0
83,1,22,575,1998,0
83,1,22,575,1999,0
83,1,22,575,2000,0
83,1,22,575,2001,0
83,1,22,575,2002,0
83,1,22,575,2003,0
83,1,22,575,2004,0
83,1,22,575,2005,0
83,1,22,575,2006,0
83,1,22,575,2007,0
83,1,22,575,2008,0
83,1,22,575,2009,0
83,1,22,575,2010,0
83,1,22,575,2011,0
83,1,22,575,2012,0
83,1,22,575,2013,0
83,1,22,575,2014,0
83,1,22,575,2015,0
83,1,22,575,2016,0
83,1,27,575,1990,0
83,1,27,575,1991,0
83,1,27,575,1992,0
83,1,27,575,1993,0
83,1,27,575,1994,0
83,1,27,575,1995,0
83,1,27,575,1996,0
83,1,27,575,1997,0
83,1,27,575,1998,0
83,1,27,575,1999,0
83,1,27,575,2000,0
83,1,27,575,2001,0
83,1,27,575,2002,0
83,1,27,575,2003,0
83,1,27,575,2004,0
83,1,27,575,2005,0
83,1,27,575,2006,0
83,1,27,575,2007,0
83,1,27,575,2008,0
83,1,27,575,2009,0
83,1,27,575,2010,0
83,1,27,575,2011,0
83,1,27,575,2012,0
83,1,27,575,2013,0
83,1,27,575,2014,0
83,1,27,575,2015,0
83,1,27,575,2016,0
83,2,22,575,1990,0
83,2,22,575,1991,0
83,2,22,575,1992,0
83,2,22,575,1993,0
83,2,22,575,1994,0
83,2,22,575,1995,0
83,2,22,575,1996,0
83,2,22,575,1997,0
83,2,22,575,1998,0
83,2,22,575,1999,0
83,2,22,575,2000,0
83,2,22,575,2001,0
83,2,22,575,2002,0
83,2,22,575,2003,0
83,2,22,575,2004,0
83,2,22,575,2005,0
83,2,22,575,2006,0
83,2,22,575,2007,0
83,2,22,575,2008,0
83,2,22,575,2009,0
83,2,22,575,2010,0
83,2,22,575,2011,0
83,2,22,575,2012,0
83,2,22,575,2013,0
83,2,22,575,2014,0
83,2,22,575,2015,0
83,2,22,575,2016,0
83,2,27,575,1990,0
83,2,27,575,1991,0
83,2,27,575,1992,0
83,2,27,575,1993,0
83,2,27,575,1994,0
83,2,27,575,1995,0
83,2,27,575,1996,0
83,2,27,575,1997,0
83,2,27,575,1998,0
83,2,27,575,1999,0
83,2,27,575,2000,0
83,2,27,575,2001,0
83,2,27,575,2002,0
83,2,27,575,2003,0
83,2,27,575,2004,0
83,2,27,575,2005,0
83,2,27,575,2006,0
83,2,27,575,2007,0
83,2,27,575,2008,0
83,2,27,575,2009,0
83,2,27,575,2010,0
83,2,27,575,2011,0
83,2,27,575,2012,0
83,2,27,575,2013,0
83,2,27,575,2014,0
83,2,27,575,2015,0
83,2,27,575,2016,0
83,3,22,575,1990,0
83,3,22,575,1991,0
83,3,22,575,1992,0
83,3,22,575,1993,0
83,3,22,575,1994,0
83,3,22,575,1995,0
83,3,22,575,1996,0
83,3,22,575,1997,0
83,3,22,575,1998,0
83,3,22,575,1999,0
83,3,22,575,2000,0
83,3,22,575,2001,0
83,3,22,575,2002,0
83,3,22,575,2003,0
83,3,22,575,2004,0
83,3,22,575,2005,0
83,3,22,575,2006,0
83,3,22,575,2007,0
83,3,22,575,2008,0
83,3,22,575,2009,0
83,3,22,575,2010,0
83,3,22,575,2011,0
83,3,22,575,2012,0
83,3,22,575,2013,0
83,3,22,575,2014,0
83,3,22,575,2015,0
83,3,22,575,2016,0
83,3,27,575,1990,0
83,3,27,575,1991,0
83,3,27,575,1992,0
83,3,27,575,1993,0
83,3,27,575,1994,0
83,3,27,575,1995,0
83,3,27,575,1996,0
83,3,27,575,1997,0
83,3,27,575,1998,0
83,3,27,575,1999,0
83,3,27,575,2000,0
83,3,27,575,2001,0
83,3,27,575,2002,0
83,3,27,575,2003,0
83,3,27,575,2004,0
83,3,27,575,2005,0
83,3,27,575,2006,0
83,3,27,575,2007,0
83,3,27,575,2008,0
83,3,27,575,2009,0
83,3,27,575,2010,0
83,3,27,575,2011,0
83,3,27,575,2012,0
83,3,27,575,2013,0
83,3,27,575,2014,0
83,3,27,575,2015,0
83,3,27,575,2016,0
84,1,22,575,1990,0
84,1,22,575,1991,0
84,1,22,575,1992,0
84,1,22,575,1993,0
84,1,22,575,1994,0
84,1,22,575,1995,0
84,1,22,575,1996,0
84,1,22,575,1997,0
84,1,22,575,1998,0
84,1,22,575,1999,0
84,1,22,575,2000,0
84,1,22,575,2001,0
84,1,22,575,2002,0
84,1,22,575,2003,0
84,1,22,575,2004,0
84,1,22,575,2005,0
84,1,22,575,2006,0
84,1,22,575,2007,0
84,1,22,575,2008,0
84,1,22,575,2009,0
84,1,22,575,2010,0
84,1,22,575,2011,0
84,1,22,575,2012,0
84,1,22,575,2013,0
84,1,22,575,2014,0
84,1,22,575,2015,0
84,1,22,575,2016,0
84,1,27,575,1990,0
84,1,27,575,1991,0
84,1,27,575,1992,0
84,1,27,575,1993,0
84,1,27,575,1994,0
84,1,27,575,1995,0
84,1,27,575,1996,0
84,1,27,575,1997,0
84,1,27,575,1998,0
84,1,27,575,1999,0
84,1,27,575,2000,0
84,1,27,575,2001,0
84,1,27,575,2002,0
84,1,27,575,2003,0
84,1,27,575,2004,0
84,1,27,575,2005,0
84,1,27,575,2006,0
84,1,27,575,2007,0
84,1,27,575,2008,0
84,1,27,575,2009,0
84,1,27,575,2010,0
84,1,27,575,2011,0
84,1,27,575,2012,0
84,1,27,575,2013,0
84,1,27,575,2014,0
84,1,27,575,2015,0
84,1,27,575,2016,0
84,2,22,575,1990,0
84,2,22,575,1991,0
84,2,22,575,1992,0
84,2,22,575,1993,0
84,2,22,575,1994,0
84,2,22,575,1995,0
84,2,22,575,1996,0
84,2,22,575,1997,0
84,2,22,575,1998,0
84,2,22,575,1999,0
84,2,22,575,2000,0
84,2,22,575,2001,0
84,2,22,575,2002,0
84,2,22,575,2003,0
84,2,22,575,2004,0
84,2,22,575,2005,0
84,2,22,575,2006,0
84,2,22,575,2007,0
84,2,22,575,2008,0
84,2,22,575,2009,0
84,2,22,575,2010,0
84,2,22,575,2011,0
84,2,22,575,2012,0
84,2,22,575,2013,0
84,2,22,575,2014,0
84,2,22,575,2015,0
84,2,22,575,2016,0
84,2,27,575,1990,0
84,2,27,575,1991,0
84,2,27,575,1992,0
84,2,27,575,1993,0
84,2,27,575,1994,0
84,2,27,575,1995,0
84,2,27,575,1996,0
84,2,27,575,1997,0
84,2,27,575,1998,0
84,2,27,575,1999,0
84,2,27,575,2000,0
84,2,27,575,2001,0
84,2,27,575,2002,0
84,2,27,575,2003,0
84,2,27,575,2004,0
84,2,27,575,2005,0
84,2,27,575,2006,0
84,2,27,575,2007,0
84,2,27,575,2008,0
84,2,27,575,2009,0
84,2,27,575,2010,0
84,2,27,575,2011,0
84,2,27,575,2012,0
84,2,27,575,2013,0
84,2,27,575,2014,0
84,2,27,575,2015,0
84,2,27,575,2016,0
84,3,22,575,1990,0
84,3,22,575,1991,0
84,3,22,575,1992,0
84,3,22,575,1993,0
84,3,22,575,1994,0
84,3,22,575,1995,0
84,3,22,575,1996,0
84,3,22,575,1997,0
84,3,22,575,1998,0
84,3,22,575,1999,0
84,3,22,575,2000,0
84,3,22,575,2001,0
84,3,22,575,2002,0
84,3,22,575,2003,0
84,3,22,575,2004,0
84,3,22,575,2005,0
84,3,22,575,2006,0
84,3,22,575,2007,0
84,3,22,575,2008,0
84,3,22,575,2009,0
84,3,22,575,2010,0
84,3,22,575,2011,0
84,3,22,575,2012,0
84,3,22,575,2013,0
84,3,22,575,2014,0
84,3,22,575,2015,0
84,3,22,575,2016,0
84,3,27,575,1990,0
84,3,27,575,1991,0
84,3,27,575,1992,0
84,3,27,575,1993,0
84,3,27,575,1994,0
84,3,27,575,1995,0
84,3,27,575,1996,0
84,3,27,575,1997,0
84,3,27,575,1998,0
84,3,27,575,1999,0
84,3,27,575,2000,0
84,3,27,575,2001,0
84,3,27,575,2002,0
84,3,27,575,2003,0
84,3,27,575,2004,0
84,3,27,575,2005,0
84,3,27,575,2006,0
84,3,27,575,2007,0
84,3,27,575,2008,0
84,3,27,575,2009,0
84,3,27,575,2010,0
84,3,27,575,2011,0
84,3,27,575,2012,0
84,3,27,575,2013,0
84,3,27,575,2014,0
84,3,27,575,2015,0
84,3,27,575,2016,0
85,1,22,575,1990,0
85,1,22,575,1991,0
85,1,22,575,1992,0
85,1,22,575,1993,0
85,1,22,575,1994,0
85,1,22,575,1995,0
85,1,22,575,1996,0
85,1,22,575,1997,0
85,1,22,575,1998,0
85,1,22,575,1999,0
85,1,22,575,2000,0
85,1,22,575,2001,0
85,1,22,575,2002,0
85,1,22,575,2003,0
85,1,22,575,2004,0
85,1,22,575,2005,0
85,1,22,575,2006,0
85,1,22,575,2007,0
85,1,22,575,2008,0
85,1,22,575,2009,0
85,1,22,575,2010,0
85,1,22,575,2011,0
85,1,22,575,2012,0
85,1,22,575,2013,0
85,1,22,575,2014,0
85,1,22,575,2015,0
85,1,22,575,2016,0
85,1,27,575,1990,0
85,1,27,575,1991,0
85,1,27,575,1992,0
85,1,27,575,1993,0
85,1,27,575,1994,0
85,1,27,575,1995,0
85,1,27,575,1996,0
85,1,27,575,1997,0
85,1,27,575,1998,0
85,1,27,575,1999,0
85,1,27,575,2000,0
85,1,27,575,2001,0
85,1,27,575,2002,0
85,1,27,575,2003,0
85,1,27,575,2004,0
85,1,27,575,2005,0
85,1,27,575,2006,0
85,1,27,575,2007,0
85,1,27,575,2008,0
85,1,27,575,2009,0
85,1,27,575,2010,0
85,1,27,575,2011,0
85,1,27,575,2012,0
85,1,27,575,2013,0
85,1,27,575,2014,0
85,1,27,575,2015,0
85,1,27,575,2016,0
85,2,22,575,1990,0
85,2,22,575,1991,0
85,2,22,575,1992,0
85,2,22,575,1993,0
85,2,22,575,1994,0
85,2,22,575,1995,0
85,2,22,575,1996,0
85,2,22,575,1997,0
85,2,22,575,1998,0
85,2,22,575,1999,0
85,2,22,575,2000,0
85,2,22,575,2001,0
85,2,22,575,2002,0
85,2,22,575,2003,0
85,2,22,575,2004,0
85,2,22,575,2005,0
85,2,22,575,2006,0
85,2,22,575,2007,0
85,2,22,575,2008,0
85,2,22,575,2009,0
85,2,22,575,2010,0
85,2,22,575,2011,0
85,2,22,575,2012,0
85,2,22,575,2013,0
85,2,22,575,2014,0
85,2,22,575,2015,0
85,2,22,575,2016,0
85,2,27,575,1990,0
85,2,27,575,1991,0
85,2,27,575,1992,0
85,2,27,575,1993,0
85,2,27,575,1994,0
85,2,27,575,1995,0
85,2,27,575,1996,0
85,2,27,575,1997,0
85,2,27,575,1998,0
85,2,27,575,1999,0
85,2,27,575,2000,0
85,2,27,575,2001,0
85,2,27,575,2002,0
85,2,27,575,2003,0
85,2,27,575,2004,0
85,2,27,575,2005,0
85,2,27,575,2006,0
85,2,27,575,2007,0
85,2,27,575,2008,0
85,2,27,575,2009,0
85,2,27,575,2010,0
85,2,27,575,2011,0
85,2,27,575,2012,0
85,2,27,575,2013,0
85,2,27,575,2014,0
85,2,27,575,2015,0
85,2,27,575,2016,0
85,3,22,575,1990,0
85,3,22,575,1991,0
85,3,22,575,1992,0
85,3,22,575,1993,0
85,3,22,575,1994,0
85,3,22,575,1995,0
85,3,22,575,1996,0
85,3,22,575,1997,0
85,3,22,575,1998,0
85,3,22,575,1999,0
85,3,22,575,2000,0
85,3,22,575,2001,0
85,3,22,575,2002,0
85,3,22,575,2003,0
85,3,22,575,2004,0
85,3,22,575,2005,0
85,3,22,575,2006,0
85,3,22,575,2007,0
85,3,22,575,2008,0
85,3,22,575,2009,0
85,3,22,575,2010,0
85,3,22,575,2011,0
85,3,22,575,2012,0
85,3,22,575,2013,0
85,3,22,575,2014,0
85,3,22,575,2015,0
85,3,22,575,2016,0
85,3,27,575,1990,0
85,3,27,575,1991,0
85,3,27,575,1992,0
85,3,27,575,1993,0
85,3,27,575,1994,0
85,3,27,575,1995,0
85,3,27,575,1996,0
85,3,27,575,1997,0
85,3,27,575,1998,0
85,3,27,575,1999,0
85,3,27,575,2000,0
85,3,27,575,2001,0
85,3,27,575,2002,0
85,3,27,575,2003,0
85,3,27,575,2004,0
85,3,27,575,2005,0
85,3,27,575,2006,0
85,3,27,575,2007,0
85,3,27,575,2008,0
85,3,27,575,2009,0
85,3,27,575,2010,0
85,3,27,575,2011,0
85,3,27,575,2012,0
85,3,27,575,2013,0
85,3,27,575,2014,0
85,3,27,575,2015,0
85,3,27,575,2016,0
86,1,22,575,1990,0
86,1,22,575,1991,0
86,1,22,575,1992,0
86,1,22,575,1993,0
86,1,22,575,1994,0
86,1,22,575,1995,0
86,1,22,575,1996,0
86,1,22,575,1997,0
86,1,22,575,1998,0
86,1,22,575,1999,0
86,1,22,575,2000,0
86,1,22,575,2001,0
86,1,22,575,2002,0
86,1,22,575,2003,0
86,1,22,575,2004,0
86,1,22,575,2005,0
86,1,22,575,2006,0
86,1,22,575,2007,0
86,1,22,575,2008,0
86,1,22,575,2009,0
86,1,22,575,2010,0
86,1,22,575,2011,0
86,1,22,575,2012,0
86,1,22,575,2013,0
86,1,22,575,2014,0
86,1,22,575,2015,0
86,1,22,575,2016,0
86,1,27,575,1990,0
86,1,27,575,1991,0
86,1,27,575,1992,0
86,1,27,575,1993,0
86,1,27,575,1994,0
86,1,27,575,1995,0
86,1,27,575,1996,0
86,1,27,575,1997,0
86,1,27,575,1998,0
86,1,27,575,1999,0
86,1,27,575,2000,0
86,1,27,575,2001,0
86,1,27,575,2002,0
86,1,27,575,2003,0
86,1,27,575,2004,0
86,1,27,575,2005,0
86,1,27,575,2006,0
86,1,27,575,2007,0
86,1,27,575,2008,0
86,1,27,575,2009,0
86,1,27,575,2010,0
86,1,27,575,2011,0
86,1,27,575,2012,0
86,1,27,575,2013,0
86,1,27,575,2014,0
86,1,27,575,2015,0
86,1,27,575,2016,0
86,2,22,575,1990,0
86,2,22,575,1991,0
86,2,22,575,1992,0
86,2,22,575,1993,0
86,2,22,575,1994,0
86,2,22,575,1995,0
86,2,22,575,1996,0
86,2,22,575,1997,0
86,2,22,575,1998,0
86,2,22,575,1999,0
86,2,22,575,2000,0
86,2,22,575,2001,0
86,2,22,575,2002,0
86,2,22,575,2003,0
86,2,22,575,2004,0
86,2,22,575,2005,0
86,2,22,575,2006,0
86,2,22,575,2007,0
86,2,22,575,2008,0
86,2,22,575,2009,0
86,2,22,575,2010,0
86,2,22,575,2011,0
86,2,22,575,2012,0
86,2,22,575,2013,0
86,2,22,575,2014,0
86,2,22,575,2015,0
86,2,22,575,2016,0
86,2,27,575,1990,0
86,2,27,575,1991,0
86,2,27,575,1992,0
86,2,27,575,1993,0
86,2,27,575,1994,0
86,2,27,575,1995,0
86,2,27,575,1996,0
86,2,27,575,1997,0
86,2,27,575,1998,0
86,2,27,575,1999,0
86,2,27,575,2000,0
86,2,27,575,2001,0
86,2,27,575,2002,0
86,2,27,575,2003,0
86,2,27,575,2004,0
86,2,27,575,2005,0
86,2,27,575,2006,0
86,2,27,575,2007,0
86,2,27,575,2008,0
86,2,27,575,2009,0
86,2,27,575,2010,0
86,2,27,575,2011,0
86,2,27,575,2012,0
86,2,27,575,2013,0
86,2,27,575,2014,0
86,2,27,575,2015,0
86,2,27,575,2016,0
86,3,22,575,1990,0
86,3,22,575,1991,0
86,3,22,575,1992,0
86,3,22,575,1993,0
86,3,22,575,1994,0
86,3,22,575,1995,0
86,3,22,575,1996,0
86,3,22,575,1997,0
86,3,22,575,1998,0
86,3,22,575,1999,0
86,3,22,575,2000,0
86,3,22,575,2001,0
86,3,22,575,2002,0
86,3,22,575,2003,0
86,3,22,575,2004,0
86,3,22,575,2005,0
86,3,22,575,2006,0
86,3,22,575,2007,0
86,3,22,575,2008,0
86,3,22,575,2009,0
86,3,22,575,2010,0
86,3,22,575,2011,0
86,3,22,575,2012,0
86,3,22,575,2013,0
86,3,22,575,2014,0
86,3,22,575,2015,0
86,3,22,575,2016,0
86,3,27,575,1990,0
86,3,27,575,1991,0
86,3,27,575,1992,0
86,3,27,575,1993,0
86,3,27,575,1994,0
86,3,27,575,1995,0
86,3,27,575,1996,0
86,3,27,575,1997,0
86,3,27,575,1998,0
86,3,27,575,1999,0
86,3,27,575,2000,0
86,3,27,575,2001,0
86,3,27,575,2002,0
86,3,27,575,2003,0
86,3,27,575,2004,0
86,3,27,575,2005,0
86,3,27,575,2006,0
86,3,27,575,2007,0
86,3,27,575,2008,0
86,3,27,575,2009,0
86,3,27,575,2010,0
86,3,27,575,2011,0
86,3,27,575,2012,0
86,3,27,575,2013,0
86,3,27,575,2014,0
86,3,27,575,2015,0
86,3,27,575,2016,0
87,1,22,575,1990,0
87,1,22,575,1991,0
87,1,22,575,1992,0
87,1,22,575,1993,0
87,1,22,575,1994,0
87,1,22,575,1995,0
87,1,22,575,1996,0
87,1,22,575,1997,0
87,1,22,575,1998,0
87,1,22,575,1999,0
87,1,22,575,2000,0
87,1,22,575,2001,0
87,1,22,575,2002,0
87,1,22,575,2003,0
87,1,22,575,2004,0
87,1,22,575,2005,0
87,1,22,575,2006,0
87,1,22,575,2007,0
87,1,22,575,2008,0
87,1,22,575,2009,0
87,1,22,575,2010,0
87,1,22,575,2011,0
87,1,22,575,2012,0
87,1,22,575,2013,0
87,1,22,575,2014,0
87,1,22,575,2015,0
87,1,22,575,2016,0
87,1,27,575,1990,0
87,1,27,575,1991,0
87,1,27,575,1992,0
87,1,27,575,1993,0
87,1,27,575,1994,0
87,1,27,575,1995,0
87,1,27,575,1996,0
87,1,27,575,1997,0
87,1,27,575,1998,0
87,1,27,575,1999,0
87,1,27,575,2000,0
87,1,27,575,2001,0
87,1,27,575,2002,0
87,1,27,575,2003,0
87,1,27,575,2004,0
87,1,27,575,2005,0
87,1,27,575,2006,0
87,1,27,575,2007,0
87,1,27,575,2008,0
87,1,27,575,2009,0
87,1,27,575,2010,0
87,1,27,575,2011,0
87,1,27,575,2012,0
87,1,27,575,2013,0
87,1,27,575,2014,0
87,1,27,575,2015,0
87,1,27,575,2016,0
87,2,22,575,1990,0
87,2,22,575,1991,0
87,2,22,575,1992,0
87,2,22,575,1993,0
87,2,22,575,1994,0
87,2,22,575,1995,0
87,2,22,575,1996,0
87,2,22,575,1997,0
87,2,22,575,1998,0
87,2,22,575,1999,0
87,2,22,575,2000,0
87,2,22,575,2001,0
87,2,22,575,2002,0
87,2,22,575,2003,0
87,2,22,575,2004,0
87,2,22,575,2005,0
87,2,22,575,2006,0
87,2,22,575,2007,0
87,2,22,575,2008,0
87,2,22,575,2009,0
87,2,22,575,2010,0
87,2,22,575,2011,0
87,2,22,575,2012,0
87,2,22,575,2013,0
87,2,22,575,2014,0
87,2,22,575,2015,0
87,2,22,575,2016,0
87,2,27,575,1990,0
87,2,27,575,1991,0
87,2,27,575,1992,0
87,2,27,575,1993,0
87,2,27,575,1994,0
87,2,27,575,1995,0
87,2,27,575,1996,0
87,2,27,575,1997,0
87,2,27,575,1998,0
87,2,27,575,1999,0
87,2,27,575,2000,0
87,2,27,575,2001,0
87,2,27,575,2002,0
87,2,27,575,2003,0
87,2,27,575,2004,0
87,2,27,575,2005,0
87,2,27,575,2006,0
87,2,27,575,2007,0
87,2,27,575,2008,0
87,2,27,575,2009,0
87,2,27,575,2010,0
87,2,27,575,2011,0
87,2,27,575,2012,0
87,2,27,575,2013,0
87,2,27,575,2014,0
87,2,27,575,2015,0
87,2,27,575,2016,0
87,3,22,575,1990,0
87,3,22,575,1991,0
87,3,22,575,1992,0
87,3,22,575,1993,0
87,3,22,575,1994,0
87,3,22,575,1995,0
87,3,22,575,1996,0
87,3,22,575,1997,0
87,3,22,575,1998,0
87,3,22,575,1999,0
87,3,22,575,2000,0
87,3,22,575,2001,0
87,3,22,575,2002,0
87,3,22,575,2003,0
87,3,22,575,2004,0
87,3,22,575,2005,0
87,3,22,575,2006,0
87,3,22,575,2007,0
87,3,22,575,2008,0
87,3,22,575,2009,0
87,3,22,575,2010,0
87,3,22,575,2011,0
87,3,22,575,2012,0
87,3,22,575,2013,0
87,3,22,575,2014,0
87,3,22,575,2015,0
87,3,22,575,2016,0
87,3,27,575,1990,0
87,3,27,575,1991,0
87,3,27,575,1992,0
87,3,27,575,1993,0
87,3,27,575,1994,0
87,3,27,575,1995,0
87,3,27,575,1996,0
87,3,27,575,1997,0
87,3,27,575,1998,0
87,3,27,575,1999,0
87,3,27,575,2000,0
87,3,27,575,2001,0
87,3,27,575,2002,0
87,3,27,575,2003,0
87,3,27,575,2004,0
87,3,27,575,2005,0
87,3,27,575,2006,0
87,3,27,575,2007,0
87,3,27,575,2008,0
87,3,27,575,2009,0
87,3,27,575,2010,0
87,3,27,575,2011,0
87,3,27,575,2012,0
87,3,27,575,2013,0
87,3,27,575,2014,0
87,3,27,575,2015,0
87,3,27,575,2016,0
88,1,22,575,1990,0
88,1,22,575,1991,0
88,1,22,575,1992,0
88,1,22,575,1993,0
88,1,22,575,1994,0
88,1,22,575,1995,0
88,1,22,575,1996,0
88,1,22,575,1997,0
88,1,22,575,1998,0
88,1,22,575,1999,0
88,1,22,575,2000,0
88,1,22,575,2001,0
88,1,22,575,2002,0
88,1,22,575,2003,0
88,1,22,575,2004,0
88,1,22,575,2005,0
88,1,22,575,2006,0
88,1,22,575,2007,0
88,1,22,575,2008,0
88,1,22,575,2009,0
88,1,22,575,2010,0
88,1,22,575,2011,0
88,1,22,575,2012,0
88,1,22,575,2013,0
88,1,22,575,2014,0
88,1,22,575,2015,0
88,1,22,575,2016,0
88,1,27,575,1990,0
88,1,27,575,1991,0
88,1,27,575,1992,0
88,1,27,575,1993,0
88,1,27,575,1994,0
88,1,27,575,1995,0
88,1,27,575,1996,0
88,1,27,575,1997,0
88,1,27,575,1998,0
88,1,27,575,1999,0
88,1,27,575,2000,0
88,1,27,575,2001,0
88,1,27,575,2002,0
88,1,27,575,2003,0
88,1,27,575,2004,0
88,1,27,575,2005,0
88,1,27,575,2006,0
88,1,27,575,2007,0
88,1,27,575,2008,0
88,1,27,575,2009,0
88,1,27,575,2010,0
88,1,27,575,2011,0
88,1,27,575,2012,0
88,1,27,575,2013,0
88,1,27,575,2014,0
88,1,27,575,2015,0
88,1,27,575,2016,0
88,2,22,575,1990,0
88,2,22,575,1991,0
88,2,22,575,1992,0
88,2,22,575,1993,0
88,2,22,575,1994,0
88,2,22,575,1995,0
88,2,22,575,1996,0
88,2,22,575,1997,0
88,2,22,575,1998,0
88,2,22,575,1999,0
88,2,22,575,2000,0
88,2,22,575,2001,0
88,2,22,575,2002,0
88,2,22,575,2003,0
88,2,22,575,2004,0
88,2,22,575,2005,0
88,2,22,575,2006,0
88,2,22,575,2007,0
88,2,22,575,2008,0
88,2,22,575,2009,0
88,2,22,575,2010,0
88,2,22,575,2011,0
88,2,22,575,2012,0
88,2,22,575,2013,0
88,2,22,575,2014,0
88,2,22,575,2015,0
88,2,22,575,2016,0
88,2,27,575,1990,0
88,2,27,575,1991,0
88,2,27,575,1992,0
88,2,27,575,1993,0
88,2,27,575,1994,0
88,2,27,575,1995,0
88,2,27,575,1996,0
88,2,27,575,1997,0
88,2,27,575,1998,0
88,2,27,575,1999,0
88,2,27,575,2000,0
88,2,27,575,2001,0
88,2,27,575,2002,0
88,2,27,575,2003,0
88,2,27,575,2004,0
88,2,27,575,2005,0
88,2,27,575,2006,0
88,2,27,575,2007,0
88,2,27,575,2008,0
88,2,27,575,2009,0
88,2,27,575,2010,0
88,2,27,575,2011,0
88,2,27,575,2012,0
88,2,27,575,2013,0
88,2,27,575,2014,0
88,2,27,575,2015,0
88,2,27,575,2016,0
88,3,22,575,1990,0
88,3,22,575,1991,0
88,3,22,575,1992,0
88,3,22,575,1993,0
88,3,22,575,1994,0
88,3,22,575,1995,0
88,3,22,575,1996,0
88,3,22,575,1997,0
88,3,22,575,1998,0
88,3,22,575,1999,0
88,3,22,575,2000,0
88,3,22,575,2001,0
88,3,22,575,2002,0
88,3,22,575,2003,0
88,3,22,575,2004,0
88,3,22,575,2005,0
88,3,22,575,2006,0
88,3,22,575,2007,0
88,3,22,575,2008,0
88,3,22,575,2009,0
88,3,22,575,2010,0
88,3,22,575,2011,0
88,3,22,575,2012,0
88,3,22,575,2013,0
88,3,22,575,2014,0
88,3,22,575,2015,0
88,3,22,575,2016,0
88,3,27,575,1990,0
88,3,27,575,1991,0
88,3,27,575,1992,0
88,3,27,575,1993,0
88,3,27,575,1994,0
88,3,27,575,1995,0
88,3,27,575,1996,0
88,3,27,575,1997,0
88,3,27,575,1998,0
88,3,27,575,1999,0
88,3,27,575,2000,0
88,3,27,575,2001,0
88,3,27,575,2002,0
88,3,27,575,2003,0
88,3,27,575,2004,0
88,3,27,575,2005,0
88,3,27,575,2006,0
88,3,27,575,2007,0
88,3,27,575,2008,0
88,3,27,575,2009,0
88,3,27,575,2010,0
88,3,27,575,2011,0
88,3,27,575,2012,0
88,3,27,575,2013,0
88,3,27,575,2014,0
88,3,27,575,2015,0
88,3,27,575,2016,0
89,1,22,575,1990,0
89,1,22,575,1991,0
89,1,22,575,1992,0
89,1,22,575,1993,0
89,1,22,575,1994,0
89,1,22,575,1995,0
89,1,22,575,1996,0
89,1,22,575,1997,0
89,1,22,575,1998,0
89,1,22,575,1999,0
89,1,22,575,2000,0
89,1,22,575,2001,0
89,1,22,575,2002,0
89,1,22,575,2003,0
89,1,22,575,2004,0
89,1,22,575,2005,0
89,1,22,575,2006,0
89,1,22,575,2007,0
89,1,22,575,2008,0
89,1,22,575,2009,0
89,1,22,575,2010,0
89,1,22,575,2011,0
89,1,22,575,2012,0
89,1,22,575,2013,0
89,1,22,575,2014,0
89,1,22,575,2015,0
89,1,22,575,2016,0
89,1,27,575,1990,0
89,1,27,575,1991,0
89,1,27,575,1992,0
89,1,27,575,1993,0
89,1,27,575,1994,0
89,1,27,575,1995,0
89,1,27,575,1996,0
89,1,27,575,1997,0
89,1,27,575,1998,0
89,1,27,575,1999,0
89,1,27,575,2000,0
89,1,27,575,2001,0
89,1,27,575,2002,0
89,1,27,575,2003,0
89,1,27,575,2004,0
89,1,27,575,2005,0
89,1,27,575,2006,0
89,1,27,575,2007,0
89,1,27,575,2008,0
89,1,27,575,2009,0
89,1,27,575,2010,0
89,1,27,575,2011,0
89,1,27,575,2012,0
89,1,27,575,2013,0
89,1,27,575,2014,0
89,1,27,575,2015,0
89,1,27,575,2016,0
89,2,22,575,1990,0
89,2,22,575,1991,0
89,2,22,575,1992,0
89,2,22,575,1993,0
89,2,22,575,1994,0
89,2,22,575,1995,0
89,2,22,575,1996,0
89,2,22,575,1997,0
89,2,22,575,1998,0
89,2,22,575,1999,0
89,2,22,575,2000,0
89,2,22,575,2001,0
89,2,22,575,2002,0
89,2,22,575,2003,0
89,2,22,575,2004,0
89,2,22,575,2005,0
89,2,22,575,2006,0
89,2,22,575,2007,0
89,2,22,575,2008,0
89,2,22,575,2009,0
89,2,22,575,2010,0
89,2,22,575,2011,0
89,2,22,575,2012,0
89,2,22,575,2013,0
89,2,22,575,2014,0
89,2,22,575,2015,0
89,2,22,575,2016,0
89,2,27,575,1990,0
89,2,27,575,1991,0
89,2,27,575,1992,0
89,2,27,575,1993,0
89,2,27,575,1994,0
89,2,27,575,1995,0
89,2,27,575,1996,0
89,2,27,575,1997,0
89,2,27,575,1998,0
89,2,27,575,1999,0
89,2,27,575,2000,0
89,2,27,575,2001,0
89,2,27,575,2002,0
89,2,27,575,2003,0
89,2,27,575,2004,0
89,2,27,575,2005,0
89,2,27,575,2006,0
89,2,27,575,2007,0
89,2,27,575,2008,0
89,2,27,575,2009,0
89,2,27,575,2010,0
89,2,27,575,2011,0
89,2,27,575,2012,0
89,2,27,575,2013,0
89,2,27,575,2014,0
89,2,27,575,2015,0
89,2,27,575,2016,0
89,3,22,575,1990,0
89,3,22,575,1991,0
89,3,22,575,1992,0
89,3,22,575,1993,0
89,3,22,575,1994,0
89,3,22,575,1995,0
89,3,22,575,1996,0
89,3,22,575,1997,0
89,3,22,575,1998,0
89,3,22,575,1999,0
89,3,22,575,2000,0
89,3,22,575,2001,0
89,3,22,575,2002,0
89,3,22,575,2003,0
89,3,22,575,2004,0
89,3,22,575,2005,0
89,3,22,575,2006,0
89,3,22,575,2007,0
89,3,22,575,2008,0
89,3,22,575,2009,0
89,3,22,575,2010,0
89,3,22,575,2011,0
89,3,22,575,2012,0
89,3,22,575,2013,0
89,3,22,575,2014,0
89,3,22,575,2015,0
89,3,22,575,2016,0
89,3,27,575,1990,0
89,3,27,575,1991,0
89,3,27,575,1992,0
89,3,27,575,1993,0
89,3,27,575,1994,0
89,3,27,575,1995,0
89,3,27,575,1996,0
89,3,27,575,1997,0
89,3,27,575,1998,0
89,3,27,575,1999,0
89,3,27,575,2000,0
89,3,27,575,2001,0
89,3,27,575,2002,0
89,3,27,575,2003,0
89,3,27,575,2004,0
89,3,27,575,2005,0
89,3,27,575,2006,0
89,3,27,575,2007,0
89,3,27,575,2008,0
89,3,27,575,2009,0
89,3,27,575,2010,0
89,3,27,575,2011,0
89,3,27,575,2012,0
89,3,27,575,2013,0
89,3,27,575,2014,0
89,3,27,575,2015,0
89,3,27,575,2016,0
90,1,22,575,1990,0
90,1,22,575,1991,0
90,1,22,575,1992,0
90,1,22,575,1993,0
90,1,22,575,1994,0
90,1,22,575,1995,0
90,1,22,575,1996,0
90,1,22,575,1997,0
90,1,22,575,1998,0
90,1,22,575,1999,0
90,1,22,575,2000,0
90,1,22,575,2001,0
90,1,22,575,2002,0
90,1,22,575,2003,0
90,1,22,575,2004,0
90,1,22,575,2005,0
90,1,22,575,2006,0
90,1,22,575,2007,0
90,1,22,575,2008,0
90,1,22,575,2009,0
90,1,22,575,2010,0
90,1,22,575,2011,0
90,1,22,575,2012,0
90,1,22,575,2013,0
90,1,22,575,2014,0
90,1,22,575,2015,0
90,1,22,575,2016,0
90,1,27,575,1990,0
90,1,27,575,1991,0
90,1,27,575,1992,0
90,1,27,575,1993,0
90,1,27,575,1994,0
90,1,27,575,1995,0
90,1,27,575,1996,0
90,1,27,575,1997,0
90,1,27,575,1998,0
90,1,27,575,1999,0
90,1,27,575,2000,0
90,1,27,575,2001,0
90,1,27,575,2002,0
90,1,27,575,2003,0
90,1,27,575,2004,0
90,1,27,575,2005,0
90,1,27,575,2006,0
90,1,27,575,2007,0
90,1,27,575,2008,0
90,1,27,575,2009,0
90,1,27,575,2010,0
90,1,27,575,2011,0
90,1,27,575,2012,0
90,1,27,575,2013,0
90,1,27,575,2014,0
90,1,27,575,2015,0
90,1,27,575,2016,0
90,2,22,575,1990,0
90,2,22,575,1991,0
90,2,22,575,1992,0
90,2,22,575,1993,0
90,2,22,575,1994,0
90,2,22,575,1995,0
90,2,22,575,1996,0
90,2,22,575,1997,0
90,2,22,575,1998,0
90,2,22,575,1999,0
90,2,22,575,2000,0
90,2,22,575,2001,0
90,2,22,575,2002,0
90,2,22,575,2003,0
90,2,22,575,2004,0
90,2,22,575,2005,0
90,2,22,575,2006,0
90,2,22,575,2007,0
90,2,22,575,2008,0
90,2,22,575,2009,0
90,2,22,575,2010,0
90,2,22,575,2011,0
90,2,22,575,2012,0
90,2,22,575,2013,0
90,2,22,575,2014,0
90,2,22,575,2015,0
90,2,22,575,2016,0
90,2,27,575,1990,0
90,2,27,575,1991,0
90,2,27,575,1992,0
90,2,27,575,1993,0
90,2,27,575,1994,0
90,2,27,575,1995,0
90,2,27,575,1996,0
90,2,27,575,1997,0
90,2,27,575,1998,0
90,2,27,575,1999,0
90,2,27,575,2000,0
90,2,27,575,2001,0
90,2,27,575,2002,0
90,2,27,575,2003,0
90,2,27,575,2004,0
90,2,27,575,2005,0
90,2,27,575,2006,0
90,2,27,575,2007,0
90,2,27,575,2008,0
90,2,27,575,2009,0
90,2,27,575,2010,0
90,2,27,575,2011,0
90,2,27,575,2012,0
90,2,27,575,2013,0
90,2,27,575,2014,0
90,2,27,575,2015,0
90,2,27,575,2016,0
90,3,22,575,1990,0
90,3,22,575,1991,0
90,3,22,575,1992,0
90,3,22,575,1993,0
90,3,22,575,1994,0
90,3,22,575,1995,0
90,3,22,575,1996,0
90,3,22,575,1997,0
90,3,22,575,1998,0
90,3,22,575,1999,0
90,3,22,575,2000,0
90,3,22,575,2001,0
90,3,22,575,2002,0
90,3,22,575,2003,0
90,3,22,575,2004,0
90,3,22,575,2005,0
90,3,22,575,2006,0
90,3,22,575,2007,0
90,3,22,575,2008,0
90,3,22,575,2009,0
90,3,22,575,2010,0
90,3,22,575,2011,0
90,3,22,575,2012,0
90,3,22,575,2013,0
90,3,22,575,2014,0
90,3,22,575,2015,0
90,3,22,575,2016,0
90,3,27,575,1990,0
90,3,27,575,1991,0
90,3,27,575,1992,0
90,3,27,575,1993,0
90,3,27,575,1994,0
90,3,27,575,1995,0
90,3,27,575,1996,0
90,3,27,575,1997,0
90,3,27,575,1998,0
90,3,27,575,1999,0
90,3,27,575,2000,0
90,3,27,575,2001,0
90,3,27,575,2002,0
90,3,27,575,2003,0
90,3,27,575,2004,0
90,3,27,575,2005,0
90,3,27,575,2006,0
90,3,27,575,2007,0
90,3,27,575,2008,0
90,3,27,575,2009,0
90,3,27,575,2010,0
90,3,27,575,2011,0
90,3,27,575,2012,0
90,3,27,575,2013,0
90,3,27,575,2014,0
90,3,27,575,2015,0
90,3,27,575,2016,0
91,1,22,575,1990,0
91,1,22,575,1991,0
91,1,22,575,1992,0
91,1,22,575,1993,0
91,1,22,575,1994,0
91,1,22,575,1995,0
91,1,22,575,1996,0
91,1,22,575,1997,0
91,1,22,575,1998,0
91,1,22,575,1999,0
91,1,22,575,2000,0
91,1,22,575,2001,0
91,1,22,575,2002,0
91,1,22,575,2003,0
91,1,22,575,2004,0
91,1,22,575,2005,0
91,1,22,575,2006,0
91,1,22,575,2007,0
91,1,22,575,2008,0
91,1,22,575,2009,0
91,1,22,575,2010,0
91,1,22,575,2011,0
91,1,22,575,2012,0
91,1,22,575,2013,0
91,1,22,575,2014,0
91,1,22,575,2015,0
91,1,22,575,2016,0
91,1,27,575,1990,0
91,1,27,575,1991,0
91,1,27,575,1992,0
91,1,27,575,1993,0
91,1,27,575,1994,0
91,1,27,575,1995,0
91,1,27,575,1996,0
91,1,27,575,1997,0
91,1,27,575,1998,0
91,1,27,575,1999,0
91,1,27,575,2000,0
91,1,27,575,2001,0
91,1,27,575,2002,0
91,1,27,575,2003,0
91,1,27,575,2004,0
91,1,27,575,2005,0
91,1,27,575,2006,0
91,1,27,575,2007,0
91,1,27,575,2008,0
91,1,27,575,2009,0
91,1,27,575,2010,0
91,1,27,575,2011,0
91,1,27,575,2012,0
91,1,27,575,2013,0
91,1,27,575,2014,0
91,1,27,575,2015,0
91,1,27,575,2016,0
91,2,22,575,1990,0
91,2,22,575,1991,0
91,2,22,575,1992,0
91,2,22,575,1993,0
91,2,22,575,1994,0
91,2,22,575,1995,0
91,2,22,575,1996,0
91,2,22,575,1997,0
91,2,22,575,1998,0
91,2,22,575,1999,0
91,2,22,575,2000,0
91,2,22,575,2001,0
91,2,22,575,2002,0
91,2,22,575,2003,0
91,2,22,575,2004,0
91,2,22,575,2005,0
91,2,22,575,2006,0
91,2,22,575,2007,0
91,2,22,575,2008,0
91,2,22,575,2009,0
91,2,22,575,2010,0
91,2,22,575,2011,0
91,2,22,575,2012,0
91,2,22,575,2013,0
91,2,22,575,2014,0
91,2,22,575,2015,0
91,2,22,575,2016,0
91,2,27,575,1990,0
91,2,27,575,1991,0
91,2,27,575,1992,0
91,2,27,575,1993,0
91,2,27,575,1994,0
91,2,27,575,1995,0
91,2,27,575,1996,0
91,2,27,575,1997,0
91,2,27,575,1998,0
91,2,27,575,1999,0
91,2,27,575,2000,0
91,2,27,575,2001,0
91,2,27,575,2002,0
91,2,27,575,2003,0
91,2,27,575,2004,0
91,2,27,575,2005,0
91,2,27,575,2006,0
91,2,27,575,2007,0
91,2,27,575,2008,0
91,2,27,575,2009,0
91,2,27,575,2010,0
91,2,27,575,2011,0
91,2,27,575,2012,0
91,2,27,575,2013,0
91,2,27,575,2014,0
91,2,27,575,2015,0
91,2,27,575,2016,0
91,3,22,575,1990,0
91,3,22,575,1991,0
91,3,22,575,1992,0
91,3,22,575,1993,0
91,3,22,575,1994,0
91,3,22,575,1995,0
91,3,22,575,1996,0
91,3,22,575,1997,0
91,3,22,575,1998,0
91,3,22,575,1999,0
91,3,22,575,2000,0
91,3,22,575,2001,0
91,3,22,575,2002,0
91,3,22,575,2003,0
91,3,22,575,2004,0
91,3,22,575,2005,0
91,3,22,575,2006,0
91,3,22,575,2007,0
91,3,22,575,2008,0
91,3,22,575,2009,0
91,3,22,575,2010,0
91,3,22,575,2011,0
91,3,22,575,2012,0
91,3,22,575,2013,0
91,3,22,575,2014,0
91,3,22,575,2015,0
91,3,22,575,2016,0
91,3,27,575,1990,0
91,3,27,575,1991,0
91,3,27,575,1992,0
91,3,27,575,1993,0
91,3,27,575,1994,0
91,3,27,575,1995,0
91,3,27,575,1996,0
91,3,27,575,1997,0
91,3,27,575,1998,0
91,3,27,575,1999,0
91,3,27,575,2000,0
91,3,27,575,2001,0
91,3,27,575,2002,0
91,3,27,575,2003,0
91,3,27,575,2004,0
91,3,27,575,2005,0
91,3,27,575,2006,0
91,3,27,575,2007,0
91,3,27,575,2008,0
91,3,27,575,2009,0
91,3,27,575,2010,0
91,3,27,575,2011,0
91,3,27,575,2012,0
91,3,27,575,2013,0
91,3,27,575,2014,0
91,3,27,575,2015,0
91,3,27,575,2016,0
92,1,22,575,1990,0
92,1,22,575,1991,0
92,1,22,575,1992,0
92,1,22,575,1993,0
92,1,22,575,1994,0
92,1,22,575,1995,0
92,1,22,575,1996,0
92,1,22,575,1997,0
92,1,22,575,1998,0
92,1,22,575,1999,0
92,1,22,575,2000,0
92,1,22,575,2001,0
92,1,22,575,2002,0
92,1,22,575,2003,0
92,1,22,575,2004,0
92,1,22,575,2005,0
92,1,22,575,2006,0
92,1,22,575,2007,0
92,1,22,575,2008,0
92,1,22,575,2009,0
92,1,22,575,2010,0
92,1,22,575,2011,0
92,1,22,575,2012,0
92,1,22,575,2013,0
92,1,22,575,2014,0
92,1,22,575,2015,0
92,1,22,575,2016,0
92,1,27,575,1990,0
92,1,27,575,1991,0
92,1,27,575,1992,0
92,1,27,575,1993,0
92,1,27,575,1994,0
92,1,27,575,1995,0
92,1,27,575,1996,0
92,1,27,575,1997,0
92,1,27,575,1998,0
92,1,27,575,1999,0
92,1,27,575,2000,0
92,1,27,575,2001,0
92,1,27,575,2002,0
92,1,27,575,2003,0
92,1,27,575,2004,0
92,1,27,575,2005,0
92,1,27,575,2006,0
92,1,27,575,2007,0
92,1,27,575,2008,0
92,1,27,575,2009,0
92,1,27,575,2010,0
92,1,27,575,2011,0
92,1,27,575,2012,0
92,1,27,575,2013,0
92,1,27,575,2014,0
92,1,27,575,2015,0
92,1,27,575,2016,0
92,2,22,575,1990,0
92,2,22,575,1991,0
92,2,22,575,1992,0
92,2,22,575,1993,0
92,2,22,575,1994,0
92,2,22,575,1995,0
92,2,22,575,1996,0
92,2,22,575,1997,0
92,2,22,575,1998,0
92,2,22,575,1999,0
92,2,22,575,2000,0
92,2,22,575,2001,0
92,2,22,575,2002,0
92,2,22,575,2003,0
92,2,22,575,2004,0
92,2,22,575,2005,0
92,2,22,575,2006,0
92,2,22,575,2007,0
92,2,22,575,2008,0
92,2,22,575,2009,0
92,2,22,575,2010,0
92,2,22,575,2011,0
92,2,22,575,2012,0
92,2,22,575,2013,0
92,2,22,575,2014,0
92,2,22,575,2015,0
92,2,22,575,2016,0
92,2,27,575,1990,0
92,2,27,575,1991,0
92,2,27,575,1992,0
92,2,27,575,1993,0
92,2,27,575,1994,0
92,2,27,575,1995,0
92,2,27,575,1996,0
92,2,27,575,1997,0
92,2,27,575,1998,0
92,2,27,575,1999,0
92,2,27,575,2000,0
92,2,27,575,2001,0
92,2,27,575,2002,0
92,2,27,575,2003,0
92,2,27,575,2004,0
92,2,27,575,2005,0
92,2,27,575,2006,0
92,2,27,575,2007,0
92,2,27,575,2008,0
92,2,27,575,2009,0
92,2,27,575,2010,0
92,2,27,575,2011,0
92,2,27,575,2012,0
92,2,27,575,2013,0
92,2,27,575,2014,0
92,2,27,575,2015,0
92,2,27,575,2016,0
92,3,22,575,1990,0
92,3,22,575,1991,0
92,3,22,575,1992,0
92,3,22,575,1993,0
92,3,22,575,1994,0
92,3,22,575,1995,0
92,3,22,575,1996,0
92,3,22,575,1997,0
92,3,22,575,1998,0
92,3,22,575,1999,0
92,3,22,575,2000,0
92,3,22,575,2001,0
92,3,22,575,2002,0
92,3,22,575,2003,0
92,3,22,575,2004,0
92,3,22,575,2005,0
92,3,22,575,2006,0
92,3,22,575,2007,0
92,3,22,575,2008,0
92,3,22,575,2009,0
92,3,22,575,2010,0
92,3,22,575,2011,0
92,3,22,575,2012,0
92,3,22,575,2013,0
92,3,22,575,2014,0
92,3,22,575,2015,0
92,3,22,575,2016,0
92,3,27,575,1990,0
92,3,27,575,1991,0
92,3,27,575,1992,0
92,3,27,575,1993,0
92,3,27,575,1994,0
92,3,27,575,1995,0
92,3,27,575,1996,0
92,3,27,575,1997,0
92,3,27,575,1998,0
92,3,27,575,1999,0
92,3,27,575,2000,0
92,3,27,575,2001,0
92,3,27,575,2002,0
92,3,27,575,2003,0
92,3,27,575,2004,0
92,3,27,575,2005,0
92,3,27,575,2006,0
92,3,27,575,2007,0
92,3,27,575,2008,0
92,3,27,575,2009,0
92,3,27,575,2010,0
92,3,27,575,2011,0
92,3,27,575,2012,0
92,3,27,575,2013,0
92,3,27,575,2014,0
92,3,27,575,2015,0
92,3,27,575,2016,0
93,1,22,575,1990,0
93,1,22,575,1991,0
93,1,22,575,1992,0
93,1,22,575,1993,0
93,1,22,575,1994,0
93,1,22,575,1995,0
93,1,22,575,1996,0
93,1,22,575,1997,0
93,1,22,575,1998,0
93,1,22,575,1999,0
93,1,22,575,2000,0
93,1,22,575,2001,0
93,1,22,575,2002,0
93,1,22,575,2003,0
93,1,22,575,2004,0
93,1,22,575,2005,0
93,1,22,575,2006,0
93,1,22,575,2007,0
93,1,22,575,2008,0
93,1,22,575,2009,0
93,1,22,575,2010,0
93,1,22,575,2011,0
93,1,22,575,2012,0
93,1,22,575,2013,0
93,1,22,575,2014,0
93,1,22,575,2015,0
93,1,22,575,2016,0
93,1,27,575,1990,0
93,1,27,575,1991,0
93,1,27,575,1992,0
93,1,27,575,1993,0
93,1,27,575,1994,0
93,1,27,575,1995,0
93,1,27,575,1996,0
93,1,27,575,1997,0
93,1,27,575,1998,0
93,1,27,575,1999,0
93,1,27,575,2000,0
93,1,27,575,2001,0
93,1,27,575,2002,0
93,1,27,575,2003,0
93,1,27,575,2004,0
93,1,27,575,2005,0
93,1,27,575,2006,0
93,1,27,575,2007,0
93,1,27,575,2008,0
93,1,27,575,2009,0
93,1,27,575,2010,0
93,1,27,575,2011,0
93,1,27,575,2012,0
93,1,27,575,2013,0
93,1,27,575,2014,0
93,1,27,575,2015,0
93,1,27,575,2016,0
93,2,22,575,1990,0
93,2,22,575,1991,0
93,2,22,575,1992,0
93,2,22,575,1993,0
93,2,22,575,1994,0
93,2,22,575,1995,0
93,2,22,575,1996,0
93,2,22,575,1997,0
93,2,22,575,1998,0
93,2,22,575,1999,0
93,2,22,575,2000,0
93,2,22,575,2001,0
93,2,22,575,2002,0
93,2,22,575,2003,0
93,2,22,575,2004,0
93,2,22,575,2005,0
93,2,22,575,2006,0
93,2,22,575,2007,0
93,2,22,575,2008,0
93,2,22,575,2009,0
93,2,22,575,2010,0
93,2,22,575,2011,0
93,2,22,575,2012,0
93,2,22,575,2013,0
93,2,22,575,2014,0
93,2,22,575,2015,0
93,2,22,575,2016,0
93,2,27,575,1990,0
93,2,27,575,1991,0
93,2,27,575,1992,0
93,2,27,575,1993,0
93,2,27,575,1994,0
93,2,27,575,1995,0
93,2,27,575,1996,0
93,2,27,575,1997,0
93,2,27,575,1998,0
93,2,27,575,1999,0
93,2,27,575,2000,0
93,2,27,575,2001,0
93,2,27,575,2002,0
93,2,27,575,2003,0
93,2,27,575,2004,0
93,2,27,575,2005,0
93,2,27,575,2006,0
93,2,27,575,2007,0
93,2,27,575,2008,0
93,2,27,575,2009,0
93,2,27,575,2010,0
93,2,27,575,2011,0
93,2,27,575,2012,0
93,2,27,575,2013,0
93,2,27,575,2014,0
93,2,27,575,2015,0
93,2,27,575,2016,0
93,3,22,575,1990,0
93,3,22,575,1991,0
93,3,22,575,1992,0
93,3,22,575,1993,0
93,3,22,575,1994,0
93,3,22,575,1995,0
93,3,22,575,1996,0
93,3,22,575,1997,0
93,3,22,575,1998,0
93,3,22,575,1999,0
93,3,22,575,2000,0
93,3,22,575,2001,0
93,3,22,575,2002,0
93,3,22,575,2003,0
93,3,22,575,2004,0
93,3,22,575,2005,0
93,3,22,575,2006,0
93,3,22,575,2007,0
93,3,22,575,2008,0
93,3,22,575,2009,0
93,3,22,575,2010,0
93,3,22,575,2011,0
93,3,22,575,2012,0
93,3,22,575,2013,0
93,3,22,575,2014,0
93,3,22,575,2015,0
93,3,22,575,2016,0
93,3,27,575,1990,0
93,3,27,575,1991,0
93,3,27,575,1992,0
93,3,27,575,1993,0
93,3,27,575,1994,0
93,3,27,575,1995,0
93,3,27,575,1996,0
93,3,27,575,1997,0
93,3,27,575,1998,0
93,3,27,575,1999,0
93,3,27,575,2000,0
93,3,27,575,2001,0
93,3,27,575,2002,0
93,3,27,575,2003,0
93,3,27,575,2004,0
93,3,27,575,2005,0
93,3,27,575,2006,0
93,3,27,575,2007,0
93,3,27,575,2008,0
93,3,27,575,2009,0
93,3,27,575,2010,0
93,3,27,575,2011,0
93,3,27,575,2012,0
93,3,27,575,2013,0
93,3,27,575,2014,0
93,3,27,575,2015,0
93,3,27,575,2016,0
94,1,22,575,1990,0
94,1,22,575,1991,0
94,1,22,575,1992,0
94,1,22,575,1993,0
94,1,22,575,1994,0
94,1,22,575,1995,0
94,1,22,575,1996,0
94,1,22,575,1997,0
94,1,22,575,1998,0
94,1,22,575,1999,0
94,1,22,575,2000,0
94,1,22,575,2001,0
94,1,22,575,2002,0
94,1,22,575,2003,0
94,1,22,575,2004,0
94,1,22,575,2005,0
94,1,22,575,2006,0
94,1,22,575,2007,0
94,1,22,575,2008,0
94,1,22,575,2009,0
94,1,22,575,2010,0
94,1,22,575,2011,0
94,1,22,575,2012,0
94,1,22,575,2013,0
94,1,22,575,2014,0
94,1,22,575,2015,0
94,1,22,575,2016,0
94,1,27,575,1990,0
94,1,27,575,1991,0
94,1,27,575,1992,0
94,1,27,575,1993,0
94,1,27,575,1994,0
94,1,27,575,1995,0
94,1,27,575,1996,0
94,1,27,575,1997,0
94,1,27,575,1998,0
94,1,27,575,1999,0
94,1,27,575,2000,0
94,1,27,575,2001,0
94,1,27,575,2002,0
94,1,27,575,2003,0
94,1,27,575,2004,0
94,1,27,575,2005,0
94,1,27,575,2006,0
94,1,27,575,2007,0
94,1,27,575,2008,0
94,1,27,575,2009,0
94,1,27,575,2010,0
94,1,27,575,2011,0
94,1,27,575,2012,0
94,1,27,575,2013,0
94,1,27,575,2014,0
94,1,27,575,2015,0
94,1,27,575,2016,0
94,2,22,575,1990,0
94,2,22,575,1991,0
94,2,22,575,1992,0
94,2,22,575,1993,0
94,2,22,575,1994,0
94,2,22,575,1995,0
94,2,22,575,1996,0
94,2,22,575,1997,0
94,2,22,575,1998,0
94,2,22,575,1999,0
94,2,22,575,2000,0
94,2,22,575,2001,0
94,2,22,575,2002,0
94,2,22,575,2003,0
94,2,22,575,2004,0
94,2,22,575,2005,0
94,2,22,575,2006,0
94,2,22,575,2007,0
94,2,22,575,2008,0
94,2,22,575,2009,0
94,2,22,575,2010,0
94,2,22,575,2011,0
94,2,22,575,2012,0
94,2,22,575,2013,0
94,2,22,575,2014,0
94,2,22,575,2015,0
94,2,22,575,2016,0
94,2,27,575,1990,0
94,2,27,575,1991,0
94,2,27,575,1992,0
94,2,27,575,1993,0
94,2,27,575,1994,0
94,2,27,575,1995,0
94,2,27,575,1996,0
94,2,27,575,1997,0
94,2,27,575,1998,0
94,2,27,575,1999,0
94,2,27,575,2000,0
94,2,27,575,2001,0
94,2,27,575,2002,0
94,2,27,575,2003,0
94,2,27,575,2004,0
94,2,27,575,2005,0
94,2,27,575,2006,0
94,2,27,575,2007,0
94,2,27,575,2008,0
94,2,27,575,2009,0
94,2,27,575,2010,0
94,2,27,575,2011,0
94,2,27,575,2012,0
94,2,27,575,2013,0
94,2,27,575,2014,0
94,2,27,575,2015,0
94,2,27,575,2016,0
94,3,22,575,1990,0
94,3,22,575,1991,0
94,3,22,575,1992,0
94,3,22,575,1993,0
94,3,22,575,1994,0
94,3,22,575,1995,0
94,3,22,575,1996,0
94,3,22,575,1997,0
94,3,22,575,1998,0
94,3,22,575,1999,0
94,3,22,575,2000,0
94,3,22,575,2001,0
94,3,22,575,2002,0
94,3,22,575,2003,0
94,3,22,575,2004,0
94,3,22,575,2005,0
94,3,22,575,2006,0
94,3,22,575,2007,0
94,3,22,575,2008,0
94,3,22,575,2009,0
94,3,22,575,2010,0
94,3,22,575,2011,0
94,3,22,575,2012,0
94,3,22,575,2013,0
94,3,22,575,2014,0
94,3,22,575,2015,0
94,3,22,575,2016,0
94,3,27,575,1990,0
94,3,27,575,1991,0
94,3,27,575,1992,0
94,3,27,575,1993,0
94,3,27,575,1994,0
94,3,27,575,1995,0
94,3,27,575,1996,0
94,3,27,575,1997,0
94,3,27,575,1998,0
94,3,27,575,1999,0
94,3,27,575,2000,0
94,3,27,575,2001,0
94,3,27,575,2002,0
94,3,27,575,2003,0
94,3,27,575,2004,0
94,3,27,575,2005,0
94,3,27,575,2006,0
94,3,27,575,2007,0
94,3,27,575,2008,0
94,3,27,575,2009,0
94,3,27,575,2010,0
94,3,27,575,2011,0
94,3,27,575,2012,0
94,3,27,575,2013,0
94,3,27,575,2014,0
94,3,27,575,2015,0
94,3,27,575,2016,0
95,1,22,575,1990,0
95,1,22,575,1991,0
95,1,22,575,1992,0
95,1,22,575,1993,0
95,1,22,575,1994,0
95,1,22,575,1995,0
95,1,22,575,1996,0
95,1,22,575,1997,0
95,1,22,575,1998,0
95,1,22,575,1999,0
95,1,22,575,2000,0
95,1,22,575,2001,0
95,1,22,575,2002,0
95,1,22,575,2003,0
95,1,22,575,2004,0
95,1,22,575,2005,0
95,1,22,575,2006,0
95,1,22,575,2007,0
95,1,22,575,2008,0
95,1,22,575,2009,0
95,1,22,575,2010,0
95,1,22,575,2011,0
95,1,22,575,2012,0
95,1,22,575,2013,0
95,1,22,575,2014,0
95,1,22,575,2015,0
95,1,22,575,2016,0
95,1,27,575,1990,0
95,1,27,575,1991,0
95,1,27,575,1992,0
95,1,27,575,1993,0
95,1,27,575,1994,0
95,1,27,575,1995,0
95,1,27,575,1996,0
95,1,27,575,1997,0
95,1,27,575,1998,0
95,1,27,575,1999,0
95,1,27,575,2000,0
95,1,27,575,2001,0
95,1,27,575,2002,0
95,1,27,575,2003,0
95,1,27,575,2004,0
95,1,27,575,2005,0
95,1,27,575,2006,0
95,1,27,575,2007,0
95,1,27,575,2008,0
95,1,27,575,2009,0
95,1,27,575,2010,0
95,1,27,575,2011,0
95,1,27,575,2012,0
95,1,27,575,2013,0
95,1,27,575,2014,0
95,1,27,575,2015,0
95,1,27,575,2016,0
95,2,22,575,1990,0
95,2,22,575,1991,0
95,2,22,575,1992,0
95,2,22,575,1993,0
95,2,22,575,1994,0
95,2,22,575,1995,0
95,2,22,575,1996,0
95,2,22,575,1997,0
95,2,22,575,1998,0
95,2,22,575,1999,0
95,2,22,575,2000,0
95,2,22,575,2001,0
95,2,22,575,2002,0
95,2,22,575,2003,0
95,2,22,575,2004,0
95,2,22,575,2005,0
95,2,22,575,2006,0
95,2,22,575,2007,0
95,2,22,575,2008,0
95,2,22,575,2009,0
95,2,22,575,2010,0
95,2,22,575,2011,0
95,2,22,575,2012,0
95,2,22,575,2013,0
95,2,22,575,2014,0
95,2,22,575,2015,0
95,2,22,575,2016,0
95,2,27,575,1990,0
95,2,27,575,1991,0
95,2,27,575,1992,0
95,2,27,575,1993,0
95,2,27,575,1994,0
95,2,27,575,1995,0
95,2,27,575,1996,0
95,2,27,575,1997,0
95,2,27,575,1998,0
95,2,27,575,1999,0
95,2,27,575,2000,0
95,2,27,575,2001,0
95,2,27,575,2002,0
95,2,27,575,2003,0
95,2,27,575,2004,0
95,2,27,575,2005,0
95,2,27,575,2006,0
95,2,27,575,2007,0
95,2,27,575,2008,0
95,2,27,575,2009,0
95,2,27,575,2010,0
95,2,27,575,2011,0
95,2,27,575,2012,0
95,2,27,575,2013,0
95,2,27,575,2014,0
95,2,27,575,2015,0
95,2,27,575,2016,0
95,3,22,575,1990,0
95,3,22,575,1991,0
95,3,22,575,1992,0
95,3,22,575,1993,0
95,3,22,575,1994,0
95,3,22,575,1995,0
95,3,22,575,1996,0
95,3,22,575,1997,0
95,3,22,575,1998,0
95,3,22,575,1999,0
95,3,22,575,2000,0
95,3,22,575,2001,0
95,3,22,575,2002,0
95,3,22,575,2003,0
95,3,22,575,2004,0
95,3,22,575,2005,0
95,3,22,575,2006,0
95,3,22,575,2007,0
95,3,22,575,2008,0
95,3,22,575,2009,0
95,3,22,575,2010,0
95,3,22,575,2011,0
95,3,22,575,2012,0
95,3,22,575,2013,0
95,3,22,575,2014,0
95,3,22,575,2015,0
95,3,22,575,2016,0
95,3,27,575,1990,0
95,3,27,575,1991,0
95,3,27,575,1992,0
95,3,27,575,1993,0
95,3,27,575,1994,0
95,3,27,575,1995,0
95,3,27,575,1996,0
95,3,27,575,1997,0
95,3,27,575,1998,0
95,3,27,575,1999,0
95,3,27,575,2000,0
95,3,27,575,2001,0
95,3,27,575,2002,0
95,3,27,575,2003,0
95,3,27,575,2004,0
95,3,27,575,2005,0
95,3,27,575,2006,0
95,3,27,575,2007,0
95,3,27,575,2008,0
95,3,27,575,2009,0
95,3,27,575,2010,0
95,3,27,575,2011,0
95,3,27,575,2012,0
95,3,27,575,2013,0
95,3,27,575,2014,0
95,3,27,575,2015,0
95,3,27,575,2016,0
97,1,22,575,1990,0
97,1,22,575,1991,0
97,1,22,575,1992,0
97,1,22,575,1993,0
97,1,22,575,1994,0
97,1,22,575,1995,0
97,1,22,575,1996,0
97,1,22,575,1997,0
97,1,22,575,1998,0
97,1,22,575,1999,0
97,1,22,575,2000,0
97,1,22,575,2001,0
97,1,22,575,2002,0
97,1,22,575,2003,0
97,1,22,575,2004,0
97,1,22,575,2005,0
97,1,22,575,2006,0
97,1,22,575,2007,0
97,1,22,575,2008,0
97,1,22,575,2009,0
97,1,22,575,2010,0
97,1,22,575,2011,0
97,1,22,575,2012,0
97,1,22,575,2013,0
97,1,22,575,2014,0
97,1,22,575,2015,0
97,1,22,575,2016,0
97,1,27,575,1990,0
97,1,27,575,1991,0
97,1,27,575,1992,0
97,1,27,575,1993,0
97,1,27,575,1994,0
97,1,27,575,1995,0
97,1,27,575,1996,0
97,1,27,575,1997,0
97,1,27,575,1998,0
97,1,27,575,1999,0
97,1,27,575,2000,0
97,1,27,575,2001,0
97,1,27,575,2002,0
97,1,27,575,2003,0
97,1,27,575,2004,0
97,1,27,575,2005,0
97,1,27,575,2006,0
97,1,27,575,2007,0
97,1,27,575,2008,0
97,1,27,575,2009,0
97,1,27,575,2010,0
97,1,27,575,2011,0
97,1,27,575,2012,0
97,1,27,575,2013,0
97,1,27,575,2014,0
97,1,27,575,2015,0
97,1,27,575,2016,0
97,2,22,575,1990,0
97,2,22,575,1991,0
97,2,22,575,1992,0
97,2,22,575,1993,0
97,2,22,575,1994,0
97,2,22,575,1995,0
97,2,22,575,1996,0
97,2,22,575,1997,0
97,2,22,575,1998,0
97,2,22,575,1999,0
97,2,22,575,2000,0
97,2,22,575,2001,0
97,2,22,575,2002,0
97,2,22,575,2003,0
97,2,22,575,2004,0
97,2,22,575,2005,0
97,2,22,575,2006,0
97,2,22,575,2007,0
97,2,22,575,2008,0
97,2,22,575,2009,0
97,2,22,575,2010,0
97,2,22,575,2011,0
97,2,22,575,2012,0
97,2,22,575,2013,0
97,2,22,575,2014,0
97,2,22,575,2015,0
97,2,22,575,2016,0
97,2,27,575,1990,0
97,2,27,575,1991,0
97,2,27,575,1992,0
97,2,27,575,1993,0
97,2,27,575,1994,0
97,2,27,575,1995,0
97,2,27,575,1996,0
97,2,27,575,1997,0
97,2,27,575,1998,0
97,2,27,575,1999,0
97,2,27,575,2000,0
97,2,27,575,2001,0
97,2,27,575,2002,0
97,2,27,575,2003,0
97,2,27,575,2004,0
97,2,27,575,2005,0
97,2,27,575,2006,0
97,2,27,575,2007,0
97,2,27,575,2008,0
97,2,27,575,2009,0
97,2,27,575,2010,0
97,2,27,575,2011,0
97,2,27,575,2012,0
97,2,27,575,2013,0
97,2,27,575,2014,0
97,2,27,575,2015,0
97,2,27,575,2016,0
97,3,22,575,1990,0
97,3,22,575,1991,0
97,3,22,575,1992,0
97,3,22,575,1993,0
97,3,22,575,1994,0
97,3,22,575,1995,0
97,3,22,575,1996,0
97,3,22,575,1997,0
97,3,22,575,1998,0
97,3,22,575,1999,0
97,3,22,575,2000,0
97,3,22,575,2001,0
97,3,22,575,2002,0
97,3,22,575,2003,0
97,3,22,575,2004,0
97,3,22,575,2005,0
97,3,22,575,2006,0
97,3,22,575,2007,0
97,3,22,575,2008,0
97,3,22,575,2009,0
97,3,22,575,2010,0
97,3,22,575,2011,0
97,3,22,575,2012,0
97,3,22,575,2013,0
97,3,22,575,2014,0
97,3,22,575,2015,0
97,3,22,575,2016,0
97,3,27,575,1990,0
97,3,27,575,1991,0
97,3,27,575,1992,0
97,3,27,575,1993,0
97,3,27,575,1994,0
97,3,27,575,1995,0
97,3,27,575,1996,0
97,3,27,575,1997,0
97,3,27,575,1998,0
97,3,27,575,1999,0
97,3,27,575,2000,0
97,3,27,575,2001,0
97,3,27,575,2002,0
97,3,27,575,2003,0
97,3,27,575,2004,0
97,3,27,575,2005,0
97,3,27,575,2006,0
97,3,27,575,2007,0
97,3,27,575,2008,0
97,3,27,575,2009,0
97,3,27,575,2010,0
97,3,27,575,2011,0
97,3,27,575,2012,0
97,3,27,575,2013,0
97,3,27,575,2014,0
97,3,27,575,2015,0
97,3,27,575,2016,0
98,1,22,575,1990,0
98,1,22,575,1991,0
98,1,22,575,1992,0
98,1,22,575,1993,0
98,1,22,575,1994,0
98,1,22,575,1995,0
98,1,22,575,1996,0
98,1,22,575,1997,0
98,1,22,575,1998,0
98,1,22,575,1999,0
98,1,22,575,2000,0
98,1,22,575,2001,0
98,1,22,575,2002,0
98,1,22,575,2003,0
98,1,22,575,2004,0
98,1,22,575,2005,0
98,1,22,575,2006,0
98,1,22,575,2007,0
98,1,22,575,2008,0
98,1,22,575,2009,0
98,1,22,575,2010,0
98,1,22,575,2011,0
98,1,22,575,2012,0
98,1,22,575,2013,0
98,1,22,575,2014,0
98,1,22,575,2015,0
98,1,22,575,2016,0
98,1,27,575,1990,0
98,1,27,575,1991,0
98,1,27,575,1992,0
98,1,27,575,1993,0
98,1,27,575,1994,0
98,1,27,575,1995,0
98,1,27,575,1996,0
98,1,27,575,1997,0
98,1,27,575,1998,0
98,1,27,575,1999,0
98,1,27,575,2000,0
98,1,27,575,2001,0
98,1,27,575,2002,0
98,1,27,575,2003,0
98,1,27,575,2004,0
98,1,27,575,2005,0
98,1,27,575,2006,0
98,1,27,575,2007,0
98,1,27,575,2008,0
98,1,27,575,2009,0
98,1,27,575,2010,0
98,1,27,575,2011,0
98,1,27,575,2012,0
98,1,27,575,2013,0
98,1,27,575,2014,0
98,1,27,575,2015,0
98,1,27,575,2016,0
98,2,22,575,1990,0
98,2,22,575,1991,0
98,2,22,575,1992,0
98,2,22,575,1993,0
98,2,22,575,1994,0
98,2,22,575,1995,0
98,2,22,575,1996,0
98,2,22,575,1997,0
98,2,22,575,1998,0
98,2,22,575,1999,0
98,2,22,575,2000,0
98,2,22,575,2001,0
98,2,22,575,2002,0
98,2,22,575,2003,0
98,2,22,575,2004,0
98,2,22,575,2005,0
98,2,22,575,2006,0
98,2,22,575,2007,0
98,2,22,575,2008,0
98,2,22,575,2009,0
98,2,22,575,2010,0
98,2,22,575,2011,0
98,2,22,575,2012,0
98,2,22,575,2013,0
98,2,22,575,2014,0
98,2,22,575,2015,0
98,2,22,575,2016,0
98,2,27,575,1990,0
98,2,27,575,1991,0
98,2,27,575,1992,0
98,2,27,575,1993,0
98,2,27,575,1994,0
98,2,27,575,1995,0
98,2,27,575,1996,0
98,2,27,575,1997,0
98,2,27,575,1998,0
98,2,27,575,1999,0
98,2,27,575,2000,0
98,2,27,575,2001,0
98,2,27,575,2002,0
98,2,27,575,2003,0
98,2,27,575,2004,0
98,2,27,575,2005,0
98,2,27,575,2006,0
98,2,27,575,2007,0
98,2,27,575,2008,0
98,2,27,575,2009,0
98,2,27,575,2010,0
98,2,27,575,2011,0
98,2,27,575,2012,0
98,2,27,575,2013,0
98,2,27,575,2014,0
98,2,27,575,2015,0
98,2,27,575,2016,0
98,3,22,575,1990,0
98,3,22,575,1991,0
98,3,22,575,1992,0
98,3,22,575,1993,0
98,3,22,575,1994,0
98,3,22,575,1995,0
98,3,22,575,1996,0
98,3,22,575,1997,0
98,3,22,575,1998,0
98,3,22,575,1999,0
98,3,22,575,2000,0
98,3,22,575,2001,0
98,3,22,575,2002,0
98,3,22,575,2003,0
98,3,22,575,2004,0
98,3,22,575,2005,0
98,3,22,575,2006,0
98,3,22,575,2007,0
98,3,22,575,2008,0
98,3,22,575,2009,0
98,3,22,575,2010,0
98,3,22,575,2011,0
98,3,22,575,2012,0
98,3,22,575,2013,0
98,3,22,575,2014,0
98,3,22,575,2015,0
98,3,22,575,2016,0
98,3,27,575,1990,0
98,3,27,575,1991,0
98,3,27,575,1992,0
98,3,27,575,1993,0
98,3,27,575,1994,0
98,3,27,575,1995,0
98,3,27,575,1996,0
98,3,27,575,1997,0
98,3,27,575,1998,0
98,3,27,575,1999,0
98,3,27,575,2000,0
98,3,27,575,2001,0
98,3,27,575,2002,0
98,3,27,575,2003,0
98,3,27,575,2004,0
98,3,27,575,2005,0
98,3,27,575,2006,0
98,3,27,575,2007,0
98,3,27,575,2008,0
98,3,27,575,2009,0
98,3,27,575,2010,0
98,3,27,575,2011,0
98,3,27,575,2012,0
98,3,27,575,2013,0
98,3,27,575,2014,0
98,3,27,575,2015,0
98,3,27,575,2016,0
99,1,22,575,1990,0
99,1,22,575,1991,0
99,1,22,575,1992,0
99,1,22,575,1993,0
99,1,22,575,1994,0
99,1,22,575,1995,0
99,1,22,575,1996,0
99,1,22,575,1997,0
99,1,22,575,1998,0
99,1,22,575,1999,0
99,1,22,575,2000,0
99,1,22,575,2001,0
99,1,22,575,2002,0
99,1,22,575,2003,0
99,1,22,575,2004,0
99,1,22,575,2005,0
99,1,22,575,2006,0
99,1,22,575,2007,0
99,1,22,575,2008,0
99,1,22,575,2009,0
99,1,22,575,2010,0
99,1,22,575,2011,0
99,1,22,575,2012,0
99,1,22,575,2013,0
99,1,22,575,2014,0
99,1,22,575,2015,0
99,1,22,575,2016,0
99,1,27,575,1990,0
99,1,27,575,1991,0
99,1,27,575,1992,0
99,1,27,575,1993,0
99,1,27,575,1994,0
99,1,27,575,1995,0
99,1,27,575,1996,0
99,1,27,575,1997,0
99,1,27,575,1998,0
99,1,27,575,1999,0
99,1,27,575,2000,0
99,1,27,575,2001,0
99,1,27,575,2002,0
99,1,27,575,2003,0
99,1,27,575,2004,0
99,1,27,575,2005,0
99,1,27,575,2006,0
99,1,27,575,2007,0
99,1,27,575,2008,0
99,1,27,575,2009,0
99,1,27,575,2010,0
99,1,27,575,2011,0
99,1,27,575,2012,0
99,1,27,575,2013,0
99,1,27,575,2014,0
99,1,27,575,2015,0
99,1,27,575,2016,0
99,2,22,575,1990,0
99,2,22,575,1991,0
99,2,22,575,1992,0
99,2,22,575,1993,0
99,2,22,575,1994,0
99,2,22,575,1995,0
99,2,22,575,1996,0
99,2,22,575,1997,0
99,2,22,575,1998,0
99,2,22,575,1999,0
99,2,22,575,2000,0
99,2,22,575,2001,0
99,2,22,575,2002,0
99,2,22,575,2003,0
99,2,22,575,2004,0
99,2,22,575,2005,0
99,2,22,575,2006,0
99,2,22,575,2007,0
99,2,22,575,2008,0
99,2,22,575,2009,0
99,2,22,575,2010,0
99,2,22,575,2011,0
99,2,22,575,2012,0
99,2,22,575,2013,0
99,2,22,575,2014,0
99,2,22,575,2015,0
99,2,22,575,2016,0
99,2,27,575,1990,0
99,2,27,575,1991,0
99,2,27,575,1992,0
99,2,27,575,1993,0
99,2,27,575,1994,0
99,2,27,575,1995,0
99,2,27,575,1996,0
99,2,27,575,1997,0
99,2,27,575,1998,0
99,2,27,575,1999,0
99,2,27,575,2000,0
99,2,27,575,2001,0
99,2,27,575,2002,0
99,2,27,575,2003,0
99,2,27,575,2004,0
99,2,27,575,2005,0
99,2,27,575,2006,0
99,2,27,575,2007,0
99,2,27,575,2008,0
99,2,27,575,2009,0
99,2,27,575,2010,0
99,2,27,575,2011,0
99,2,27,575,2012,0
99,2,27,575,2013,0
99,2,27,575,2014,0
99,2,27,575,2015,0
99,2,27,575,2016,0
99,3,22,575,1990,0
99,3,22,575,1991,0
99,3,22,575,1992,0
99,3,22,575,1993,0
99,3,22,575,1994,0
99,3,22,575,1995,0
99,3,22,575,1996,0
99,3,22,575,1997,0
99,3,22,575,1998,0
99,3,22,575,1999,0
99,3,22,575,2000,0
99,3,22,575,2001,0
99,3,22,575,2002,0
99,3,22,575,2003,0
99,3,22,575,2004,0
99,3,22,575,2005,0
99,3,22,575,2006,0
99,3,22,575,2007,0
99,3,22,575,2008,0
99,3,22,575,2009,0
99,3,22,575,2010,0
99,3,22,575,2011,0
99,3,22,575,2012,0
99,3,22,575,2013,0
99,3,22,575,2014,0
99,3,22,575,2015,0
99,3,22,575,2016,0
99,3,27,575,1990,0
99,3,27,575,1991,0
99,3,27,575,1992,0
99,3,27,575,1993,0
99,3,27,575,1994,0
99,3,27,575,1995,0
99,3,27,575,1996,0
99,3,27,575,1997,0
99,3,27,575,1998,0
99,3,27,575,1999,0
99,3,27,575,2000,0
99,3,27,575,2001,0
99,3,27,575,2002,0
99,3,27,575,2003,0
99,3,27,575,2004,0
99,3,27,575,2005,0
99,3,27,575,2006,0
99,3,27,575,2007,0
99,3,27,575,2008,0
99,3,27,575,2009,0
99,3,27,575,2010,0
99,3,27,575,2011,0
99,3,27,575,2012,0
99,3,27,575,2013,0
99,3,27,575,2014,0
99,3,27,575,2015,0
99,3,27,575,2016,0
101,1,22,575,1990,0
101,1,22,575,1991,0
101,1,22,575,1992,0
101,1,22,575,1993,0
101,1,22,575,1994,0
101,1,22,575,1995,0
101,1,22,575,1996,0
101,1,22,575,1997,0
101,1,22,575,1998,0
101,1,22,575,1999,0
101,1,22,575,2000,0
101,1,22,575,2001,0
101,1,22,575,2002,0
101,1,22,575,2003,0
101,1,22,575,2004,0
101,1,22,575,2005,0
101,1,22,575,2006,0
101,1,22,575,2007,0
101,1,22,575,2008,0
101,1,22,575,2009,0
101,1,22,575,2010,0
101,1,22,575,2011,0
101,1,22,575,2012,0
101,1,22,575,2013,0
101,1,22,575,2014,0
101,1,22,575,2015,0
101,1,22,575,2016,0
101,1,27,575,1990,0
101,1,27,575,1991,0
101,1,27,575,1992,0
101,1,27,575,1993,0
101,1,27,575,1994,0
101,1,27,575,1995,0
101,1,27,575,1996,0
101,1,27,575,1997,0
101,1,27,575,1998,0
101,1,27,575,1999,0
101,1,27,575,2000,0
101,1,27,575,2001,0
101,1,27,575,2002,0
101,1,27,575,2003,0
101,1,27,575,2004,0
101,1,27,575,2005,0
101,1,27,575,2006,0
101,1,27,575,2007,0
101,1,27,575,2008,0
101,1,27,575,2009,0
101,1,27,575,2010,0
101,1,27,575,2011,0
101,1,27,575,2012,0
101,1,27,575,2013,0
101,1,27,575,2014,0
101,1,27,575,2015,0
101,1,27,575,2016,0
101,2,22,575,1990,0
101,2,22,575,1991,0
101,2,22,575,1992,0
101,2,22,575,1993,0
101,2,22,575,1994,0
101,2,22,575,1995,0
101,2,22,575,1996,0
101,2,22,575,1997,0
101,2,22,575,1998,0
101,2,22,575,1999,0
101,2,22,575,2000,0
101,2,22,575,2001,0
101,2,22,575,2002,0
101,2,22,575,2003,0
101,2,22,575,2004,0
101,2,22,575,2005,0
101,2,22,575,2006,0
101,2,22,575,2007,0
101,2,22,575,2008,0
101,2,22,575,2009,0
101,2,22,575,2010,0
101,2,22,575,2011,0
101,2,22,575,2012,0
101,2,22,575,2013,0
101,2,22,575,2014,0
101,2,22,575,2015,0
101,2,22,575,2016,0
101,2,27,575,1990,0
101,2,27,575,1991,0
101,2,27,575,1992,0
101,2,27,575,1993,0
101,2,27,575,1994,0
101,2,27,575,1995,0
101,2,27,575,1996,0
101,2,27,575,1997,0
101,2,27,575,1998,0
101,2,27,575,1999,0
101,2,27,575,2000,0
101,2,27,575,2001,0
101,2,27,575,2002,0
101,2,27,575,2003,0
101,2,27,575,2004,0
101,2,27,575,2005,0
101,2,27,575,2006,0
101,2,27,575,2007,0
101,2,27,575,2008,0
101,2,27,575,2009,0
101,2,27,575,2010,0
101,2,27,575,2011,0
101,2,27,575,2012,0
101,2,27,575,2013,0
101,2,27,575,2014,0
101,2,27,575,2015,0
101,2,27,575,2016,0
101,3,22,575,1990,0
101,3,22,575,1991,0
101,3,22,575,1992,0
101,3,22,575,1993,0
101,3,22,575,1994,0
101,3,22,575,1995,0
101,3,22,575,1996,0
101,3,22,575,1997,0
101,3,22,575,1998,0
101,3,22,575,1999,0
101,3,22,575,2000,0
101,3,22,575,2001,0
101,3,22,575,2002,0
101,3,22,575,2003,0
101,3,22,575,2004,0
101,3,22,575,2005,0
101,3,22,575,2006,0
101,3,22,575,2007,0
101,3,22,575,2008,0
101,3,22,575,2009,0
101,3,22,575,2010,0
101,3,22,575,2011,0
101,3,22,575,2012,0
101,3,22,575,2013,0
101,3,22,575,2014,0
101,3,22,575,2015,0
101,3,22,575,2016,0
101,3,27,575,1990,0
101,3,27,575,1991,0
101,3,27,575,1992,0
101,3,27,575,1993,0
101,3,27,575,1994,0
101,3,27,575,1995,0
101,3,27,575,1996,0
101,3,27,575,1997,0
101,3,27,575,1998,0
101,3,27,575,1999,0
101,3,27,575,2000,0
101,3,27,575,2001,0
101,3,27,575,2002,0
101,3,27,575,2003,0
101,3,27,575,2004,0
101,3,27,575,2005,0
101,3,27,575,2006,0
101,3,27,575,2007,0
101,3,27,575,2008,0
101,3,27,575,2009,0
101,3,27,575,2010,0
101,3,27,575,2011,0
101,3,27,575,2012,0
101,3,27,575,2013,0
101,3,27,575,2014,0
101,3,27,575,2015,0
101,3,27,575,2016,0
102,1,22,575,1990,0
102,1,22,575,1991,0
102,1,22,575,1992,0
102,1,22,575,1993,0
102,1,22,575,1994,0
102,1,22,575,1995,0
102,1,22,575,1996,0
102,1,22,575,1997,0
102,1,22,575,1998,0
102,1,22,575,1999,0
102,1,22,575,2000,0
102,1,22,575,2001,0
102,1,22,575,2002,0
102,1,22,575,2003,0
102,1,22,575,2004,0
102,1,22,575,2005,0
102,1,22,575,2006,0
102,1,22,575,2007,0
102,1,22,575,2008,0
102,1,22,575,2009,0
102,1,22,575,2010,0
102,1,22,575,2011,0
102,1,22,575,2012,0
102,1,22,575,2013,0
102,1,22,575,2014,0
102,1,22,575,2015,0
102,1,22,575,2016,0
102,1,27,575,1990,0
102,1,27,575,1991,0
102,1,27,575,1992,0
102,1,27,575,1993,0
102,1,27,575,1994,0
102,1,27,575,1995,0
102,1,27,575,1996,0
102,1,27,575,1997,0
102,1,27,575,1998,0
102,1,27,575,1999,0
102,1,27,575,2000,0
102,1,27,575,2001,0
102,1,27,575,2002,0
102,1,27,575,2003,0
102,1,27,575,2004,0
102,1,27,575,2005,0
102,1,27,575,2006,0
102,1,27,575,2007,0
102,1,27,575,2008,0
102,1,27,575,2009,0
102,1,27,575,2010,0
102,1,27,575,2011,0
102,1,27,575,2012,0
102,1,27,575,2013,0
102,1,27,575,2014,0
102,1,27,575,2015,0
102,1,27,575,2016,0
102,2,22,575,1990,0
102,2,22,575,1991,0
102,2,22,575,1992,0
102,2,22,575,1993,0
102,2,22,575,1994,0
102,2,22,575,1995,0
102,2,22,575,1996,0
102,2,22,575,1997,0
102,2,22,575,1998,0
102,2,22,575,1999,0
102,2,22,575,2000,0
102,2,22,575,2001,0
102,2,22,575,2002,0
102,2,22,575,2003,0
102,2,22,575,2004,0
102,2,22,575,2005,0
102,2,22,575,2006,0
102,2,22,575,2007,0
102,2,22,575,2008,0
102,2,22,575,2009,0
102,2,22,575,2010,0
102,2,22,575,2011,0
102,2,22,575,2012,0
102,2,22,575,2013,0
102,2,22,575,2014,0
102,2,22,575,2015,0
102,2,22,575,2016,0
102,2,27,575,1990,0
102,2,27,575,1991,0
102,2,27,575,1992,0
102,2,27,575,1993,0
102,2,27,575,1994,0
102,2,27,575,1995,0
102,2,27,575,1996,0
102,2,27,575,1997,0
102,2,27,575,1998,0
102,2,27,575,1999,0
102,2,27,575,2000,0
102,2,27,575,2001,0
102,2,27,575,2002,0
102,2,27,575,2003,0
102,2,27,575,2004,0
102,2,27,575,2005,0
102,2,27,575,2006,0
102,2,27,575,2007,0
102,2,27,575,2008,0
102,2,27,575,2009,0
102,2,27,575,2010,0
102,2,27,575,2011,0
102,2,27,575,2012,0
102,2,27,575,2013,0
102,2,27,575,2014,0
102,2,27,575,2015,0
102,2,27,575,2016,0
102,3,22,575,1990,0
102,3,22,575,1991,0
102,3,22,575,1992,0
102,3,22,575,1993,0
102,3,22,575,1994,0
102,3,22,575,1995,0
102,3,22,575,1996,0
102,3,22,575,1997,0
102,3,22,575,1998,0
102,3,22,575,1999,0
102,3,22,575,2000,0
102,3,22,575,2001,0
102,3,22,575,2002,0
102,3,22,575,2003,0
102,3,22,575,2004,0
102,3,22,575,2005,0
102,3,22,575,2006,0
102,3,22,575,2007,0
102,3,22,575,2008,0
102,3,22,575,2009,0
102,3,22,575,2010,0
102,3,22,575,2011,0
102,3,22,575,2012,0
102,3,22,575,2013,0
102,3,22,575,2014,0
102,3,22,575,2015,0
102,3,22,575,2016,0
102,3,27,575,1990,0
102,3,27,575,1991,0
102,3,27,575,1992,0
102,3,27,575,1993,0
102,3,27,575,1994,0
102,3,27,575,1995,0
102,3,27,575,1996,0
102,3,27,575,1997,0
102,3,27,575,1998,0
102,3,27,575,1999,0
102,3,27,575,2000,0
102,3,27,575,2001,0
102,3,27,575,2002,0
102,3,27,575,2003,0
102,3,27,575,2004,0
102,3,27,575,2005,0
102,3,27,575,2006,0
102,3,27,575,2007,0
102,3,27,575,2008,0
102,3,27,575,2009,0
102,3,27,575,2010,0
102,3,27,575,2011,0
102,3,27,575,2012,0
102,3,27,575,2013,0
102,3,27,575,2014,0
102,3,27,575,2015,0
102,3,27,575,2016,0
105,1,22,575,1990,0
105,1,22,575,1991,0
105,1,22,575,1992,0
105,1,22,575,1993,0
105,1,22,575,1994,0
105,1,22,575,1995,0
105,1,22,575,1996,0
105,1,22,575,1997,0
105,1,22,575,1998,0
105,1,22,575,1999,0
105,1,22,575,2000,0
105,1,22,575,2001,0
105,1,22,575,2002,0
105,1,22,575,2003,0
105,1,22,575,2004,0
105,1,22,575,2005,0
105,1,22,575,2006,0
105,1,22,575,2007,0
105,1,22,575,2008,0
105,1,22,575,2009,0
105,1,22,575,2010,0
105,1,22,575,2011,0
105,1,22,575,2012,0
105,1,22,575,2013,0
105,1,22,575,2014,0
105,1,22,575,2015,0
105,1,22,575,2016,0
105,1,27,575,1990,0
105,1,27,575,1991,0
105,1,27,575,1992,0
105,1,27,575,1993,0
105,1,27,575,1994,0
105,1,27,575,1995,0
105,1,27,575,1996,0
105,1,27,575,1997,0
105,1,27,575,1998,0
105,1,27,575,1999,0
105,1,27,575,2000,0
105,1,27,575,2001,0
105,1,27,575,2002,0
105,1,27,575,2003,0
105,1,27,575,2004,0
105,1,27,575,2005,0
105,1,27,575,2006,0
105,1,27,575,2007,0
105,1,27,575,2008,0
105,1,27,575,2009,0
105,1,27,575,2010,0
105,1,27,575,2011,0
105,1,27,575,2012,0
105,1,27,575,2013,0
105,1,27,575,2014,0
105,1,27,575,2015,0
105,1,27,575,2016,0
105,2,22,575,1990,0
105,2,22,575,1991,0
105,2,22,575,1992,0
105,2,22,575,1993,0
105,2,22,575,1994,0
105,2,22,575,1995,0
105,2,22,575,1996,0
105,2,22,575,1997,0
105,2,22,575,1998,0
105,2,22,575,1999,0
105,2,22,575,2000,0
105,2,22,575,2001,0
105,2,22,575,2002,0
105,2,22,575,2003,0
105,2,22,575,2004,0
105,2,22,575,2005,0
105,2,22,575,2006,0
105,2,22,575,2007,0
105,2,22,575,2008,0
105,2,22,575,2009,0
105,2,22,575,2010,0
105,2,22,575,2011,0
105,2,22,575,2012,0
105,2,22,575,2013,0
105,2,22,575,2014,0
105,2,22,575,2015,0
105,2,22,575,2016,0
105,2,27,575,1990,0
105,2,27,575,1991,0
105,2,27,575,1992,0
105,2,27,575,1993,0
105,2,27,575,1994,0
105,2,27,575,1995,0
105,2,27,575,1996,0
105,2,27,575,1997,0
105,2,27,575,1998,0
105,2,27,575,1999,0
105,2,27,575,2000,0
105,2,27,575,2001,0
105,2,27,575,2002,0
105,2,27,575,2003,0
105,2,27,575,2004,0
105,2,27,575,2005,0
105,2,27,575,2006,0
105,2,27,575,2007,0
105,2,27,575,2008,0
105,2,27,575,2009,0
105,2,27,575,2010,0
105,2,27,575,2011,0
105,2,27,575,2012,0
105,2,27,575,2013,0
105,2,27,575,2014,0
105,2,27,575,2015,0
105,2,27,575,2016,0
105,3,22,575,1990,0
105,3,22,575,1991,0
105,3,22,575,1992,0
105,3,22,575,1993,0
105,3,22,575,1994,0
105,3,22,575,1995,0
105,3,22,575,1996,0
105,3,22,575,1997,0
105,3,22,575,1998,0
105,3,22,575,1999,0
105,3,22,575,2000,0
105,3,22,575,2001,0
105,3,22,575,2002,0
105,3,22,575,2003,0
105,3,22,575,2004,0
105,3,22,575,2005,0
105,3,22,575,2006,0
105,3,22,575,2007,0
105,3,22,575,2008,0
105,3,22,575,2009,0
105,3,22,575,2010,0
105,3,22,575,2011,0
105,3,22,575,2012,0
105,3,22,575,2013,0
105,3,22,575,2014,0
105,3,22,575,2015,0
105,3,22,575,2016,0
105,3,27,575,1990,0
105,3,27,575,1991,0
105,3,27,575,1992,0
105,3,27,575,1993,0
105,3,27,575,1994,0
105,3,27,575,1995,0
105,3,27,575,1996,0
105,3,27,575,1997,0
105,3,27,575,1998,0
105,3,27,575,1999,0
105,3,27,575,2000,0
105,3,27,575,2001,0
105,3,27,575,2002,0
105,3,27,575,2003,0
105,3,27,575,2004,0
105,3,27,575,2005,0
105,3,27,575,2006,0
105,3,27,575,2007,0
105,3,27,575,2008,0
105,3,27,575,2009,0
105,3,27,575,2010,0
105,3,27,575,2011,0
105,3,27,575,2012,0
105,3,27,575,2013,0
105,3,27,575,2014,0
105,3,27,575,2015,0
105,3,27,575,2016,0
106,1,22,575,1990,0
106,1,22,575,1991,0
106,1,22,575,1992,0
106,1,22,575,1993,0
106,1,22,575,1994,0
106,1,22,575,1995,0
106,1,22,575,1996,0
106,1,22,575,1997,0
106,1,22,575,1998,0
106,1,22,575,1999,0
106,1,22,575,2000,0
106,1,22,575,2001,0
106,1,22,575,2002,0
106,1,22,575,2003,0
106,1,22,575,2004,0
106,1,22,575,2005,0
106,1,22,575,2006,0
106,1,22,575,2007,0
106,1,22,575,2008,0
106,1,22,575,2009,0
106,1,22,575,2010,0
106,1,22,575,2011,0
106,1,22,575,2012,0
106,1,22,575,2013,0
106,1,22,575,2014,0
106,1,22,575,2015,0
106,1,22,575,2016,0
106,1,27,575,1990,0
106,1,27,575,1991,0
106,1,27,575,1992,0
106,1,27,575,1993,0
106,1,27,575,1994,0
106,1,27,575,1995,0
106,1,27,575,1996,0
106,1,27,575,1997,0
106,1,27,575,1998,0
106,1,27,575,1999,0
106,1,27,575,2000,0
106,1,27,575,2001,0
106,1,27,575,2002,0
106,1,27,575,2003,0
106,1,27,575,2004,0
106,1,27,575,2005,0
106,1,27,575,2006,0
106,1,27,575,2007,0
106,1,27,575,2008,0
106,1,27,575,2009,0
106,1,27,575,2010,0
106,1,27,575,2011,0
106,1,27,575,2012,0
106,1,27,575,2013,0
106,1,27,575,2014,0
106,1,27,575,2015,0
106,1,27,575,2016,0
106,2,22,575,1990,0
106,2,22,575,1991,0
106,2,22,575,1992,0
106,2,22,575,1993,0
106,2,22,575,1994,0
106,2,22,575,1995,0
106,2,22,575,1996,0
106,2,22,575,1997,0
106,2,22,575,1998,0
106,2,22,575,1999,0
106,2,22,575,2000,0
106,2,22,575,2001,0
106,2,22,575,2002,0
106,2,22,575,2003,0
106,2,22,575,2004,0
106,2,22,575,2005,0
106,2,22,575,2006,0
106,2,22,575,2007,0
106,2,22,575,2008,0
106,2,22,575,2009,0
106,2,22,575,2010,0
106,2,22,575,2011,0
106,2,22,575,2012,0
106,2,22,575,2013,0
106,2,22,575,2014,0
106,2,22,575,2015,0
106,2,22,575,2016,0
106,2,27,575,1990,0
106,2,27,575,1991,0
106,2,27,575,1992,0
106,2,27,575,1993,0
106,2,27,575,1994,0
106,2,27,575,1995,0
106,2,27,575,1996,0
106,2,27,575,1997,0
106,2,27,575,1998,0
106,2,27,575,1999,0
106,2,27,575,2000,0
106,2,27,575,2001,0
106,2,27,575,2002,0
106,2,27,575,2003,0
106,2,27,575,2004,0
106,2,27,575,2005,0
106,2,27,575,2006,0
106,2,27,575,2007,0
106,2,27,575,2008,0
106,2,27,575,2009,0
106,2,27,575,2010,0
106,2,27,575,2011,0
106,2,27,575,2012,0
106,2,27,575,2013,0
106,2,27,575,2014,0
106,2,27,575,2015,0
106,2,27,575,2016,0
106,3,22,575,1990,0
106,3,22,575,1991,0
106,3,22,575,1992,0
106,3,22,575,1993,0
106,3,22,575,1994,0
106,3,22,575,1995,0
106,3,22,575,1996,0
106,3,22,575,1997,0
106,3,22,575,1998,0
106,3,22,575,1999,0
106,3,22,575,2000,0
106,3,22,575,2001,0
106,3,22,575,2002,0
106,3,22,575,2003,0
106,3,22,575,2004,0
106,3,22,575,2005,0
106,3,22,575,2006,0
106,3,22,575,2007,0
106,3,22,575,2008,0
106,3,22,575,2009,0
106,3,22,575,2010,0
106,3,22,575,2011,0
106,3,22,575,2012,0
106,3,22,575,2013,0
106,3,22,575,2014,0
106,3,22,575,2015,0
106,3,22,575,2016,0
106,3,27,575,1990,0
106,3,27,575,1991,0
106,3,27,575,1992,0
106,3,27,575,1993,0
106,3,27,575,1994,0
106,3,27,575,1995,0
106,3,27,575,1996,0
106,3,27,575,1997,0
106,3,27,575,1998,0
106,3,27,575,1999,0
106,3,27,575,2000,0
106,3,27,575,2001,0
106,3,27,575,2002,0
106,3,27,575,2003,0
106,3,27,575,2004,0
106,3,27,575,2005,0
106,3,27,575,2006,0
106,3,27,575,2007,0
106,3,27,575,2008,0
106,3,27,575,2009,0
106,3,27,575,2010,0
106,3,27,575,2011,0
106,3,27,575,2012,0
106,3,27,575,2013,0
106,3,27,575,2014,0
106,3,27,575,2015,0
106,3,27,575,2016,0
107,1,22,575,1990,0
107,1,22,575,1991,0
107,1,22,575,1992,0
107,1,22,575,1993,0
107,1,22,575,1994,0
107,1,22,575,1995,0
107,1,22,575,1996,0
107,1,22,575,1997,0
107,1,22,575,1998,0
107,1,22,575,1999,0
107,1,22,575,2000,0
107,1,22,575,2001,0
107,1,22,575,2002,0
107,1,22,575,2003,0
107,1,22,575,2004,0
107,1,22,575,2005,0
107,1,22,575,2006,0
107,1,22,575,2007,0
107,1,22,575,2008,0
107,1,22,575,2009,0
107,1,22,575,2010,0
107,1,22,575,2011,0
107,1,22,575,2012,0
107,1,22,575,2013,0
107,1,22,575,2014,0
107,1,22,575,2015,0
107,1,22,575,2016,0
107,1,27,575,1990,0
107,1,27,575,1991,0
107,1,27,575,1992,0
107,1,27,575,1993,0
107,1,27,575,1994,0
107,1,27,575,1995,0
107,1,27,575,1996,0
107,1,27,575,1997,0
107,1,27,575,1998,0
107,1,27,575,1999,0
107,1,27,575,2000,0
107,1,27,575,2001,0
107,1,27,575,2002,0
107,1,27,575,2003,0
107,1,27,575,2004,0
107,1,27,575,2005,0
107,1,27,575,2006,0
107,1,27,575,2007,0
107,1,27,575,2008,0
107,1,27,575,2009,0
107,1,27,575,2010,0
107,1,27,575,2011,0
107,1,27,575,2012,0
107,1,27,575,2013,0
107,1,27,575,2014,0
107,1,27,575,2015,0
107,1,27,575,2016,0
107,2,22,575,1990,0
107,2,22,575,1991,0
107,2,22,575,1992,0
107,2,22,575,1993,0
107,2,22,575,1994,0
107,2,22,575,1995,0
107,2,22,575,1996,0
107,2,22,575,1997,0
107,2,22,575,1998,0
107,2,22,575,1999,0
107,2,22,575,2000,0
107,2,22,575,2001,0
107,2,22,575,2002,0
107,2,22,575,2003,0
107,2,22,575,2004,0
107,2,22,575,2005,0
107,2,22,575,2006,0
107,2,22,575,2007,0
107,2,22,575,2008,0
107,2,22,575,2009,0
107,2,22,575,2010,0
107,2,22,575,2011,0
107,2,22,575,2012,0
107,2,22,575,2013,0
107,2,22,575,2014,0
107,2,22,575,2015,0
107,2,22,575,2016,0
107,2,27,575,1990,0
107,2,27,575,1991,0
107,2,27,575,1992,0
107,2,27,575,1993,0
107,2,27,575,1994,0
107,2,27,575,1995,0
107,2,27,575,1996,0
107,2,27,575,1997,0
107,2,27,575,1998,0
107,2,27,575,1999,0
107,2,27,575,2000,0
107,2,27,575,2001,0
107,2,27,575,2002,0
107,2,27,575,2003,0
107,2,27,575,2004,0
107,2,27,575,2005,0
107,2,27,575,2006,0
107,2,27,575,2007,0
107,2,27,575,2008,0
107,2,27,575,2009,0
107,2,27,575,2010,0
107,2,27,575,2011,0
107,2,27,575,2012,0
107,2,27,575,2013,0
107,2,27,575,2014,0
107,2,27,575,2015,0
107,2,27,575,2016,0
107,3,22,575,1990,0
107,3,22,575,1991,0
107,3,22,575,1992,0
107,3,22,575,1993,0
107,3,22,575,1994,0
107,3,22,575,1995,0
107,3,22,575,1996,0
107,3,22,575,1997,0
107,3,22,575,1998,0
107,3,22,575,1999,0
107,3,22,575,2000,0
107,3,22,575,2001,0
107,3,22,575,2002,0
107,3,22,575,2003,0
107,3,22,575,2004,0
107,3,22,575,2005,0
107,3,22,575,2006,0
107,3,22,575,2007,0
107,3,22,575,2008,0
107,3,22,575,2009,0
107,3,22,575,2010,0
107,3,22,575,2011,0
107,3,22,575,2012,0
107,3,22,575,2013,0
107,3,22,575,2014,0
107,3,22,575,2015,0
107,3,22,575,2016,0
107,3,27,575,1990,0
107,3,27,575,1991,0
107,3,27,575,1992,0
107,3,27,575,1993,0
107,3,27,575,1994,0
107,3,27,575,1995,0
107,3,27,575,1996,0
107,3,27,575,1997,0
107,3,27,575,1998,0
107,3,27,575,1999,0
107,3,27,575,2000,0
107,3,27,575,2001,0
107,3,27,575,2002,0
107,3,27,575,2003,0
107,3,27,575,2004,0
107,3,27,575,2005,0
107,3,27,575,2006,0
107,3,27,575,2007,0
107,3,27,575,2008,0
107,3,27,575,2009,0
107,3,27,575,2010,0
107,3,27,575,2011,0
107,3,27,575,2012,0
107,3,27,575,2013,0
107,3,27,575,2014,0
107,3,27,575,2015,0
107,3,27,575,2016,0
108,1,22,575,1990,0
108,1,22,575,1991,0
108,1,22,575,1992,0
108,1,22,575,1993,0
108,1,22,575,1994,0
108,1,22,575,1995,0
108,1,22,575,1996,0
108,1,22,575,1997,0
108,1,22,575,1998,0
108,1,22,575,1999,0
108,1,22,575,2000,0
108,1,22,575,2001,0
108,1,22,575,2002,0
108,1,22,575,2003,0
108,1,22,575,2004,0
108,1,22,575,2005,0
108,1,22,575,2006,0
108,1,22,575,2007,0
108,1,22,575,2008,0
108,1,22,575,2009,0
108,1,22,575,2010,0
108,1,22,575,2011,0
108,1,22,575,2012,0
108,1,22,575,2013,0
108,1,22,575,2014,0
108,1,22,575,2015,0
108,1,22,575,2016,0
108,1,27,575,1990,0
108,1,27,575,1991,0
108,1,27,575,1992,0
108,1,27,575,1993,0
108,1,27,575,1994,0
108,1,27,575,1995,0
108,1,27,575,1996,0
108,1,27,575,1997,0
108,1,27,575,1998,0
108,1,27,575,1999,0
108,1,27,575,2000,0
108,1,27,575,2001,0
108,1,27,575,2002,0
108,1,27,575,2003,0
108,1,27,575,2004,0
108,1,27,575,2005,0
108,1,27,575,2006,0
108,1,27,575,2007,0
108,1,27,575,2008,0
108,1,27,575,2009,0
108,1,27,575,2010,0
108,1,27,575,2011,0
108,1,27,575,2012,0
108,1,27,575,2013,0
108,1,27,575,2014,0
108,1,27,575,2015,0
108,1,27,575,2016,0
108,2,22,575,1990,0
108,2,22,575,1991,0
108,2,22,575,1992,0
108,2,22,575,1993,0
108,2,22,575,1994,0
108,2,22,575,1995,0
108,2,22,575,1996,0
108,2,22,575,1997,0
108,2,22,575,1998,0
108,2,22,575,1999,0
108,2,22,575,2000,0
108,2,22,575,2001,0
108,2,22,575,2002,0
108,2,22,575,2003,0
108,2,22,575,2004,0
108,2,22,575,2005,0
108,2,22,575,2006,0
108,2,22,575,2007,0
108,2,22,575,2008,0
108,2,22,575,2009,0
108,2,22,575,2010,0
108,2,22,575,2011,0
108,2,22,575,2012,0
108,2,22,575,2013,0
108,2,22,575,2014,0
108,2,22,575,2015,0
108,2,22,575,2016,0
108,2,27,575,1990,0
108,2,27,575,1991,0
108,2,27,575,1992,0
108,2,27,575,1993,0
108,2,27,575,1994,0
108,2,27,575,1995,0
108,2,27,575,1996,0
108,2,27,575,1997,0
108,2,27,575,1998,0
108,2,27,575,1999,0
108,2,27,575,2000,0
108,2,27,575,2001,0
108,2,27,575,2002,0
108,2,27,575,2003,0
108,2,27,575,2004,0
108,2,27,575,2005,0
108,2,27,575,2006,0
108,2,27,575,2007,0
108,2,27,575,2008,0
108,2,27,575,2009,0
108,2,27,575,2010,0
108,2,27,575,2011,0
108,2,27,575,2012,0
108,2,27,575,2013,0
108,2,27,575,2014,0
108,2,27,575,2015,0
108,2,27,575,2016,0
108,3,22,575,1990,0
108,3,22,575,1991,0
108,3,22,575,1992,0
108,3,22,575,1993,0
108,3,22,575,1994,0
108,3,22,575,1995,0
108,3,22,575,1996,0
108,3,22,575,1997,0
108,3,22,575,1998,0
108,3,22,575,1999,0
108,3,22,575,2000,0
108,3,22,575,2001,0
108,3,22,575,2002,0
108,3,22,575,2003,0
108,3,22,575,2004,0
108,3,22,575,2005,0
108,3,22,575,2006,0
108,3,22,575,2007,0
108,3,22,575,2008,0
108,3,22,575,2009,0
108,3,22,575,2010,0
108,3,22,575,2011,0
108,3,22,575,2012,0
108,3,22,575,2013,0
108,3,22,575,2014,0
108,3,22,575,2015,0
108,3,22,575,2016,0
108,3,27,575,1990,0
108,3,27,575,1991,0
108,3,27,575,1992,0
108,3,27,575,1993,0
108,3,27,575,1994,0
108,3,27,575,1995,0
108,3,27,575,1996,0
108,3,27,575,1997,0
108,3,27,575,1998,0
108,3,27,575,1999,0
108,3,27,575,2000,0
108,3,27,575,2001,0
108,3,27,575,2002,0
108,3,27,575,2003,0
108,3,27,575,2004,0
108,3,27,575,2005,0
108,3,27,575,2006,0
108,3,27,575,2007,0
108,3,27,575,2008,0
108,3,27,575,2009,0
108,3,27,575,2010,0
108,3,27,575,2011,0
108,3,27,575,2012,0
108,3,27,575,2013,0
108,3,27,575,2014,0
108,3,27,575,2015,0
108,3,27,575,2016,0
109,1,22,575,1990,0
109,1,22,575,1991,0
109,1,22,575,1992,0
109,1,22,575,1993,0
109,1,22,575,1994,0
109,1,22,575,1995,0
109,1,22,575,1996,0
109,1,22,575,1997,0
109,1,22,575,1998,0
109,1,22,575,1999,0
109,1,22,575,2000,0
109,1,22,575,2001,0
109,1,22,575,2002,0
109,1,22,575,2003,0
109,1,22,575,2004,0
109,1,22,575,2005,0
109,1,22,575,2006,0
109,1,22,575,2007,0
109,1,22,575,2008,0
109,1,22,575,2009,0
109,1,22,575,2010,0
109,1,22,575,2011,0
109,1,22,575,2012,0
109,1,22,575,2013,0
109,1,22,575,2014,0
109,1,22,575,2015,0
109,1,22,575,2016,0
109,1,27,575,1990,0
109,1,27,575,1991,0
109,1,27,575,1992,0
109,1,27,575,1993,0
109,1,27,575,1994,0
109,1,27,575,1995,0
109,1,27,575,1996,0
109,1,27,575,1997,0
109,1,27,575,1998,0
109,1,27,575,1999,0
109,1,27,575,2000,0
109,1,27,575,2001,0
109,1,27,575,2002,0
109,1,27,575,2003,0
109,1,27,575,2004,0
109,1,27,575,2005,0
109,1,27,575,2006,0
109,1,27,575,2007,0
109,1,27,575,2008,0
109,1,27,575,2009,0
109,1,27,575,2010,0
109,1,27,575,2011,0
109,1,27,575,2012,0
109,1,27,575,2013,0
109,1,27,575,2014,0
109,1,27,575,2015,0
109,1,27,575,2016,0
109,2,22,575,1990,0
109,2,22,575,1991,0
109,2,22,575,1992,0
109,2,22,575,1993,0
109,2,22,575,1994,0
109,2,22,575,1995,0
109,2,22,575,1996,0
109,2,22,575,1997,0
109,2,22,575,1998,0
109,2,22,575,1999,0
109,2,22,575,2000,0
109,2,22,575,2001,0
109,2,22,575,2002,0
109,2,22,575,2003,0
109,2,22,575,2004,0
109,2,22,575,2005,0
109,2,22,575,2006,0
109,2,22,575,2007,0
109,2,22,575,2008,0
109,2,22,575,2009,0
109,2,22,575,2010,0
109,2,22,575,2011,0
109,2,22,575,2012,0
109,2,22,575,2013,0
109,2,22,575,2014,0
109,2,22,575,2015,0
109,2,22,575,2016,0
109,2,27,575,1990,0
109,2,27,575,1991,0
109,2,27,575,1992,0
109,2,27,575,1993,0
109,2,27,575,1994,0
109,2,27,575,1995,0
109,2,27,575,1996,0
109,2,27,575,1997,0
109,2,27,575,1998,0
109,2,27,575,1999,0
109,2,27,575,2000,0
109,2,27,575,2001,0
109,2,27,575,2002,0
109,2,27,575,2003,0
109,2,27,575,2004,0
109,2,27,575,2005,0
109,2,27,575,2006,0
109,2,27,575,2007,0
109,2,27,575,2008,0
109,2,27,575,2009,0
109,2,27,575,2010,0
109,2,27,575,2011,0
109,2,27,575,2012,0
109,2,27,575,2013,0
109,2,27,575,2014,0
109,2,27,575,2015,0
109,2,27,575,2016,0
109,3,22,575,1990,0
109,3,22,575,1991,0
109,3,22,575,1992,0
109,3,22,575,1993,0
109,3,22,575,1994,0
109,3,22,575,1995,0
109,3,22,575,1996,0
109,3,22,575,1997,0
109,3,22,575,1998,0
109,3,22,575,1999,0
109,3,22,575,2000,0
109,3,22,575,2001,0
109,3,22,575,2002,0
109,3,22,575,2003,0
109,3,22,575,2004,0
109,3,22,575,2005,0
109,3,22,575,2006,0
109,3,22,575,2007,0
109,3,22,575,2008,0
109,3,22,575,2009,0
109,3,22,575,2010,0
109,3,22,575,2011,0
109,3,22,575,2012,0
109,3,22,575,2013,0
109,3,22,575,2014,0
109,3,22,575,2015,0
109,3,22,575,2016,0
109,3,27,575,1990,0
109,3,27,575,1991,0
109,3,27,575,1992,0
109,3,27,575,1993,0
109,3,27,575,1994,0
109,3,27,575,1995,0
109,3,27,575,1996,0
109,3,27,575,1997,0
109,3,27,575,1998,0
109,3,27,575,1999,0
109,3,27,575,2000,0
109,3,27,575,2001,0
109,3,27,575,2002,0
109,3,27,575,2003,0
109,3,27,575,2004,0
109,3,27,575,2005,0
109,3,27,575,2006,0
109,3,27,575,2007,0
109,3,27,575,2008,0
109,3,27,575,2009,0
109,3,27,575,2010,0
109,3,27,575,2011,0
109,3,27,575,2012,0
109,3,27,575,2013,0
109,3,27,575,2014,0
109,3,27,575,2015,0
109,3,27,575,2016,0
110,1,22,575,1990,0
110,1,22,575,1991,0
110,1,22,575,1992,0
110,1,22,575,1993,0
110,1,22,575,1994,0
110,1,22,575,1995,0
110,1,22,575,1996,0
110,1,22,575,1997,0
110,1,22,575,1998,0
110,1,22,575,1999,0
110,1,22,575,2000,0
110,1,22,575,2001,0
110,1,22,575,2002,0
110,1,22,575,2003,0
110,1,22,575,2004,0
110,1,22,575,2005,0
110,1,22,575,2006,0
110,1,22,575,2007,0
110,1,22,575,2008,0
110,1,22,575,2009,0
110,1,22,575,2010,0
110,1,22,575,2011,0
110,1,22,575,2012,0
110,1,22,575,2013,0
110,1,22,575,2014,0
110,1,22,575,2015,0
110,1,22,575,2016,0
110,1,27,575,1990,0
110,1,27,575,1991,0
110,1,27,575,1992,0
110,1,27,575,1993,0
110,1,27,575,1994,0
110,1,27,575,1995,0
110,1,27,575,1996,0
110,1,27,575,1997,0
110,1,27,575,1998,0
110,1,27,575,1999,0
110,1,27,575,2000,0
110,1,27,575,2001,0
110,1,27,575,2002,0
110,1,27,575,2003,0
110,1,27,575,2004,0
110,1,27,575,2005,0
110,1,27,575,2006,0
110,1,27,575,2007,0
110,1,27,575,2008,0
110,1,27,575,2009,0
110,1,27,575,2010,0
110,1,27,575,2011,0
110,1,27,575,2012,0
110,1,27,575,2013,0
110,1,27,575,2014,0
110,1,27,575,2015,0
110,1,27,575,2016,0
110,2,22,575,1990,0
110,2,22,575,1991,0
110,2,22,575,1992,0
110,2,22,575,1993,0
110,2,22,575,1994,0
110,2,22,575,1995,0
110,2,22,575,1996,0
110,2,22,575,1997,0
110,2,22,575,1998,0
110,2,22,575,1999,0
110,2,22,575,2000,0
110,2,22,575,2001,0
110,2,22,575,2002,0
110,2,22,575,2003,0
110,2,22,575,2004,0
110,2,22,575,2005,0
110,2,22,575,2006,0
110,2,22,575,2007,0
110,2,22,575,2008,0
110,2,22,575,2009,0
110,2,22,575,2010,0
110,2,22,575,2011,0
110,2,22,575,2012,0
110,2,22,575,2013,0
110,2,22,575,2014,0
110,2,22,575,2015,0
110,2,22,575,2016,0
110,2,27,575,1990,0
110,2,27,575,1991,0
110,2,27,575,1992,0
110,2,27,575,1993,0
110,2,27,575,1994,0
110,2,27,575,1995,0
110,2,27,575,1996,0
110,2,27,575,1997,0
110,2,27,575,1998,0
110,2,27,575,1999,0
110,2,27,575,2000,0
110,2,27,575,2001,0
110,2,27,575,2002,0
110,2,27,575,2003,0
110,2,27,575,2004,0
110,2,27,575,2005,0
110,2,27,575,2006,0
110,2,27,575,2007,0
110,2,27,575,2008,0
110,2,27,575,2009,0
110,2,27,575,2010,0
110,2,27,575,2011,0
110,2,27,575,2012,0
110,2,27,575,2013,0
110,2,27,575,2014,0
110,2,27,575,2015,0
110,2,27,575,2016,0
110,3,22,575,1990,0
110,3,22,575,1991,0
110,3,22,575,1992,0
110,3,22,575,1993,0
110,3,22,575,1994,0
110,3,22,575,1995,0
110,3,22,575,1996,0
110,3,22,575,1997,0
110,3,22,575,1998,0
110,3,22,575,1999,0
110,3,22,575,2000,0
110,3,22,575,2001,0
110,3,22,575,2002,0
110,3,22,575,2003,0
110,3,22,575,2004,0
110,3,22,575,2005,0
110,3,22,575,2006,0
110,3,22,575,2007,0
110,3,22,575,2008,0
110,3,22,575,2009,0
110,3,22,575,2010,0
110,3,22,575,2011,0
110,3,22,575,2012,0
110,3,22,575,2013,0
110,3,22,575,2014,0
110,3,22,575,2015,0
110,3,22,575,2016,0
110,3,27,575,1990,0
110,3,27,575,1991,0
110,3,27,575,1992,0
110,3,27,575,1993,0
110,3,27,575,1994,0
110,3,27,575,1995,0
110,3,27,575,1996,0
110,3,27,575,1997,0
110,3,27,575,1998,0
110,3,27,575,1999,0
110,3,27,575,2000,0
110,3,27,575,2001,0
110,3,27,575,2002,0
110,3,27,575,2003,0
110,3,27,575,2004,0
110,3,27,575,2005,0
110,3,27,575,2006,0
110,3,27,575,2007,0
110,3,27,575,2008,0
110,3,27,575,2009,0
110,3,27,575,2010,0
110,3,27,575,2011,0
110,3,27,575,2012,0
110,3,27,575,2013,0
110,3,27,575,2014,0
110,3,27,575,2015,0
110,3,27,575,2016,0
111,1,22,575,1990,0
111,1,22,575,1991,0
111,1,22,575,1992,0
111,1,22,575,1993,0
111,1,22,575,1994,0
111,1,22,575,1995,0
111,1,22,575,1996,0
111,1,22,575,1997,0
111,1,22,575,1998,0
111,1,22,575,1999,0
111,1,22,575,2000,0
111,1,22,575,2001,0
111,1,22,575,2002,0
111,1,22,575,2003,0
111,1,22,575,2004,0
111,1,22,575,2005,0
111,1,22,575,2006,0
111,1,22,575,2007,0
111,1,22,575,2008,0
111,1,22,575,2009,0
111,1,22,575,2010,0
111,1,22,575,2011,0
111,1,22,575,2012,0
111,1,22,575,2013,0
111,1,22,575,2014,0
111,1,22,575,2015,0
111,1,22,575,2016,0
111,1,27,575,1990,0
111,1,27,575,1991,0
111,1,27,575,1992,0
111,1,27,575,1993,0
111,1,27,575,1994,0
111,1,27,575,1995,0
111,1,27,575,1996,0
111,1,27,575,1997,0
111,1,27,575,1998,0
111,1,27,575,1999,0
111,1,27,575,2000,0
111,1,27,575,2001,0
111,1,27,575,2002,0
111,1,27,575,2003,0
111,1,27,575,2004,0
111,1,27,575,2005,0
111,1,27,575,2006,0
111,1,27,575,2007,0
111,1,27,575,2008,0
111,1,27,575,2009,0
111,1,27,575,2010,0
111,1,27,575,2011,0
111,1,27,575,2012,0
111,1,27,575,2013,0
111,1,27,575,2014,0
111,1,27,575,2015,0
111,1,27,575,2016,0
111,2,22,575,1990,0
111,2,22,575,1991,0
111,2,22,575,1992,0
111,2,22,575,1993,0
111,2,22,575,1994,0
111,2,22,575,1995,0
111,2,22,575,1996,0
111,2,22,575,1997,0
111,2,22,575,1998,0
111,2,22,575,1999,0
111,2,22,575,2000,0
111,2,22,575,2001,0
111,2,22,575,2002,0
111,2,22,575,2003,0
111,2,22,575,2004,0
111,2,22,575,2005,0
111,2,22,575,2006,0
111,2,22,575,2007,0
111,2,22,575,2008,0
111,2,22,575,2009,0
111,2,22,575,2010,0
111,2,22,575,2011,0
111,2,22,575,2012,0
111,2,22,575,2013,0
111,2,22,575,2014,0
111,2,22,575,2015,0
111,2,22,575,2016,0
111,2,27,575,1990,0
111,2,27,575,1991,0
111,2,27,575,1992,0
111,2,27,575,1993,0
111,2,27,575,1994,0
111,2,27,575,1995,0
111,2,27,575,1996,0
111,2,27,575,1997,0
111,2,27,575,1998,0
111,2,27,575,1999,0
111,2,27,575,2000,0
111,2,27,575,2001,0
111,2,27,575,2002,0
111,2,27,575,2003,0
111,2,27,575,2004,0
111,2,27,575,2005,0
111,2,27,575,2006,0
111,2,27,575,2007,0
111,2,27,575,2008,0
111,2,27,575,2009,0
111,2,27,575,2010,0
111,2,27,575,2011,0
111,2,27,575,2012,0
111,2,27,575,2013,0
111,2,27,575,2014,0
111,2,27,575,2015,0
111,2,27,575,2016,0
111,3,22,575,1990,0
111,3,22,575,1991,0
111,3,22,575,1992,0
111,3,22,575,1993,0
111,3,22,575,1994,0
111,3,22,575,1995,0
111,3,22,575,1996,0
111,3,22,575,1997,0
111,3,22,575,1998,0
111,3,22,575,1999,0
111,3,22,575,2000,0
111,3,22,575,2001,0
111,3,22,575,2002,0
111,3,22,575,2003,0
111,3,22,575,2004,0
111,3,22,575,2005,0
111,3,22,575,2006,0
111,3,22,575,2007,0
111,3,22,575,2008,0
111,3,22,575,2009,0
111,3,22,575,2010,0
111,3,22,575,2011,0
111,3,22,575,2012,0
111,3,22,575,2013,0
111,3,22,575,2014,0
111,3,22,575,2015,0
111,3,22,575,2016,0
111,3,27,575,1990,0
111,3,27,575,1991,0
111,3,27,575,1992,0
111,3,27,575,1993,0
111,3,27,575,1994,0
111,3,27,575,1995,0
111,3,27,575,1996,0
111,3,27,575,1997,0
111,3,27,575,1998,0
111,3,27,575,1999,0
111,3,27,575,2000,0
111,3,27,575,2001,0
111,3,27,575,2002,0
111,3,27,575,2003,0
111,3,27,575,2004,0
111,3,27,575,2005,0
111,3,27,575,2006,0
111,3,27,575,2007,0
111,3,27,575,2008,0
111,3,27,575,2009,0
111,3,27,575,2010,0
111,3,27,575,2011,0
111,3,27,575,2012,0
111,3,27,575,2013,0
111,3,27,575,2014,0
111,3,27,575,2015,0
111,3,27,575,2016,0
112,1,22,575,1990,0
112,1,22,575,1991,0
112,1,22,575,1992,0
112,1,22,575,1993,0
112,1,22,575,1994,0
112,1,22,575,1995,0
112,1,22,575,1996,0
112,1,22,575,1997,0
112,1,22,575,1998,0
112,1,22,575,1999,0
112,1,22,575,2000,0
112,1,22,575,2001,0
112,1,22,575,2002,0
112,1,22,575,2003,0
112,1,22,575,2004,0
112,1,22,575,2005,0
112,1,22,575,2006,0
112,1,22,575,2007,0
112,1,22,575,2008,0
112,1,22,575,2009,0
112,1,22,575,2010,0
112,1,22,575,2011,0
112,1,22,575,2012,0
112,1,22,575,2013,0
112,1,22,575,2014,0
112,1,22,575,2015,0
112,1,22,575,2016,0
112,1,27,575,1990,0
112,1,27,575,1991,0
112,1,27,575,1992,0
112,1,27,575,1993,0
112,1,27,575,1994,0
112,1,27,575,1995,0
112,1,27,575,1996,0
112,1,27,575,1997,0
112,1,27,575,1998,0
112,1,27,575,1999,0
112,1,27,575,2000,0
112,1,27,575,2001,0
112,1,27,575,2002,0
112,1,27,575,2003,0
112,1,27,575,2004,0
112,1,27,575,2005,0
112,1,27,575,2006,0
112,1,27,575,2007,0
112,1,27,575,2008,0
112,1,27,575,2009,0
112,1,27,575,2010,0
112,1,27,575,2011,0
112,1,27,575,2012,0
112,1,27,575,2013,0
112,1,27,575,2014,0
112,1,27,575,2015,0
112,1,27,575,2016,0
112,2,22,575,1990,0
112,2,22,575,1991,0
112,2,22,575,1992,0
112,2,22,575,1993,0
112,2,22,575,1994,0
112,2,22,575,1995,0
112,2,22,575,1996,0
112,2,22,575,1997,0
112,2,22,575,1998,0
112,2,22,575,1999,0
112,2,22,575,2000,0
112,2,22,575,2001,0
112,2,22,575,2002,0
112,2,22,575,2003,0
112,2,22,575,2004,0
112,2,22,575,2005,0
112,2,22,575,2006,0
112,2,22,575,2007,0
112,2,22,575,2008,0
112,2,22,575,2009,0
112,2,22,575,2010,0
112,2,22,575,2011,0
112,2,22,575,2012,0
112,2,22,575,2013,0
112,2,22,575,2014,0
112,2,22,575,2015,0
112,2,22,575,2016,0
112,2,27,575,1990,0
112,2,27,575,1991,0
112,2,27,575,1992,0
112,2,27,575,1993,0
112,2,27,575,1994,0
112,2,27,575,1995,0
112,2,27,575,1996,0
112,2,27,575,1997,0
112,2,27,575,1998,0
112,2,27,575,1999,0
112,2,27,575,2000,0
112,2,27,575,2001,0
112,2,27,575,2002,0
112,2,27,575,2003,0
112,2,27,575,2004,0
112,2,27,575,2005,0
112,2,27,575,2006,0
112,2,27,575,2007,0
112,2,27,575,2008,0
112,2,27,575,2009,0
112,2,27,575,2010,0
112,2,27,575,2011,0
112,2,27,575,2012,0
112,2,27,575,2013,0
112,2,27,575,2014,0
112,2,27,575,2015,0
112,2,27,575,2016,0
112,3,22,575,1990,0
112,3,22,575,1991,0
112,3,22,575,1992,0
112,3,22,575,1993,0
112,3,22,575,1994,0
112,3,22,575,1995,0
112,3,22,575,1996,0
112,3,22,575,1997,0
112,3,22,575,1998,0
112,3,22,575,1999,0
112,3,22,575,2000,0
112,3,22,575,2001,0
112,3,22,575,2002,0
112,3,22,575,2003,0
112,3,22,575,2004,0
112,3,22,575,2005,0
112,3,22,575,2006,0
112,3,22,575,2007,0
112,3,22,575,2008,0
112,3,22,575,2009,0
112,3,22,575,2010,0
112,3,22,575,2011,0
112,3,22,575,2012,0
112,3,22,575,2013,0
112,3,22,575,2014,0
112,3,22,575,2015,0
112,3,22,575,2016,0
112,3,27,575,1990,0
112,3,27,575,1991,0
112,3,27,575,1992,0
112,3,27,575,1993,0
112,3,27,575,1994,0
112,3,27,575,1995,0
112,3,27,575,1996,0
112,3,27,575,1997,0
112,3,27,575,1998,0
112,3,27,575,1999,0
112,3,27,575,2000,0
112,3,27,575,2001,0
112,3,27,575,2002,0
112,3,27,575,2003,0
112,3,27,575,2004,0
112,3,27,575,2005,0
112,3,27,575,2006,0
112,3,27,575,2007,0
112,3,27,575,2008,0
112,3,27,575,2009,0
112,3,27,575,2010,0
112,3,27,575,2011,0
112,3,27,575,2012,0
112,3,27,575,2013,0
112,3,27,575,2014,0
112,3,27,575,2015,0
112,3,27,575,2016,0
113,1,22,575,1990,0
113,1,22,575,1991,0
113,1,22,575,1992,0
113,1,22,575,1993,0
113,1,22,575,1994,0
113,1,22,575,1995,0
113,1,22,575,1996,0
113,1,22,575,1997,0
113,1,22,575,1998,0
113,1,22,575,1999,0
113,1,22,575,2000,0
113,1,22,575,2001,0
113,1,22,575,2002,0
113,1,22,575,2003,0
113,1,22,575,2004,0
113,1,22,575,2005,0
113,1,22,575,2006,0
113,1,22,575,2007,0
113,1,22,575,2008,0
113,1,22,575,2009,0
113,1,22,575,2010,0
113,1,22,575,2011,0
113,1,22,575,2012,0
113,1,22,575,2013,0
113,1,22,575,2014,0
113,1,22,575,2015,0
113,1,22,575,2016,0
113,1,27,575,1990,0
113,1,27,575,1991,0
113,1,27,575,1992,0
113,1,27,575,1993,0
113,1,27,575,1994,0
113,1,27,575,1995,0
113,1,27,575,1996,0
113,1,27,575,1997,0
113,1,27,575,1998,0
113,1,27,575,1999,0
113,1,27,575,2000,0
113,1,27,575,2001,0
113,1,27,575,2002,0
113,1,27,575,2003,0
113,1,27,575,2004,0
113,1,27,575,2005,0
113,1,27,575,2006,0
113,1,27,575,2007,0
113,1,27,575,2008,0
113,1,27,575,2009,0
113,1,27,575,2010,0
113,1,27,575,2011,0
113,1,27,575,2012,0
113,1,27,575,2013,0
113,1,27,575,2014,0
113,1,27,575,2015,0
113,1,27,575,2016,0
113,2,22,575,1990,0
113,2,22,575,1991,0
113,2,22,575,1992,0
113,2,22,575,1993,0
113,2,22,575,1994,0
113,2,22,575,1995,0
113,2,22,575,1996,0
113,2,22,575,1997,0
113,2,22,575,1998,0
113,2,22,575,1999,0
113,2,22,575,2000,0
113,2,22,575,2001,0
113,2,22,575,2002,0
113,2,22,575,2003,0
113,2,22,575,2004,0
113,2,22,575,2005,0
113,2,22,575,2006,0
113,2,22,575,2007,0
113,2,22,575,2008,0
113,2,22,575,2009,0
113,2,22,575,2010,0
113,2,22,575,2011,0
113,2,22,575,2012,0
113,2,22,575,2013,0
113,2,22,575,2014,0
113,2,22,575,2015,0
113,2,22,575,2016,0
113,2,27,575,1990,0
113,2,27,575,1991,0
113,2,27,575,1992,0
113,2,27,575,1993,0
113,2,27,575,1994,0
113,2,27,575,1995,0
113,2,27,575,1996,0
113,2,27,575,1997,0
113,2,27,575,1998,0
113,2,27,575,1999,0
113,2,27,575,2000,0
113,2,27,575,2001,0
113,2,27,575,2002,0
113,2,27,575,2003,0
113,2,27,575,2004,0
113,2,27,575,2005,0
113,2,27,575,2006,0
113,2,27,575,2007,0
113,2,27,575,2008,0
113,2,27,575,2009,0
113,2,27,575,2010,0
113,2,27,575,2011,0
113,2,27,575,2012,0
113,2,27,575,2013,0
113,2,27,575,2014,0
113,2,27,575,2015,0
113,2,27,575,2016,0
113,3,22,575,1990,0
113,3,22,575,1991,0
113,3,22,575,1992,0
113,3,22,575,1993,0
113,3,22,575,1994,0
113,3,22,575,1995,0
113,3,22,575,1996,0
113,3,22,575,1997,0
113,3,22,575,1998,0
113,3,22,575,1999,0
113,3,22,575,2000,0
113,3,22,575,2001,0
113,3,22,575,2002,0
113,3,22,575,2003,0
113,3,22,575,2004,0
113,3,22,575,2005,0
113,3,22,575,2006,0
113,3,22,575,2007,0
113,3,22,575,2008,0
113,3,22,575,2009,0
113,3,22,575,2010,0
113,3,22,575,2011,0
113,3,22,575,2012,0
113,3,22,575,2013,0
113,3,22,575,2014,0
113,3,22,575,2015,0
113,3,22,575,2016,0
113,3,27,575,1990,0
113,3,27,575,1991,0
113,3,27,575,1992,0
113,3,27,575,1993,0
113,3,27,575,1994,0
113,3,27,575,1995,0
113,3,27,575,1996,0
113,3,27,575,1997,0
113,3,27,575,1998,0
113,3,27,575,1999,0
113,3,27,575,2000,0
113,3,27,575,2001,0
113,3,27,575,2002,0
113,3,27,575,2003,0
113,3,27,575,2004,0
113,3,27,575,2005,0
113,3,27,575,2006,0
113,3,27,575,2007,0
113,3,27,575,2008,0
113,3,27,575,2009,0
113,3,27,575,2010,0
113,3,27,575,2011,0
113,3,27,575,2012,0
113,3,27,575,2013,0
113,3,27,575,2014,0
113,3,27,575,2015,0
113,3,27,575,2016,0
114,1,22,575,1990,0
114,1,22,575,1991,0
114,1,22,575,1992,0
114,1,22,575,1993,0
114,1,22,575,1994,0
114,1,22,575,1995,0
114,1,22,575,1996,0
114,1,22,575,1997,0
114,1,22,575,1998,0
114,1,22,575,1999,0
114,1,22,575,2000,0
114,1,22,575,2001,0
114,1,22,575,2002,0
114,1,22,575,2003,0
114,1,22,575,2004,0
114,1,22,575,2005,0
114,1,22,575,2006,0
114,1,22,575,2007,0
114,1,22,575,2008,0
114,1,22,575,2009,0
114,1,22,575,2010,0
114,1,22,575,2011,0
114,1,22,575,2012,0
114,1,22,575,2013,0
114,1,22,575,2014,0
114,1,22,575,2015,0
114,1,22,575,2016,0
114,1,27,575,1990,0
114,1,27,575,1991,0
114,1,27,575,1992,0
114,1,27,575,1993,0
114,1,27,575,1994,0
114,1,27,575,1995,0
114,1,27,575,1996,0
114,1,27,575,1997,0
114,1,27,575,1998,0
114,1,27,575,1999,0
114,1,27,575,2000,0
114,1,27,575,2001,0
114,1,27,575,2002,0
114,1,27,575,2003,0
114,1,27,575,2004,0
114,1,27,575,2005,0
114,1,27,575,2006,0
114,1,27,575,2007,0
114,1,27,575,2008,0
114,1,27,575,2009,0
114,1,27,575,2010,0
114,1,27,575,2011,0
114,1,27,575,2012,0
114,1,27,575,2013,0
114,1,27,575,2014,0
114,1,27,575,2015,0
114,1,27,575,2016,0
114,2,22,575,1990,0
114,2,22,575,1991,0
114,2,22,575,1992,0
114,2,22,575,1993,0
114,2,22,575,1994,0
114,2,22,575,1995,0
114,2,22,575,1996,0
114,2,22,575,1997,0
114,2,22,575,1998,0
114,2,22,575,1999,0
114,2,22,575,2000,0
114,2,22,575,2001,0
114,2,22,575,2002,0
114,2,22,575,2003,0
114,2,22,575,2004,0
114,2,22,575,2005,0
114,2,22,575,2006,0
114,2,22,575,2007,0
114,2,22,575,2008,0
114,2,22,575,2009,0
114,2,22,575,2010,0
114,2,22,575,2011,0
114,2,22,575,2012,0
114,2,22,575,2013,0
114,2,22,575,2014,0
114,2,22,575,2015,0
114,2,22,575,2016,0
114,2,27,575,1990,0
114,2,27,575,1991,0
114,2,27,575,1992,0
114,2,27,575,1993,0
114,2,27,575,1994,0
114,2,27,575,1995,0
114,2,27,575,1996,0
114,2,27,575,1997,0
114,2,27,575,1998,0
114,2,27,575,1999,0
114,2,27,575,2000,0
114,2,27,575,2001,0
114,2,27,575,2002,0
114,2,27,575,2003,0
114,2,27,575,2004,0
114,2,27,575,2005,0
114,2,27,575,2006,0
114,2,27,575,2007,0
114,2,27,575,2008,0
114,2,27,575,2009,0
114,2,27,575,2010,0
114,2,27,575,2011,0
114,2,27,575,2012,0
114,2,27,575,2013,0
114,2,27,575,2014,0
114,2,27,575,2015,0
114,2,27,575,2016,0
114,3,22,575,1990,0
114,3,22,575,1991,0
114,3,22,575,1992,0
114,3,22,575,1993,0
114,3,22,575,1994,0
114,3,22,575,1995,0
114,3,22,575,1996,0
114,3,22,575,1997,0
114,3,22,575,1998,0
114,3,22,575,1999,0
114,3,22,575,2000,0
114,3,22,575,2001,0
114,3,22,575,2002,0
114,3,22,575,2003,0
114,3,22,575,2004,0
114,3,22,575,2005,0
114,3,22,575,2006,0
114,3,22,575,2007,0
114,3,22,575,2008,0
114,3,22,575,2009,0
114,3,22,575,2010,0
114,3,22,575,2011,0
114,3,22,575,2012,0
114,3,22,575,2013,0
114,3,22,575,2014,0
114,3,22,575,2015,0
114,3,22,575,2016,0
114,3,27,575,1990,0
114,3,27,575,1991,0
114,3,27,575,1992,0
114,3,27,575,1993,0
114,3,27,575,1994,0
114,3,27,575,1995,0
114,3,27,575,1996,0
114,3,27,575,1997,0
114,3,27,575,1998,0
114,3,27,575,1999,0
114,3,27,575,2000,0
114,3,27,575,2001,0
114,3,27,575,2002,0
114,3,27,575,2003,0
114,3,27,575,2004,0
114,3,27,575,2005,0
114,3,27,575,2006,0
114,3,27,575,2007,0
114,3,27,575,2008,0
114,3,27,575,2009,0
114,3,27,575,2010,0
114,3,27,575,2011,0
114,3,27,575,2012,0
114,3,27,575,2013,0
114,3,27,575,2014,0
114,3,27,575,2015,0
114,3,27,575,2016,0
115,1,22,575,1990,0
115,1,22,575,1991,0
115,1,22,575,1992,0
115,1,22,575,1993,0
115,1,22,575,1994,0
115,1,22,575,1995,0
115,1,22,575,1996,0
115,1,22,575,1997,0
115,1,22,575,1998,0
115,1,22,575,1999,0
115,1,22,575,2000,0
115,1,22,575,2001,0
115,1,22,575,2002,0
115,1,22,575,2003,0
115,1,22,575,2004,0
115,1,22,575,2005,0
115,1,22,575,2006,0
115,1,22,575,2007,0
115,1,22,575,2008,0
115,1,22,575,2009,0
115,1,22,575,2010,0
115,1,22,575,2011,0
115,1,22,575,2012,0
115,1,22,575,2013,0
115,1,22,575,2014,0
115,1,22,575,2015,0
115,1,22,575,2016,0
115,1,27,575,1990,0
115,1,27,575,1991,0
115,1,27,575,1992,0
115,1,27,575,1993,0
115,1,27,575,1994,0
115,1,27,575,1995,0
115,1,27,575,1996,0
115,1,27,575,1997,0
115,1,27,575,1998,0
115,1,27,575,1999,0
115,1,27,575,2000,0
115,1,27,575,2001,0
115,1,27,575,2002,0
115,1,27,575,2003,0
115,1,27,575,2004,0
115,1,27,575,2005,0
115,1,27,575,2006,0
115,1,27,575,2007,0
115,1,27,575,2008,0
115,1,27,575,2009,0
115,1,27,575,2010,0
115,1,27,575,2011,0
115,1,27,575,2012,0
115,1,27,575,2013,0
115,1,27,575,2014,0
115,1,27,575,2015,0
115,1,27,575,2016,0
115,2,22,575,1990,0
115,2,22,575,1991,0
115,2,22,575,1992,0
115,2,22,575,1993,0
115,2,22,575,1994,0
115,2,22,575,1995,0
115,2,22,575,1996,0
115,2,22,575,1997,0
115,2,22,575,1998,0
115,2,22,575,1999,0
115,2,22,575,2000,0
115,2,22,575,2001,0
115,2,22,575,2002,0
115,2,22,575,2003,0
115,2,22,575,2004,0
115,2,22,575,2005,0
115,2,22,575,2006,0
115,2,22,575,2007,0
115,2,22,575,2008,0
115,2,22,575,2009,0
115,2,22,575,2010,0
115,2,22,575,2011,0
115,2,22,575,2012,0
115,2,22,575,2013,0
115,2,22,575,2014,0
115,2,22,575,2015,0
115,2,22,575,2016,0
115,2,27,575,1990,0
115,2,27,575,1991,0
115,2,27,575,1992,0
115,2,27,575,1993,0
115,2,27,575,1994,0
115,2,27,575,1995,0
115,2,27,575,1996,0
115,2,27,575,1997,0
115,2,27,575,1998,0
115,2,27,575,1999,0
115,2,27,575,2000,0
115,2,27,575,2001,0
115,2,27,575,2002,0
115,2,27,575,2003,0
115,2,27,575,2004,0
115,2,27,575,2005,0
115,2,27,575,2006,0
115,2,27,575,2007,0
115,2,27,575,2008,0
115,2,27,575,2009,0
115,2,27,575,2010,0
115,2,27,575,2011,0
115,2,27,575,2012,0
115,2,27,575,2013,0
115,2,27,575,2014,0
115,2,27,575,2015,0
115,2,27,575,2016,0
115,3,22,575,1990,0
115,3,22,575,1991,0
115,3,22,575,1992,0
115,3,22,575,1993,0
115,3,22,575,1994,0
115,3,22,575,1995,0
115,3,22,575,1996,0
115,3,22,575,1997,0
115,3,22,575,1998,0
115,3,22,575,1999,0
115,3,22,575,2000,0
115,3,22,575,2001,0
115,3,22,575,2002,0
115,3,22,575,2003,0
115,3,22,575,2004,0
115,3,22,575,2005,0
115,3,22,575,2006,0
115,3,22,575,2007,0
115,3,22,575,2008,0
115,3,22,575,2009,0
115,3,22,575,2010,0
115,3,22,575,2011,0
115,3,22,575,2012,0
115,3,22,575,2013,0
115,3,22,575,2014,0
115,3,22,575,2015,0
115,3,22,575,2016,0
115,3,27,575,1990,0
115,3,27,575,1991,0
115,3,27,575,1992,0
115,3,27,575,1993,0
115,3,27,575,1994,0
115,3,27,575,1995,0
115,3,27,575,1996,0
115,3,27,575,1997,0
115,3,27,575,1998,0
115,3,27,575,1999,0
115,3,27,575,2000,0
115,3,27,575,2001,0
115,3,27,575,2002,0
115,3,27,575,2003,0
115,3,27,575,2004,0
115,3,27,575,2005,0
115,3,27,575,2006,0
115,3,27,575,2007,0
115,3,27,575,2008,0
115,3,27,575,2009,0
115,3,27,575,2010,0
115,3,27,575,2011,0
115,3,27,575,2012,0
115,3,27,575,2013,0
115,3,27,575,2014,0
115,3,27,575,2015,0
115,3,27,575,2016,0
116,1,22,575,1990,0
116,1,22,575,1991,0
116,1,22,575,1992,0
116,1,22,575,1993,0
116,1,22,575,1994,0
116,1,22,575,1995,0
116,1,22,575,1996,0
116,1,22,575,1997,0
116,1,22,575,1998,0
116,1,22,575,1999,0
116,1,22,575,2000,0
116,1,22,575,2001,0
116,1,22,575,2002,0
116,1,22,575,2003,0
116,1,22,575,2004,0
116,1,22,575,2005,0
116,1,22,575,2006,0
116,1,22,575,2007,0
116,1,22,575,2008,0
116,1,22,575,2009,0
116,1,22,575,2010,0
116,1,22,575,2011,0
116,1,22,575,2012,0
116,1,22,575,2013,0
116,1,22,575,2014,0
116,1,22,575,2015,0
116,1,22,575,2016,0
116,1,27,575,1990,0
116,1,27,575,1991,0
116,1,27,575,1992,0
116,1,27,575,1993,0
116,1,27,575,1994,0
116,1,27,575,1995,0
116,1,27,575,1996,0
116,1,27,575,1997,0
116,1,27,575,1998,0
116,1,27,575,1999,0
116,1,27,575,2000,0
116,1,27,575,2001,0
116,1,27,575,2002,0
116,1,27,575,2003,0
116,1,27,575,2004,0
116,1,27,575,2005,0
116,1,27,575,2006,0
116,1,27,575,2007,0
116,1,27,575,2008,0
116,1,27,575,2009,0
116,1,27,575,2010,0
116,1,27,575,2011,0
116,1,27,575,2012,0
116,1,27,575,2013,0
116,1,27,575,2014,0
116,1,27,575,2015,0
116,1,27,575,2016,0
116,2,22,575,1990,0
116,2,22,575,1991,0
116,2,22,575,1992,0
116,2,22,575,1993,0
116,2,22,575,1994,0
116,2,22,575,1995,0
116,2,22,575,1996,0
116,2,22,575,1997,0
116,2,22,575,1998,0
116,2,22,575,1999,0
116,2,22,575,2000,0
116,2,22,575,2001,0
116,2,22,575,2002,0
116,2,22,575,2003,0
116,2,22,575,2004,0
116,2,22,575,2005,0
116,2,22,575,2006,0
116,2,22,575,2007,0
116,2,22,575,2008,0
116,2,22,575,2009,0
116,2,22,575,2010,0
116,2,22,575,2011,0
116,2,22,575,2012,0
116,2,22,575,2013,0
116,2,22,575,2014,0
116,2,22,575,2015,0
116,2,22,575,2016,0
116,2,27,575,1990,0
116,2,27,575,1991,0
116,2,27,575,1992,0
116,2,27,575,1993,0
116,2,27,575,1994,0
116,2,27,575,1995,0
116,2,27,575,1996,0
116,2,27,575,1997,0
116,2,27,575,1998,0
116,2,27,575,1999,0
116,2,27,575,2000,0
116,2,27,575,2001,0
116,2,27,575,2002,0
116,2,27,575,2003,0
116,2,27,575,2004,0
116,2,27,575,2005,0
116,2,27,575,2006,0
116,2,27,575,2007,0
116,2,27,575,2008,0
116,2,27,575,2009,0
116,2,27,575,2010,0
116,2,27,575,2011,0
116,2,27,575,2012,0
116,2,27,575,2013,0
116,2,27,575,2014,0
116,2,27,575,2015,0
116,2,27,575,2016,0
116,3,22,575,1990,0
116,3,22,575,1991,0
116,3,22,575,1992,0
116,3,22,575,1993,0
116,3,22,575,1994,0
116,3,22,575,1995,0
116,3,22,575,1996,0
116,3,22,575,1997,0
116,3,22,575,1998,0
116,3,22,575,1999,0
116,3,22,575,2000,0
116,3,22,575,2001,0
116,3,22,575,2002,0
116,3,22,575,2003,0
116,3,22,575,2004,0
116,3,22,575,2005,0
116,3,22,575,2006,0
116,3,22,575,2007,0
116,3,22,575,2008,0
116,3,22,575,2009,0
116,3,22,575,2010,0
116,3,22,575,2011,0
116,3,22,575,2012,0
116,3,22,575,2013,0
116,3,22,575,2014,0
116,3,22,575,2015,0
116,3,22,575,2016,0
116,3,27,575,1990,0
116,3,27,575,1991,0
116,3,27,575,1992,0
116,3,27,575,1993,0
116,3,27,575,1994,0
116,3,27,575,1995,0
116,3,27,575,1996,0
116,3,27,575,1997,0
116,3,27,575,1998,0
116,3,27,575,1999,0
116,3,27,575,2000,0
116,3,27,575,2001,0
116,3,27,575,2002,0
116,3,27,575,2003,0
116,3,27,575,2004,0
116,3,27,575,2005,0
116,3,27,575,2006,0
116,3,27,575,2007,0
116,3,27,575,2008,0
116,3,27,575,2009,0
116,3,27,575,2010,0
116,3,27,575,2011,0
116,3,27,575,2012,0
116,3,27,575,2013,0
116,3,27,575,2014,0
116,3,27,575,2015,0
116,3,27,575,2016,0
117,1,22,575,1990,0
117,1,22,575,1991,0
117,1,22,575,1992,0
117,1,22,575,1993,0
117,1,22,575,1994,0
117,1,22,575,1995,0
117,1,22,575,1996,0
117,1,22,575,1997,0
117,1,22,575,1998,0
117,1,22,575,1999,0
117,1,22,575,2000,0
117,1,22,575,2001,0
117,1,22,575,2002,0
117,1,22,575,2003,0
117,1,22,575,2004,0
117,1,22,575,2005,0
117,1,22,575,2006,0
117,1,22,575,2007,0
117,1,22,575,2008,0
117,1,22,575,2009,0
117,1,22,575,2010,0
117,1,22,575,2011,0
117,1,22,575,2012,0
117,1,22,575,2013,0
117,1,22,575,2014,0
117,1,22,575,2015,0
117,1,22,575,2016,0
117,1,27,575,1990,0
117,1,27,575,1991,0
117,1,27,575,1992,0
117,1,27,575,1993,0
117,1,27,575,1994,0
117,1,27,575,1995,0
117,1,27,575,1996,0
117,1,27,575,1997,0
117,1,27,575,1998,0
117,1,27,575,1999,0
117,1,27,575,2000,0
117,1,27,575,2001,0
117,1,27,575,2002,0
117,1,27,575,2003,0
117,1,27,575,2004,0
117,1,27,575,2005,0
117,1,27,575,2006,0
117,1,27,575,2007,0
117,1,27,575,2008,0
117,1,27,575,2009,0
117,1,27,575,2010,0
117,1,27,575,2011,0
117,1,27,575,2012,0
117,1,27,575,2013,0
117,1,27,575,2014,0
117,1,27,575,2015,0
117,1,27,575,2016,0
117,2,22,575,1990,0
117,2,22,575,1991,0
117,2,22,575,1992,0
117,2,22,575,1993,0
117,2,22,575,1994,0
117,2,22,575,1995,0
117,2,22,575,1996,0
117,2,22,575,1997,0
117,2,22,575,1998,0
117,2,22,575,1999,0
117,2,22,575,2000,0
117,2,22,575,2001,0
117,2,22,575,2002,0
117,2,22,575,2003,0
117,2,22,575,2004,0
117,2,22,575,2005,0
117,2,22,575,2006,0
117,2,22,575,2007,0
117,2,22,575,2008,0
117,2,22,575,2009,0
117,2,22,575,2010,0
117,2,22,575,2011,0
117,2,22,575,2012,0
117,2,22,575,2013,0
117,2,22,575,2014,0
117,2,22,575,2015,0
117,2,22,575,2016,0
117,2,27,575,1990,0
117,2,27,575,1991,0
117,2,27,575,1992,0
117,2,27,575,1993,0
117,2,27,575,1994,0
117,2,27,575,1995,0
117,2,27,575,1996,0
117,2,27,575,1997,0
117,2,27,575,1998,0
117,2,27,575,1999,0
117,2,27,575,2000,0
117,2,27,575,2001,0
117,2,27,575,2002,0
117,2,27,575,2003,0
117,2,27,575,2004,0
117,2,27,575,2005,0
117,2,27,575,2006,0
117,2,27,575,2007,0
117,2,27,575,2008,0
117,2,27,575,2009,0
117,2,27,575,2010,0
117,2,27,575,2011,0
117,2,27,575,2012,0
117,2,27,575,2013,0
117,2,27,575,2014,0
117,2,27,575,2015,0
117,2,27,575,2016,0
117,3,22,575,1990,0
117,3,22,575,1991,0
117,3,22,575,1992,0
117,3,22,575,1993,0
117,3,22,575,1994,0
117,3,22,575,1995,0
117,3,22,575,1996,0
117,3,22,575,1997,0
117,3,22,575,1998,0
117,3,22,575,1999,0
117,3,22,575,2000,0
117,3,22,575,2001,0
117,3,22,575,2002,0
117,3,22,575,2003,0
117,3,22,575,2004,0
117,3,22,575,2005,0
117,3,22,575,2006,0
117,3,22,575,2007,0
117,3,22,575,2008,0
117,3,22,575,2009,0
117,3,22,575,2010,0
117,3,22,575,2011,0
117,3,22,575,2012,0
117,3,22,575,2013,0
117,3,22,575,2014,0
117,3,22,575,2015,0
117,3,22,575,2016,0
117,3,27,575,1990,0
117,3,27,575,1991,0
117,3,27,575,1992,0
117,3,27,575,1993,0
117,3,27,575,1994,0
117,3,27,575,1995,0
117,3,27,575,1996,0
117,3,27,575,1997,0
117,3,27,575,1998,0
117,3,27,575,1999,0
117,3,27,575,2000,0
117,3,27,575,2001,0
117,3,27,575,2002,0
117,3,27,575,2003,0
117,3,27,575,2004,0
117,3,27,575,2005,0
117,3,27,575,2006,0
117,3,27,575,2007,0
117,3,27,575,2008,0
117,3,27,575,2009,0
117,3,27,575,2010,0
117,3,27,575,2011,0
117,3,27,575,2012,0
117,3,27,575,2013,0
117,3,27,575,2014,0
117,3,27,575,2015,0
117,3,27,575,2016,0
118,1,22,575,1990,0
118,1,22,575,1991,0
118,1,22,575,1992,0
118,1,22,575,1993,0
118,1,22,575,1994,0
118,1,22,575,1995,0
118,1,22,575,1996,0
118,1,22,575,1997,0
118,1,22,575,1998,0
118,1,22,575,1999,0
118,1,22,575,2000,0
118,1,22,575,2001,0
118,1,22,575,2002,0
118,1,22,575,2003,0
118,1,22,575,2004,0
118,1,22,575,2005,0
118,1,22,575,2006,0
118,1,22,575,2007,0
118,1,22,575,2008,0
118,1,22,575,2009,0
118,1,22,575,2010,0
118,1,22,575,2011,0
118,1,22,575,2012,0
118,1,22,575,2013,0
118,1,22,575,2014,0
118,1,22,575,2015,0
118,1,22,575,2016,0
118,1,27,575,1990,0
118,1,27,575,1991,0
118,1,27,575,1992,0
118,1,27,575,1993,0
118,1,27,575,1994,0
118,1,27,575,1995,0
118,1,27,575,1996,0
118,1,27,575,1997,0
118,1,27,575,1998,0
118,1,27,575,1999,0
118,1,27,575,2000,0
118,1,27,575,2001,0
118,1,27,575,2002,0
118,1,27,575,2003,0
118,1,27,575,2004,0
118,1,27,575,2005,0
118,1,27,575,2006,0
118,1,27,575,2007,0
118,1,27,575,2008,0
118,1,27,575,2009,0
118,1,27,575,2010,0
118,1,27,575,2011,0
118,1,27,575,2012,0
118,1,27,575,2013,0
118,1,27,575,2014,0
118,1,27,575,2015,0
118,1,27,575,2016,0
118,2,22,575,1990,0
118,2,22,575,1991,0
118,2,22,575,1992,0
118,2,22,575,1993,0
118,2,22,575,1994,0
118,2,22,575,1995,0
118,2,22,575,1996,0
118,2,22,575,1997,0
118,2,22,575,1998,0
118,2,22,575,1999,0
118,2,22,575,2000,0
118,2,22,575,2001,0
118,2,22,575,2002,0
118,2,22,575,2003,0
118,2,22,575,2004,0
118,2,22,575,2005,0
118,2,22,575,2006,0
118,2,22,575,2007,0
118,2,22,575,2008,0
118,2,22,575,2009,0
118,2,22,575,2010,0
118,2,22,575,2011,0
118,2,22,575,2012,0
118,2,22,575,2013,0
118,2,22,575,2014,0
118,2,22,575,2015,0
118,2,22,575,2016,0
118,2,27,575,1990,0
118,2,27,575,1991,0
118,2,27,575,1992,0
118,2,27,575,1993,0
118,2,27,575,1994,0
118,2,27,575,1995,0
118,2,27,575,1996,0
118,2,27,575,1997,0
118,2,27,575,1998,0
118,2,27,575,1999,0
118,2,27,575,2000,0
118,2,27,575,2001,0
118,2,27,575,2002,0
118,2,27,575,2003,0
118,2,27,575,2004,0
118,2,27,575,2005,0
118,2,27,575,2006,0
118,2,27,575,2007,0
118,2,27,575,2008,0
118,2,27,575,2009,0
118,2,27,575,2010,0
118,2,27,575,2011,0
118,2,27,575,2012,0
118,2,27,575,2013,0
118,2,27,575,2014,0
118,2,27,575,2015,0
118,2,27,575,2016,0
118,3,22,575,1990,0
118,3,22,575,1991,0
118,3,22,575,1992,0
118,3,22,575,1993,0
118,3,22,575,1994,0
118,3,22,575,1995,0
118,3,22,575,1996,0
118,3,22,575,1997,0
118,3,22,575,1998,0
118,3,22,575,1999,0
118,3,22,575,2000,0
118,3,22,575,2001,0
118,3,22,575,2002,0
118,3,22,575,2003,0
118,3,22,575,2004,0
118,3,22,575,2005,0
118,3,22,575,2006,0
118,3,22,575,2007,0
118,3,22,575,2008,0
118,3,22,575,2009,0
118,3,22,575,2010,0
118,3,22,575,2011,0
118,3,22,575,2012,0
118,3,22,575,2013,0
118,3,22,575,2014,0
118,3,22,575,2015,0
118,3,22,575,2016,0
118,3,27,575,1990,0
118,3,27,575,1991,0
118,3,27,575,1992,0
118,3,27,575,1993,0
118,3,27,575,1994,0
118,3,27,575,1995,0
118,3,27,575,1996,0
118,3,27,575,1997,0
118,3,27,575,1998,0
118,3,27,575,1999,0
118,3,27,575,2000,0
118,3,27,575,2001,0
118,3,27,575,2002,0
118,3,27,575,2003,0
118,3,27,575,2004,0
118,3,27,575,2005,0
118,3,27,575,2006,0
118,3,27,575,2007,0
118,3,27,575,2008,0
118,3,27,575,2009,0
118,3,27,575,2010,0
118,3,27,575,2011,0
118,3,27,575,2012,0
118,3,27,575,2013,0
118,3,27,575,2014,0
118,3,27,575,2015,0
118,3,27,575,2016,0
119,1,22,575,1990,0
119,1,22,575,1991,0
119,1,22,575,1992,0
119,1,22,575,1993,0
119,1,22,575,1994,0
119,1,22,575,1995,0
119,1,22,575,1996,0
119,1,22,575,1997,0
119,1,22,575,1998,0
119,1,22,575,1999,0
119,1,22,575,2000,0
119,1,22,575,2001,0
119,1,22,575,2002,0
119,1,22,575,2003,0
119,1,22,575,2004,0
119,1,22,575,2005,0
119,1,22,575,2006,0
119,1,22,575,2007,0
119,1,22,575,2008,0
119,1,22,575,2009,0
119,1,22,575,2010,0
119,1,22,575,2011,0
119,1,22,575,2012,0
119,1,22,575,2013,0
119,1,22,575,2014,0
119,1,22,575,2015,0
119,1,22,575,2016,0
119,1,27,575,1990,0
119,1,27,575,1991,0
119,1,27,575,1992,0
119,1,27,575,1993,0
119,1,27,575,1994,0
119,1,27,575,1995,0
119,1,27,575,1996,0
119,1,27,575,1997,0
119,1,27,575,1998,0
119,1,27,575,1999,0
119,1,27,575,2000,0
119,1,27,575,2001,0
119,1,27,575,2002,0
119,1,27,575,2003,0
119,1,27,575,2004,0
119,1,27,575,2005,0
119,1,27,575,2006,0
119,1,27,575,2007,0
119,1,27,575,2008,0
119,1,27,575,2009,0
119,1,27,575,2010,0
119,1,27,575,2011,0
119,1,27,575,2012,0
119,1,27,575,2013,0
119,1,27,575,2014,0
119,1,27,575,2015,0
119,1,27,575,2016,0
119,2,22,575,1990,0
119,2,22,575,1991,0
119,2,22,575,1992,0
119,2,22,575,1993,0
119,2,22,575,1994,0
119,2,22,575,1995,0
119,2,22,575,1996,0
119,2,22,575,1997,0
119,2,22,575,1998,0
119,2,22,575,1999,0
119,2,22,575,2000,0
119,2,22,575,2001,0
119,2,22,575,2002,0
119,2,22,575,2003,0
119,2,22,575,2004,0
119,2,22,575,2005,0
119,2,22,575,2006,0
119,2,22,575,2007,0
119,2,22,575,2008,0
119,2,22,575,2009,0
119,2,22,575,2010,0
119,2,22,575,2011,0
119,2,22,575,2012,0
119,2,22,575,2013,0
119,2,22,575,2014,0
119,2,22,575,2015,0
119,2,22,575,2016,0
119,2,27,575,1990,0
119,2,27,575,1991,0
119,2,27,575,1992,0
119,2,27,575,1993,0
119,2,27,575,1994,0
119,2,27,575,1995,0
119,2,27,575,1996,0
119,2,27,575,1997,0
119,2,27,575,1998,0
119,2,27,575,1999,0
119,2,27,575,2000,0
119,2,27,575,2001,0
119,2,27,575,2002,0
119,2,27,575,2003,0
119,2,27,575,2004,0
119,2,27,575,2005,0
119,2,27,575,2006,0
119,2,27,575,2007,0
119,2,27,575,2008,0
119,2,27,575,2009,0
119,2,27,575,2010,0
119,2,27,575,2011,0
119,2,27,575,2012,0
119,2,27,575,2013,0
119,2,27,575,2014,0
119,2,27,575,2015,0
119,2,27,575,2016,0
119,3,22,575,1990,0
119,3,22,575,1991,0
119,3,22,575,1992,0
119,3,22,575,1993,0
119,3,22,575,1994,0
119,3,22,575,1995,0
119,3,22,575,1996,0
119,3,22,575,1997,0
119,3,22,575,1998,0
119,3,22,575,1999,0
119,3,22,575,2000,0
119,3,22,575,2001,0
119,3,22,575,2002,0
119,3,22,575,2003,0
119,3,22,575,2004,0
119,3,22,575,2005,0
119,3,22,575,2006,0
119,3,22,575,2007,0
119,3,22,575,2008,0
119,3,22,575,2009,0
119,3,22,575,2010,0
119,3,22,575,2011,0
119,3,22,575,2012,0
119,3,22,575,2013,0
119,3,22,575,2014,0
119,3,22,575,2015,0
119,3,22,575,2016,0
119,3,27,575,1990,0
119,3,27,575,1991,0
119,3,27,575,1992,0
119,3,27,575,1993,0
119,3,27,575,1994,0
119,3,27,575,1995,0
119,3,27,575,1996,0
119,3,27,575,1997,0
119,3,27,575,1998,0
119,3,27,575,1999,0
119,3,27,575,2000,0
119,3,27,575,2001,0
119,3,27,575,2002,0
119,3,27,575,2003,0
119,3,27,575,2004,0
119,3,27,575,2005,0
119,3,27,575,2006,0
119,3,27,575,2007,0
119,3,27,575,2008,0
119,3,27,575,2009,0
119,3,27,575,2010,0
119,3,27,575,2011,0
119,3,27,575,2012,0
119,3,27,575,2013,0
119,3,27,575,2014,0
119,3,27,575,2015,0
119,3,27,575,2016,0
121,1,22,575,1990,0
121,1,22,575,1991,0
121,1,22,575,1992,0
121,1,22,575,1993,0
121,1,22,575,1994,0
121,1,22,575,1995,0
121,1,22,575,1996,0
121,1,22,575,1997,0
121,1,22,575,1998,0
121,1,22,575,1999,0
121,1,22,575,2000,0
121,1,22,575,2001,0
121,1,22,575,2002,0
121,1,22,575,2003,0
121,1,22,575,2004,0
121,1,22,575,2005,0
121,1,22,575,2006,0
121,1,22,575,2007,0
121,1,22,575,2008,0
121,1,22,575,2009,0
121,1,22,575,2010,0
121,1,22,575,2011,0
121,1,22,575,2012,0
121,1,22,575,2013,0
121,1,22,575,2014,0
121,1,22,575,2015,0
121,1,22,575,2016,0
121,1,27,575,1990,0
121,1,27,575,1991,0
121,1,27,575,1992,0
121,1,27,575,1993,0
121,1,27,575,1994,0
121,1,27,575,1995,0
121,1,27,575,1996,0
121,1,27,575,1997,0
121,1,27,575,1998,0
121,1,27,575,1999,0
121,1,27,575,2000,0
121,1,27,575,2001,0
121,1,27,575,2002,0
121,1,27,575,2003,0
121,1,27,575,2004,0
121,1,27,575,2005,0
121,1,27,575,2006,0
121,1,27,575,2007,0
121,1,27,575,2008,0
121,1,27,575,2009,0
121,1,27,575,2010,0
121,1,27,575,2011,0
121,1,27,575,2012,0
121,1,27,575,2013,0
121,1,27,575,2014,0
121,1,27,575,2015,0
121,1,27,575,2016,0
121,2,22,575,1990,0
121,2,22,575,1991,0
121,2,22,575,1992,0
121,2,22,575,1993,0
121,2,22,575,1994,0
121,2,22,575,1995,0
121,2,22,575,1996,0
121,2,22,575,1997,0
121,2,22,575,1998,0
121,2,22,575,1999,0
121,2,22,575,2000,0
121,2,22,575,2001,0
121,2,22,575,2002,0
121,2,22,575,2003,0
121,2,22,575,2004,0
121,2,22,575,2005,0
121,2,22,575,2006,0
121,2,22,575,2007,0
121,2,22,575,2008,0
121,2,22,575,2009,0
121,2,22,575,2010,0
121,2,22,575,2011,0
121,2,22,575,2012,0
121,2,22,575,2013,0
121,2,22,575,2014,0
121,2,22,575,2015,0
121,2,22,575,2016,0
121,2,27,575,1990,0
121,2,27,575,1991,0
121,2,27,575,1992,0
121,2,27,575,1993,0
121,2,27,575,1994,0
121,2,27,575,1995,0
121,2,27,575,1996,0
121,2,27,575,1997,0
121,2,27,575,1998,0
121,2,27,575,1999,0
121,2,27,575,2000,0
121,2,27,575,2001,0
121,2,27,575,2002,0
121,2,27,575,2003,0
121,2,27,575,2004,0
121,2,27,575,2005,0
121,2,27,575,2006,0
121,2,27,575,2007,0
121,2,27,575,2008,0
121,2,27,575,2009,0
121,2,27,575,2010,0
121,2,27,575,2011,0
121,2,27,575,2012,0
121,2,27,575,2013,0
121,2,27,575,2014,0
121,2,27,575,2015,0
121,2,27,575,2016,0
121,3,22,575,1990,0
121,3,22,575,1991,0
121,3,22,575,1992,0
121,3,22,575,1993,0
121,3,22,575,1994,0
121,3,22,575,1995,0
121,3,22,575,1996,0
121,3,22,575,1997,0
121,3,22,575,1998,0
121,3,22,575,1999,0
121,3,22,575,2000,0
121,3,22,575,2001,0
121,3,22,575,2002,0
121,3,22,575,2003,0
121,3,22,575,2004,0
121,3,22,575,2005,0
121,3,22,575,2006,0
121,3,22,575,2007,0
121,3,22,575,2008,0
121,3,22,575,2009,0
121,3,22,575,2010,0
121,3,22,575,2011,0
121,3,22,575,2012,0
121,3,22,575,2013,0
121,3,22,575,2014,0
121,3,22,575,2015,0
121,3,22,575,2016,0
121,3,27,575,1990,0
121,3,27,575,1991,0
121,3,27,575,1992,0
121,3,27,575,1993,0
121,3,27,575,1994,0
121,3,27,575,1995,0
121,3,27,575,1996,0
121,3,27,575,1997,0
121,3,27,575,1998,0
121,3,27,575,1999,0
121,3,27,575,2000,0
121,3,27,575,2001,0
121,3,27,575,2002,0
121,3,27,575,2003,0
121,3,27,575,2004,0
121,3,27,575,2005,0
121,3,27,575,2006,0
121,3,27,575,2007,0
121,3,27,575,2008,0
121,3,27,575,2009,0
121,3,27,575,2010,0
121,3,27,575,2011,0
121,3,27,575,2012,0
121,3,27,575,2013,0
121,3,27,575,2014,0
121,3,27,575,2015,0
121,3,27,575,2016,0
122,1,22,575,1990,0
122,1,22,575,1991,0
122,1,22,575,1992,0
122,1,22,575,1993,0
122,1,22,575,1994,0
122,1,22,575,1995,0
122,1,22,575,1996,0
122,1,22,575,1997,0
122,1,22,575,1998,0
122,1,22,575,1999,0
122,1,22,575,2000,0
122,1,22,575,2001,0
122,1,22,575,2002,0
122,1,22,575,2003,0
122,1,22,575,2004,0
122,1,22,575,2005,0
122,1,22,575,2006,0
122,1,22,575,2007,0
122,1,22,575,2008,0
122,1,22,575,2009,0
122,1,22,575,2010,0
122,1,22,575,2011,0
122,1,22,575,2012,0
122,1,22,575,2013,0
122,1,22,575,2014,0
122,1,22,575,2015,0
122,1,22,575,2016,0
122,1,27,575,1990,0
122,1,27,575,1991,0
122,1,27,575,1992,0
122,1,27,575,1993,0
122,1,27,575,1994,0
122,1,27,575,1995,0
122,1,27,575,1996,0
122,1,27,575,1997,0
122,1,27,575,1998,0
122,1,27,575,1999,0
122,1,27,575,2000,0
122,1,27,575,2001,0
122,1,27,575,2002,0
122,1,27,575,2003,0
122,1,27,575,2004,0
122,1,27,575,2005,0
122,1,27,575,2006,0
122,1,27,575,2007,0
122,1,27,575,2008,0
122,1,27,575,2009,0
122,1,27,575,2010,0
122,1,27,575,2011,0
122,1,27,575,2012,0
122,1,27,575,2013,0
122,1,27,575,2014,0
122,1,27,575,2015,0
122,1,27,575,2016,0
122,2,22,575,1990,0
122,2,22,575,1991,0
122,2,22,575,1992,0
122,2,22,575,1993,0
122,2,22,575,1994,0
122,2,22,575,1995,0
122,2,22,575,1996,0
122,2,22,575,1997,0
122,2,22,575,1998,0
122,2,22,575,1999,0
122,2,22,575,2000,0
122,2,22,575,2001,0
122,2,22,575,2002,0
122,2,22,575,2003,0
122,2,22,575,2004,0
122,2,22,575,2005,0
122,2,22,575,2006,0
122,2,22,575,2007,0
122,2,22,575,2008,0
122,2,22,575,2009,0
122,2,22,575,2010,0
122,2,22,575,2011,0
122,2,22,575,2012,0
122,2,22,575,2013,0
122,2,22,575,2014,0
122,2,22,575,2015,0
122,2,22,575,2016,0
122,2,27,575,1990,0
122,2,27,575,1991,0
122,2,27,575,1992,0
122,2,27,575,1993,0
122,2,27,575,1994,0
122,2,27,575,1995,0
122,2,27,575,1996,0
122,2,27,575,1997,0
122,2,27,575,1998,0
122,2,27,575,1999,0
122,2,27,575,2000,0
122,2,27,575,2001,0
122,2,27,575,2002,0
122,2,27,575,2003,0
122,2,27,575,2004,0
122,2,27,575,2005,0
122,2,27,575,2006,0
122,2,27,575,2007,0
122,2,27,575,2008,0
122,2,27,575,2009,0
122,2,27,575,2010,0
122,2,27,575,2011,0
122,2,27,575,2012,0
122,2,27,575,2013,0
122,2,27,575,2014,0
122,2,27,575,2015,0
122,2,27,575,2016,0
122,3,22,575,1990,0
122,3,22,575,1991,0
122,3,22,575,1992,0
122,3,22,575,1993,0
122,3,22,575,1994,0
122,3,22,575,1995,0
122,3,22,575,1996,0
122,3,22,575,1997,0
122,3,22,575,1998,0
122,3,22,575,1999,0
122,3,22,575,2000,0
122,3,22,575,2001,0
122,3,22,575,2002,0
122,3,22,575,2003,0
122,3,22,575,2004,0
122,3,22,575,2005,0
122,3,22,575,2006,0
122,3,22,575,2007,0
122,3,22,575,2008,0
122,3,22,575,2009,0
122,3,22,575,2010,0
122,3,22,575,2011,0
122,3,22,575,2012,0
122,3,22,575,2013,0
122,3,22,575,2014,0
122,3,22,575,2015,0
122,3,22,575,2016,0
122,3,27,575,1990,0
122,3,27,575,1991,0
122,3,27,575,1992,0
122,3,27,575,1993,0
122,3,27,575,1994,0
122,3,27,575,1995,0
122,3,27,575,1996,0
122,3,27,575,1997,0
122,3,27,575,1998,0
122,3,27,575,1999,0
122,3,27,575,2000,0
122,3,27,575,2001,0
122,3,27,575,2002,0
122,3,27,575,2003,0
122,3,27,575,2004,0
122,3,27,575,2005,0
122,3,27,575,2006,0
122,3,27,575,2007,0
122,3,27,575,2008,0
122,3,27,575,2009,0
122,3,27,575,2010,0
122,3,27,575,2011,0
122,3,27,575,2012,0
122,3,27,575,2013,0
122,3,27,575,2014,0
122,3,27,575,2015,0
122,3,27,575,2016,0
123,1,22,575,1990,0
123,1,22,575,1991,0
123,1,22,575,1992,0
123,1,22,575,1993,0
123,1,22,575,1994,0
123,1,22,575,1995,0
123,1,22,575,1996,0
123,1,22,575,1997,0
123,1,22,575,1998,0
123,1,22,575,1999,0
123,1,22,575,2000,0
123,1,22,575,2001,0
123,1,22,575,2002,0
123,1,22,575,2003,0
123,1,22,575,2004,0
123,1,22,575,2005,0
123,1,22,575,2006,0
123,1,22,575,2007,0
123,1,22,575,2008,0
123,1,22,575,2009,0
123,1,22,575,2010,0
123,1,22,575,2011,0
123,1,22,575,2012,0
123,1,22,575,2013,0
123,1,22,575,2014,0
123,1,22,575,2015,0
123,1,22,575,2016,0
123,1,27,575,1990,0
123,1,27,575,1991,0
123,1,27,575,1992,0
123,1,27,575,1993,0
123,1,27,575,1994,0
123,1,27,575,1995,0
123,1,27,575,1996,0
123,1,27,575,1997,0
123,1,27,575,1998,0
123,1,27,575,1999,0
123,1,27,575,2000,0
123,1,27,575,2001,0
123,1,27,575,2002,0
123,1,27,575,2003,0
123,1,27,575,2004,0
123,1,27,575,2005,0
123,1,27,575,2006,0
123,1,27,575,2007,0
123,1,27,575,2008,0
123,1,27,575,2009,0
123,1,27,575,2010,0
123,1,27,575,2011,0
123,1,27,575,2012,0
123,1,27,575,2013,0
123,1,27,575,2014,0
123,1,27,575,2015,0
123,1,27,575,2016,0
123,2,22,575,1990,0
123,2,22,575,1991,0
123,2,22,575,1992,0
123,2,22,575,1993,0
123,2,22,575,1994,0
123,2,22,575,1995,0
123,2,22,575,1996,0
123,2,22,575,1997,0
123,2,22,575,1998,0
123,2,22,575,1999,0
123,2,22,575,2000,0
123,2,22,575,2001,0
123,2,22,575,2002,0
123,2,22,575,2003,0
123,2,22,575,2004,0
123,2,22,575,2005,0
123,2,22,575,2006,0
123,2,22,575,2007,0
123,2,22,575,2008,0
123,2,22,575,2009,0
123,2,22,575,2010,0
123,2,22,575,2011,0
123,2,22,575,2012,0
123,2,22,575,2013,0
123,2,22,575,2014,0
123,2,22,575,2015,0
123,2,22,575,2016,0
123,2,27,575,1990,0
123,2,27,575,1991,0
123,2,27,575,1992,0
123,2,27,575,1993,0
123,2,27,575,1994,0
123,2,27,575,1995,0
123,2,27,575,1996,0
123,2,27,575,1997,0
123,2,27,575,1998,0
123,2,27,575,1999,0
123,2,27,575,2000,0
123,2,27,575,2001,0
123,2,27,575,2002,0
123,2,27,575,2003,0
123,2,27,575,2004,0
123,2,27,575,2005,0
123,2,27,575,2006,0
123,2,27,575,2007,0
123,2,27,575,2008,0
123,2,27,575,2009,0
123,2,27,575,2010,0
123,2,27,575,2011,0
123,2,27,575,2012,0
123,2,27,575,2013,0
123,2,27,575,2014,0
123,2,27,575,2015,0
123,2,27,575,2016,0
123,3,22,575,1990,0
123,3,22,575,1991,0
123,3,22,575,1992,0
123,3,22,575,1993,0
123,3,22,575,1994,0
123,3,22,575,1995,0
123,3,22,575,1996,0
123,3,22,575,1997,0
123,3,22,575,1998,0
123,3,22,575,1999,0
123,3,22,575,2000,0
123,3,22,575,2001,0
123,3,22,575,2002,0
123,3,22,575,2003,0
123,3,22,575,2004,0
123,3,22,575,2005,0
123,3,22,575,2006,0
123,3,22,575,2007,0
123,3,22,575,2008,0
123,3,22,575,2009,0
123,3,22,575,2010,0
123,3,22,575,2011,0
123,3,22,575,2012,0
123,3,22,575,2013,0
123,3,22,575,2014,0
123,3,22,575,2015,0
123,3,22,575,2016,0
123,3,27,575,1990,0
123,3,27,575,1991,0
123,3,27,575,1992,0
123,3,27,575,1993,0
123,3,27,575,1994,0
123,3,27,575,1995,0
123,3,27,575,1996,0
123,3,27,575,1997,0
123,3,27,575,1998,0
123,3,27,575,1999,0
123,3,27,575,2000,0
123,3,27,575,2001,0
123,3,27,575,2002,0
123,3,27,575,2003,0
123,3,27,575,2004,0
123,3,27,575,2005,0
123,3,27,575,2006,0
123,3,27,575,2007,0
123,3,27,575,2008,0
123,3,27,575,2009,0
123,3,27,575,2010,0
123,3,27,575,2011,0
123,3,27,575,2012,0
123,3,27,575,2013,0
123,3,27,575,2014,0
123,3,27,575,2015,0
123,3,27,575,2016,0
125,1,22,575,1990,0
125,1,22,575,1991,0
125,1,22,575,1992,0
125,1,22,575,1993,0
125,1,22,575,1994,0
125,1,22,575,1995,0
125,1,22,575,1996,0
125,1,22,575,1997,0
125,1,22,575,1998,0
125,1,22,575,1999,0
125,1,22,575,2000,0
125,1,22,575,2001,0
125,1,22,575,2002,0
125,1,22,575,2003,0
125,1,22,575,2004,0
125,1,22,575,2005,0
125,1,22,575,2006,0
125,1,22,575,2007,0
125,1,22,575,2008,0
125,1,22,575,2009,0
125,1,22,575,2010,0
125,1,22,575,2011,0
125,1,22,575,2012,0
125,1,22,575,2013,0
125,1,22,575,2014,0
125,1,22,575,2015,0
125,1,22,575,2016,0
125,1,27,575,1990,0
125,1,27,575,1991,0
125,1,27,575,1992,0
125,1,27,575,1993,0
125,1,27,575,1994,0
125,1,27,575,1995,0
125,1,27,575,1996,0
125,1,27,575,1997,0
125,1,27,575,1998,0
125,1,27,575,1999,0
125,1,27,575,2000,0
125,1,27,575,2001,0
125,1,27,575,2002,0
125,1,27,575,2003,0
125,1,27,575,2004,0
125,1,27,575,2005,0
125,1,27,575,2006,0
125,1,27,575,2007,0
125,1,27,575,2008,0
125,1,27,575,2009,0
125,1,27,575,2010,0
125,1,27,575,2011,0
125,1,27,575,2012,0
125,1,27,575,2013,0
125,1,27,575,2014,0
125,1,27,575,2015,0
125,1,27,575,2016,0
125,2,22,575,1990,0
125,2,22,575,1991,0
125,2,22,575,1992,0
125,2,22,575,1993,0
125,2,22,575,1994,0
125,2,22,575,1995,0
125,2,22,575,1996,0
125,2,22,575,1997,0
125,2,22,575,1998,0
125,2,22,575,1999,0
125,2,22,575,2000,0
125,2,22,575,2001,0
125,2,22,575,2002,0
125,2,22,575,2003,0
125,2,22,575,2004,0
125,2,22,575,2005,0
125,2,22,575,2006,0
125,2,22,575,2007,0
125,2,22,575,2008,0
125,2,22,575,2009,0
125,2,22,575,2010,0
125,2,22,575,2011,0
125,2,22,575,2012,0
125,2,22,575,2013,0
125,2,22,575,2014,0
125,2,22,575,2015,0
125,2,22,575,2016,0
125,2,27,575,1990,0
125,2,27,575,1991,0
125,2,27,575,1992,0
125,2,27,575,1993,0
125,2,27,575,1994,0
125,2,27,575,1995,0
125,2,27,575,1996,0
125,2,27,575,1997,0
125,2,27,575,1998,0
125,2,27,575,1999,0
125,2,27,575,2000,0
125,2,27,575,2001,0
125,2,27,575,2002,0
125,2,27,575,2003,0
125,2,27,575,2004,0
125,2,27,575,2005,0
125,2,27,575,2006,0
125,2,27,575,2007,0
125,2,27,575,2008,0
125,2,27,575,2009,0
125,2,27,575,2010,0
125,2,27,575,2011,0
125,2,27,575,2012,0
125,2,27,575,2013,0
125,2,27,575,2014,0
125,2,27,575,2015,0
125,2,27,575,2016,0
125,3,22,575,1990,0
125,3,22,575,1991,0
125,3,22,575,1992,0
125,3,22,575,1993,0
125,3,22,575,1994,0
125,3,22,575,1995,0
125,3,22,575,1996,0
125,3,22,575,1997,0
125,3,22,575,1998,0
125,3,22,575,1999,0
125,3,22,575,2000,0
125,3,22,575,2001,0
125,3,22,575,2002,0
125,3,22,575,2003,0
125,3,22,575,2004,0
125,3,22,575,2005,0
125,3,22,575,2006,0
125,3,22,575,2007,0
125,3,22,575,2008,0
125,3,22,575,2009,0
125,3,22,575,2010,0
125,3,22,575,2011,0
125,3,22,575,2012,0
125,3,22,575,2013,0
125,3,22,575,2014,0
125,3,22,575,2015,0
125,3,22,575,2016,0
125,3,27,575,1990,0
125,3,27,575,1991,0
125,3,27,575,1992,0
125,3,27,575,1993,0
125,3,27,575,1994,0
125,3,27,575,1995,0
125,3,27,575,1996,0
125,3,27,575,1997,0
125,3,27,575,1998,0
125,3,27,575,1999,0
125,3,27,575,2000,0
125,3,27,575,2001,0
125,3,27,575,2002,0
125,3,27,575,2003,0
125,3,27,575,2004,0
125,3,27,575,2005,0
125,3,27,575,2006,0
125,3,27,575,2007,0
125,3,27,575,2008,0
125,3,27,575,2009,0
125,3,27,575,2010,0
125,3,27,575,2011,0
125,3,27,575,2012,0
125,3,27,575,2013,0
125,3,27,575,2014,0
125,3,27,575,2015,0
125,3,27,575,2016,0
126,1,22,575,1990,0
126,1,22,575,1991,0
126,1,22,575,1992,0
126,1,22,575,1993,0
126,1,22,575,1994,0
126,1,22,575,1995,0
126,1,22,575,1996,0
126,1,22,575,1997,0
126,1,22,575,1998,0
126,1,22,575,1999,0
126,1,22,575,2000,0
126,1,22,575,2001,0
126,1,22,575,2002,0
126,1,22,575,2003,0
126,1,22,575,2004,0
126,1,22,575,2005,0
126,1,22,575,2006,0
126,1,22,575,2007,0
126,1,22,575,2008,0
126,1,22,575,2009,0
126,1,22,575,2010,0
126,1,22,575,2011,0
126,1,22,575,2012,0
126,1,22,575,2013,0
126,1,22,575,2014,0
126,1,22,575,2015,0
126,1,22,575,2016,0
126,1,27,575,1990,0
126,1,27,575,1991,0
126,1,27,575,1992,0
126,1,27,575,1993,0
126,1,27,575,1994,0
126,1,27,575,1995,0
126,1,27,575,1996,0
126,1,27,575,1997,0
126,1,27,575,1998,0
126,1,27,575,1999,0
126,1,27,575,2000,0
126,1,27,575,2001,0
126,1,27,575,2002,0
126,1,27,575,2003,0
126,1,27,575,2004,0
126,1,27,575,2005,0
126,1,27,575,2006,0
126,1,27,575,2007,0
126,1,27,575,2008,0
126,1,27,575,2009,0
126,1,27,575,2010,0
126,1,27,575,2011,0
126,1,27,575,2012,0
126,1,27,575,2013,0
126,1,27,575,2014,0
126,1,27,575,2015,0
126,1,27,575,2016,0
126,2,22,575,1990,0
126,2,22,575,1991,0
126,2,22,575,1992,0
126,2,22,575,1993,0
126,2,22,575,1994,0
126,2,22,575,1995,0
126,2,22,575,1996,0
126,2,22,575,1997,0
126,2,22,575,1998,0
126,2,22,575,1999,0
126,2,22,575,2000,0
126,2,22,575,2001,0
126,2,22,575,2002,0
126,2,22,575,2003,0
126,2,22,575,2004,0
126,2,22,575,2005,0
126,2,22,575,2006,0
126,2,22,575,2007,0
126,2,22,575,2008,0
126,2,22,575,2009,0
126,2,22,575,2010,0
126,2,22,575,2011,0
126,2,22,575,2012,0
126,2,22,575,2013,0
126,2,22,575,2014,0
126,2,22,575,2015,0
126,2,22,575,2016,0
126,2,27,575,1990,0
126,2,27,575,1991,0
126,2,27,575,1992,0
126,2,27,575,1993,0
126,2,27,575,1994,0
126,2,27,575,1995,0
126,2,27,575,1996,0
126,2,27,575,1997,0
126,2,27,575,1998,0
126,2,27,575,1999,0
126,2,27,575,2000,0
126,2,27,575,2001,0
126,2,27,575,2002,0
126,2,27,575,2003,0
126,2,27,575,2004,0
126,2,27,575,2005,0
126,2,27,575,2006,0
126,2,27,575,2007,0
126,2,27,575,2008,0
126,2,27,575,2009,0
126,2,27,575,2010,0
126,2,27,575,2011,0
126,2,27,575,2012,0
126,2,27,575,2013,0
126,2,27,575,2014,0
126,2,27,575,2015,0
126,2,27,575,2016,0
126,3,22,575,1990,0
126,3,22,575,1991,0
126,3,22,575,1992,0
126,3,22,575,1993,0
126,3,22,575,1994,0
126,3,22,575,1995,0
126,3,22,575,1996,0
126,3,22,575,1997,0
126,3,22,575,1998,0
126,3,22,575,1999,0
126,3,22,575,2000,0
126,3,22,575,2001,0
126,3,22,575,2002,0
126,3,22,575,2003,0
126,3,22,575,2004,0
126,3,22,575,2005,0
126,3,22,575,2006,0
126,3,22,575,2007,0
126,3,22,575,2008,0
126,3,22,575,2009,0
126,3,22,575,2010,0
126,3,22,575,2011,0
126,3,22,575,2012,0
126,3,22,575,2013,0
126,3,22,575,2014,0
126,3,22,575,2015,0
126,3,22,575,2016,0
126,3,27,575,1990,0
126,3,27,575,1991,0
126,3,27,575,1992,0
126,3,27,575,1993,0
126,3,27,575,1994,0
126,3,27,575,1995,0
126,3,27,575,1996,0
126,3,27,575,1997,0
126,3,27,575,1998,0
126,3,27,575,1999,0
126,3,27,575,2000,0
126,3,27,575,2001,0
126,3,27,575,2002,0
126,3,27,575,2003,0
126,3,27,575,2004,0
126,3,27,575,2005,0
126,3,27,575,2006,0
126,3,27,575,2007,0
126,3,27,575,2008,0
126,3,27,575,2009,0
126,3,27,575,2010,0
126,3,27,575,2011,0
126,3,27,575,2012,0
126,3,27,575,2013,0
126,3,27,575,2014,0
126,3,27,575,2015,0
126,3,27,575,2016,0
127,1,22,575,1990,0
127,1,22,575,1991,0
127,1,22,575,1992,0
127,1,22,575,1993,0
127,1,22,575,1994,0
127,1,22,575,1995,0
127,1,22,575,1996,0
127,1,22,575,1997,0
127,1,22,575,1998,0
127,1,22,575,1999,0
127,1,22,575,2000,0
127,1,22,575,2001,0
127,1,22,575,2002,0
127,1,22,575,2003,0
127,1,22,575,2004,0
127,1,22,575,2005,0
127,1,22,575,2006,0
127,1,22,575,2007,0
127,1,22,575,2008,0
127,1,22,575,2009,0
127,1,22,575,2010,0
127,1,22,575,2011,0
127,1,22,575,2012,0
127,1,22,575,2013,0
127,1,22,575,2014,0
127,1,22,575,2015,0
127,1,22,575,2016,0
127,1,27,575,1990,0
127,1,27,575,1991,0
127,1,27,575,1992,0
127,1,27,575,1993,0
127,1,27,575,1994,0
127,1,27,575,1995,0
127,1,27,575,1996,0
127,1,27,575,1997,0
127,1,27,575,1998,0
127,1,27,575,1999,0
127,1,27,575,2000,0
127,1,27,575,2001,0
127,1,27,575,2002,0
127,1,27,575,2003,0
127,1,27,575,2004,0
127,1,27,575,2005,0
127,1,27,575,2006,0
127,1,27,575,2007,0
127,1,27,575,2008,0
127,1,27,575,2009,0
127,1,27,575,2010,0
127,1,27,575,2011,0
127,1,27,575,2012,0
127,1,27,575,2013,0
127,1,27,575,2014,0
127,1,27,575,2015,0
127,1,27,575,2016,0
127,2,22,575,1990,0
127,2,22,575,1991,0
127,2,22,575,1992,0
127,2,22,575,1993,0
127,2,22,575,1994,0
127,2,22,575,1995,0
127,2,22,575,1996,0
127,2,22,575,1997,0
127,2,22,575,1998,0
127,2,22,575,1999,0
127,2,22,575,2000,0
127,2,22,575,2001,0
127,2,22,575,2002,0
127,2,22,575,2003,0
127,2,22,575,2004,0
127,2,22,575,2005,0
127,2,22,575,2006,0
127,2,22,575,2007,0
127,2,22,575,2008,0
127,2,22,575,2009,0
127,2,22,575,2010,0
127,2,22,575,2011,0
127,2,22,575,2012,0
127,2,22,575,2013,0
127,2,22,575,2014,0
127,2,22,575,2015,0
127,2,22,575,2016,0
127,2,27,575,1990,0
127,2,27,575,1991,0
127,2,27,575,1992,0
127,2,27,575,1993,0
127,2,27,575,1994,0
127,2,27,575,1995,0
127,2,27,575,1996,0
127,2,27,575,1997,0
127,2,27,575,1998,0
127,2,27,575,1999,0
127,2,27,575,2000,0
127,2,27,575,2001,0
127,2,27,575,2002,0
127,2,27,575,2003,0
127,2,27,575,2004,0
127,2,27,575,2005,0
127,2,27,575,2006,0
127,2,27,575,2007,0
127,2,27,575,2008,0
127,2,27,575,2009,0
127,2,27,575,2010,0
127,2,27,575,2011,0
127,2,27,575,2012,0
127,2,27,575,2013,0
127,2,27,575,2014,0
127,2,27,575,2015,0
127,2,27,575,2016,0
127,3,22,575,1990,0
127,3,22,575,1991,0
127,3,22,575,1992,0
127,3,22,575,1993,0
127,3,22,575,1994,0
127,3,22,575,1995,0
127,3,22,575,1996,0
127,3,22,575,1997,0
127,3,22,575,1998,0
127,3,22,575,1999,0
127,3,22,575,2000,0
127,3,22,575,2001,0
127,3,22,575,2002,0
127,3,22,575,2003,0
127,3,22,575,2004,0
127,3,22,575,2005,0
127,3,22,575,2006,0
127,3,22,575,2007,0
127,3,22,575,2008,0
127,3,22,575,2009,0
127,3,22,575,2010,0
127,3,22,575,2011,0
127,3,22,575,2012,0
127,3,22,575,2013,0
127,3,22,575,2014,0
127,3,22,575,2015,0
127,3,22,575,2016,0
127,3,27,575,1990,0
127,3,27,575,1991,0
127,3,27,575,1992,0
127,3,27,575,1993,0
127,3,27,575,1994,0
127,3,27,575,1995,0
127,3,27,575,1996,0
127,3,27,575,1997,0
127,3,27,575,1998,0
127,3,27,575,1999,0
127,3,27,575,2000,0
127,3,27,575,2001,0
127,3,27,575,2002,0
127,3,27,575,2003,0
127,3,27,575,2004,0
127,3,27,575,2005,0
127,3,27,575,2006,0
127,3,27,575,2007,0
127,3,27,575,2008,0
127,3,27,575,2009,0
127,3,27,575,2010,0
127,3,27,575,2011,0
127,3,27,575,2012,0
127,3,27,575,2013,0
127,3,27,575,2014,0
127,3,27,575,2015,0
127,3,27,575,2016,0
128,1,22,575,1990,0
128,1,22,575,1991,0
128,1,22,575,1992,0
128,1,22,575,1993,0
128,1,22,575,1994,0
128,1,22,575,1995,0
128,1,22,575,1996,0
128,1,22,575,1997,0
128,1,22,575,1998,0
128,1,22,575,1999,0
128,1,22,575,2000,0
128,1,22,575,2001,0
128,1,22,575,2002,0
128,1,22,575,2003,0
128,1,22,575,2004,0
128,1,22,575,2005,0
128,1,22,575,2006,0
128,1,22,575,2007,0
128,1,22,575,2008,0
128,1,22,575,2009,0
128,1,22,575,2010,0
128,1,22,575,2011,0
128,1,22,575,2012,0
128,1,22,575,2013,0
128,1,22,575,2014,0
128,1,22,575,2015,0
128,1,22,575,2016,0
128,1,27,575,1990,0
128,1,27,575,1991,0
128,1,27,575,1992,0
128,1,27,575,1993,0
128,1,27,575,1994,0
128,1,27,575,1995,0
128,1,27,575,1996,0
128,1,27,575,1997,0
128,1,27,575,1998,0
128,1,27,575,1999,0
128,1,27,575,2000,0
128,1,27,575,2001,0
128,1,27,575,2002,0
128,1,27,575,2003,0
128,1,27,575,2004,0
128,1,27,575,2005,0
128,1,27,575,2006,0
128,1,27,575,2007,0
128,1,27,575,2008,0
128,1,27,575,2009,0
128,1,27,575,2010,0
128,1,27,575,2011,0
128,1,27,575,2012,0
128,1,27,575,2013,0
128,1,27,575,2014,0
128,1,27,575,2015,0
128,1,27,575,2016,0
128,2,22,575,1990,0
128,2,22,575,1991,0
128,2,22,575,1992,0
128,2,22,575,1993,0
128,2,22,575,1994,0
128,2,22,575,1995,0
128,2,22,575,1996,0
128,2,22,575,1997,0
128,2,22,575,1998,0
128,2,22,575,1999,0
128,2,22,575,2000,0
128,2,22,575,2001,0
128,2,22,575,2002,0
128,2,22,575,2003,0
128,2,22,575,2004,0
128,2,22,575,2005,0
128,2,22,575,2006,0
128,2,22,575,2007,0
128,2,22,575,2008,0
128,2,22,575,2009,0
128,2,22,575,2010,0
128,2,22,575,2011,0
128,2,22,575,2012,0
128,2,22,575,2013,0
128,2,22,575,2014,0
128,2,22,575,2015,0
128,2,22,575,2016,0
128,2,27,575,1990,0
128,2,27,575,1991,0
128,2,27,575,1992,0
128,2,27,575,1993,0
128,2,27,575,1994,0
128,2,27,575,1995,0
128,2,27,575,1996,0
128,2,27,575,1997,0
128,2,27,575,1998,0
128,2,27,575,1999,0
128,2,27,575,2000,0
128,2,27,575,2001,0
128,2,27,575,2002,0
128,2,27,575,2003,0
128,2,27,575,2004,0
128,2,27,575,2005,0
128,2,27,575,2006,0
128,2,27,575,2007,0
128,2,27,575,2008,0
128,2,27,575,2009,0
128,2,27,575,2010,0
128,2,27,575,2011,0
128,2,27,575,2012,0
128,2,27,575,2013,0
128,2,27,575,2014,0
128,2,27,575,2015,0
128,2,27,575,2016,0
128,3,22,575,1990,0
128,3,22,575,1991,0
128,3,22,575,1992,0
128,3,22,575,1993,0
128,3,22,575,1994,0
128,3,22,575,1995,0
128,3,22,575,1996,0
128,3,22,575,1997,0
128,3,22,575,1998,0
128,3,22,575,1999,0
128,3,22,575,2000,0
128,3,22,575,2001,0
128,3,22,575,2002,0
128,3,22,575,2003,0
128,3,22,575,2004,0
128,3,22,575,2005,0
128,3,22,575,2006,0
128,3,22,575,2007,0
128,3,22,575,2008,0
128,3,22,575,2009,0
128,3,22,575,2010,0
128,3,22,575,2011,0
128,3,22,575,2012,0
128,3,22,575,2013,0
128,3,22,575,2014,0
128,3,22,575,2015,0
128,3,22,575,2016,0
128,3,27,575,1990,0
128,3,27,575,1991,0
128,3,27,575,1992,0
128,3,27,575,1993,0
128,3,27,575,1994,0
128,3,27,575,1995,0
128,3,27,575,1996,0
128,3,27,575,1997,0
128,3,27,575,1998,0
128,3,27,575,1999,0
128,3,27,575,2000,0
128,3,27,575,2001,0
128,3,27,575,2002,0
128,3,27,575,2003,0
128,3,27,575,2004,0
128,3,27,575,2005,0
128,3,27,575,2006,0
128,3,27,575,2007,0
128,3,27,575,2008,0
128,3,27,575,2009,0
128,3,27,575,2010,0
128,3,27,575,2011,0
128,3,27,575,2012,0
128,3,27,575,2013,0
128,3,27,575,2014,0
128,3,27,575,2015,0
128,3,27,575,2016,0
129,1,22,575,1990,0
129,1,22,575,1991,0
129,1,22,575,1992,0
129,1,22,575,1993,0
129,1,22,575,1994,0
129,1,22,575,1995,0
129,1,22,575,1996,0
129,1,22,575,1997,0
129,1,22,575,1998,0
129,1,22,575,1999,0
129,1,22,575,2000,0
129,1,22,575,2001,0
129,1,22,575,2002,0
129,1,22,575,2003,0
129,1,22,575,2004,0
129,1,22,575,2005,0
129,1,22,575,2006,0
129,1,22,575,2007,0
129,1,22,575,2008,0
129,1,22,575,2009,0
129,1,22,575,2010,0
129,1,22,575,2011,0
129,1,22,575,2012,0
129,1,22,575,2013,0
129,1,22,575,2014,0
129,1,22,575,2015,0
129,1,22,575,2016,0
129,1,27,575,1990,0
129,1,27,575,1991,0
129,1,27,575,1992,0
129,1,27,575,1993,0
129,1,27,575,1994,0
129,1,27,575,1995,0
129,1,27,575,1996,0
129,1,27,575,1997,0
129,1,27,575,1998,0
129,1,27,575,1999,0
129,1,27,575,2000,0
129,1,27,575,2001,0
129,1,27,575,2002,0
129,1,27,575,2003,0
129,1,27,575,2004,0
129,1,27,575,2005,0
129,1,27,575,2006,0
129,1,27,575,2007,0
129,1,27,575,2008,0
129,1,27,575,2009,0
129,1,27,575,2010,0
129,1,27,575,2011,0
129,1,27,575,2012,0
129,1,27,575,2013,0
129,1,27,575,2014,0
129,1,27,575,2015,0
129,1,27,575,2016,0
129,2,22,575,1990,0
129,2,22,575,1991,0
129,2,22,575,1992,0
129,2,22,575,1993,0
129,2,22,575,1994,0
129,2,22,575,1995,0
129,2,22,575,1996,0
129,2,22,575,1997,0
129,2,22,575,1998,0
129,2,22,575,1999,0
129,2,22,575,2000,0
129,2,22,575,2001,0
129,2,22,575,2002,0
129,2,22,575,2003,0
129,2,22,575,2004,0
129,2,22,575,2005,0
129,2,22,575,2006,0
129,2,22,575,2007,0
129,2,22,575,2008,0
129,2,22,575,2009,0
129,2,22,575,2010,0
129,2,22,575,2011,0
129,2,22,575,2012,0
129,2,22,575,2013,0
129,2,22,575,2014,0
129,2,22,575,2015,0
129,2,22,575,2016,0
129,2,27,575,1990,0
129,2,27,575,1991,0
129,2,27,575,1992,0
129,2,27,575,1993,0
129,2,27,575,1994,0
129,2,27,575,1995,0
129,2,27,575,1996,0
129,2,27,575,1997,0
129,2,27,575,1998,0
129,2,27,575,1999,0
129,2,27,575,2000,0
129,2,27,575,2001,0
129,2,27,575,2002,0
129,2,27,575,2003,0
129,2,27,575,2004,0
129,2,27,575,2005,0
129,2,27,575,2006,0
129,2,27,575,2007,0
129,2,27,575,2008,0
129,2,27,575,2009,0
129,2,27,575,2010,0
129,2,27,575,2011,0
129,2,27,575,2012,0
129,2,27,575,2013,0
129,2,27,575,2014,0
129,2,27,575,2015,0
129,2,27,575,2016,0
129,3,22,575,1990,0
129,3,22,575,1991,0
129,3,22,575,1992,0
129,3,22,575,1993,0
129,3,22,575,1994,0
129,3,22,575,1995,0
129,3,22,575,1996,0
129,3,22,575,1997,0
129,3,22,575,1998,0
129,3,22,575,1999,0
129,3,22,575,2000,0
129,3,22,575,2001,0
129,3,22,575,2002,0
129,3,22,575,2003,0
129,3,22,575,2004,0
129,3,22,575,2005,0
129,3,22,575,2006,0
129,3,22,575,2007,0
129,3,22,575,2008,0
129,3,22,575,2009,0
129,3,22,575,2010,0
129,3,22,575,2011,0
129,3,22,575,2012,0
129,3,22,575,2013,0
129,3,22,575,2014,0
129,3,22,575,2015,0
129,3,22,575,2016,0
129,3,27,575,1990,0
129,3,27,575,1991,0
129,3,27,575,1992,0
129,3,27,575,1993,0
129,3,27,575,1994,0
129,3,27,575,1995,0
129,3,27,575,1996,0
129,3,27,575,1997,0
129,3,27,575,1998,0
129,3,27,575,1999,0
129,3,27,575,2000,0
129,3,27,575,2001,0
129,3,27,575,2002,0
129,3,27,575,2003,0
129,3,27,575,2004,0
129,3,27,575,2005,0
129,3,27,575,2006,0
129,3,27,575,2007,0
129,3,27,575,2008,0
129,3,27,575,2009,0
129,3,27,575,2010,0
129,3,27,575,2011,0
129,3,27,575,2012,0
129,3,27,575,2013,0
129,3,27,575,2014,0
129,3,27,575,2015,0
129,3,27,575,2016,0
130,1,22,575,1990,0
130,1,22,575,1991,0
130,1,22,575,1992,0
130,1,22,575,1993,0
130,1,22,575,1994,0
130,1,22,575,1995,0
130,1,22,575,1996,0
130,1,22,575,1997,0
130,1,22,575,1998,0
130,1,22,575,1999,0
130,1,22,575,2000,0
130,1,22,575,2001,0
130,1,22,575,2002,0
130,1,22,575,2003,0
130,1,22,575,2004,0
130,1,22,575,2005,0
130,1,22,575,2006,0
130,1,22,575,2007,0
130,1,22,575,2008,0
130,1,22,575,2009,0
130,1,22,575,2010,0
130,1,22,575,2011,0
130,1,22,575,2012,0
130,1,22,575,2013,0
130,1,22,575,2014,0
130,1,22,575,2015,0
130,1,22,575,2016,0
130,1,27,575,1990,0
130,1,27,575,1991,0
130,1,27,575,1992,0
130,1,27,575,1993,0
130,1,27,575,1994,0
130,1,27,575,1995,0
130,1,27,575,1996,0
130,1,27,575,1997,0
130,1,27,575,1998,0
130,1,27,575,1999,0
130,1,27,575,2000,0
130,1,27,575,2001,0
130,1,27,575,2002,0
130,1,27,575,2003,0
130,1,27,575,2004,0
130,1,27,575,2005,0
130,1,27,575,2006,0
130,1,27,575,2007,0
130,1,27,575,2008,0
130,1,27,575,2009,0
130,1,27,575,2010,0
130,1,27,575,2011,0
130,1,27,575,2012,0
130,1,27,575,2013,0
130,1,27,575,2014,0
130,1,27,575,2015,0
130,1,27,575,2016,0
130,2,22,575,1990,0
130,2,22,575,1991,0
130,2,22,575,1992,0
130,2,22,575,1993,0
130,2,22,575,1994,0
130,2,22,575,1995,0
130,2,22,575,1996,0
130,2,22,575,1997,0
130,2,22,575,1998,0
130,2,22,575,1999,0
130,2,22,575,2000,0
130,2,22,575,2001,0
130,2,22,575,2002,0
130,2,22,575,2003,0
130,2,22,575,2004,0
130,2,22,575,2005,0
130,2,22,575,2006,0
130,2,22,575,2007,0
130,2,22,575,2008,0
130,2,22,575,2009,0
130,2,22,575,2010,0
130,2,22,575,2011,0
130,2,22,575,2012,0
130,2,22,575,2013,0
130,2,22,575,2014,0
130,2,22,575,2015,0
130,2,22,575,2016,0
130,2,27,575,1990,0
130,2,27,575,1991,0
130,2,27,575,1992,0
130,2,27,575,1993,0
130,2,27,575,1994,0
130,2,27,575,1995,0
130,2,27,575,1996,0
130,2,27,575,1997,0
130,2,27,575,1998,0
130,2,27,575,1999,0
130,2,27,575,2000,0
130,2,27,575,2001,0
130,2,27,575,2002,0
130,2,27,575,2003,0
130,2,27,575,2004,0
130,2,27,575,2005,0
130,2,27,575,2006,0
130,2,27,575,2007,0
130,2,27,575,2008,0
130,2,27,575,2009,0
130,2,27,575,2010,0
130,2,27,575,2011,0
130,2,27,575,2012,0
130,2,27,575,2013,0
130,2,27,575,2014,0
130,2,27,575,2015,0
130,2,27,575,2016,0
130,3,22,575,1990,0
130,3,22,575,1991,0
130,3,22,575,1992,0
130,3,22,575,1993,0
130,3,22,575,1994,0
130,3,22,575,1995,0
130,3,22,575,1996,0
130,3,22,575,1997,0
130,3,22,575,1998,0
130,3,22,575,1999,0
130,3,22,575,2000,0
130,3,22,575,2001,0
130,3,22,575,2002,0
130,3,22,575,2003,0
130,3,22,575,2004,0
130,3,22,575,2005,0
130,3,22,575,2006,0
130,3,22,575,2007,0
130,3,22,575,2008,0
130,3,22,575,2009,0
130,3,22,575,2010,0
130,3,22,575,2011,0
130,3,22,575,2012,0
130,3,22,575,2013,0
130,3,22,575,2014,0
130,3,22,575,2015,0
130,3,22,575,2016,0
130,3,27,575,1990,0
130,3,27,575,1991,0
130,3,27,575,1992,0
130,3,27,575,1993,0
130,3,27,575,1994,0
130,3,27,575,1995,0
130,3,27,575,1996,0
130,3,27,575,1997,0
130,3,27,575,1998,0
130,3,27,575,1999,0
130,3,27,575,2000,0
130,3,27,575,2001,0
130,3,27,575,2002,0
130,3,27,575,2003,0
130,3,27,575,2004,0
130,3,27,575,2005,0
130,3,27,575,2006,0
130,3,27,575,2007,0
130,3,27,575,2008,0
130,3,27,575,2009,0
130,3,27,575,2010,0
130,3,27,575,2011,0
130,3,27,575,2012,0
130,3,27,575,2013,0
130,3,27,575,2014,0
130,3,27,575,2015,0
130,3,27,575,2016,0
131,1,22,575,1990,0
131,1,22,575,1991,0
131,1,22,575,1992,0
131,1,22,575,1993,0
131,1,22,575,1994,0
131,1,22,575,1995,0
131,1,22,575,1996,0
131,1,22,575,1997,0
131,1,22,575,1998,0
131,1,22,575,1999,0
131,1,22,575,2000,0
131,1,22,575,2001,0
131,1,22,575,2002,0
131,1,22,575,2003,0
131,1,22,575,2004,0
131,1,22,575,2005,0
131,1,22,575,2006,0
131,1,22,575,2007,0
131,1,22,575,2008,0
131,1,22,575,2009,0
131,1,22,575,2010,0
131,1,22,575,2011,0
131,1,22,575,2012,0
131,1,22,575,2013,0
131,1,22,575,2014,0
131,1,22,575,2015,0
131,1,22,575,2016,0
131,1,27,575,1990,0
131,1,27,575,1991,0
131,1,27,575,1992,0
131,1,27,575,1993,0
131,1,27,575,1994,0
131,1,27,575,1995,0
131,1,27,575,1996,0
131,1,27,575,1997,0
131,1,27,575,1998,0
131,1,27,575,1999,0
131,1,27,575,2000,0
131,1,27,575,2001,0
131,1,27,575,2002,0
131,1,27,575,2003,0
131,1,27,575,2004,0
131,1,27,575,2005,0
131,1,27,575,2006,0
131,1,27,575,2007,0
131,1,27,575,2008,0
131,1,27,575,2009,0
131,1,27,575,2010,0
131,1,27,575,2011,0
131,1,27,575,2012,0
131,1,27,575,2013,0
131,1,27,575,2014,0
131,1,27,575,2015,0
131,1,27,575,2016,0
131,2,22,575,1990,0
131,2,22,575,1991,0
131,2,22,575,1992,0
131,2,22,575,1993,0
131,2,22,575,1994,0
131,2,22,575,1995,0
131,2,22,575,1996,0
131,2,22,575,1997,0
131,2,22,575,1998,0
131,2,22,575,1999,0
131,2,22,575,2000,0
131,2,22,575,2001,0
131,2,22,575,2002,0
131,2,22,575,2003,0
131,2,22,575,2004,0
131,2,22,575,2005,0
131,2,22,575,2006,0
131,2,22,575,2007,0
131,2,22,575,2008,0
131,2,22,575,2009,0
131,2,22,575,2010,0
131,2,22,575,2011,0
131,2,22,575,2012,0
131,2,22,575,2013,0
131,2,22,575,2014,0
131,2,22,575,2015,0
131,2,22,575,2016,0
131,2,27,575,1990,0
131,2,27,575,1991,0
131,2,27,575,1992,0
131,2,27,575,1993,0
131,2,27,575,1994,0
131,2,27,575,1995,0
131,2,27,575,1996,0
131,2,27,575,1997,0
131,2,27,575,1998,0
131,2,27,575,1999,0
131,2,27,575,2000,0
131,2,27,575,2001,0
131,2,27,575,2002,0
131,2,27,575,2003,0
131,2,27,575,2004,0
131,2,27,575,2005,0
131,2,27,575,2006,0
131,2,27,575,2007,0
131,2,27,575,2008,0
131,2,27,575,2009,0
131,2,27,575,2010,0
131,2,27,575,2011,0
131,2,27,575,2012,0
131,2,27,575,2013,0
131,2,27,575,2014,0
131,2,27,575,2015,0
131,2,27,575,2016,0
131,3,22,575,1990,0
131,3,22,575,1991,0
131,3,22,575,1992,0
131,3,22,575,1993,0
131,3,22,575,1994,0
131,3,22,575,1995,0
131,3,22,575,1996,0
131,3,22,575,1997,0
131,3,22,575,1998,0
131,3,22,575,1999,0
131,3,22,575,2000,0
131,3,22,575,2001,0
131,3,22,575,2002,0
131,3,22,575,2003,0
131,3,22,575,2004,0
131,3,22,575,2005,0
131,3,22,575,2006,0
131,3,22,575,2007,0
131,3,22,575,2008,0
131,3,22,575,2009,0
131,3,22,575,2010,0
131,3,22,575,2011,0
131,3,22,575,2012,0
131,3,22,575,2013,0
131,3,22,575,2014,0
131,3,22,575,2015,0
131,3,22,575,2016,0
131,3,27,575,1990,0
131,3,27,575,1991,0
131,3,27,575,1992,0
131,3,27,575,1993,0
131,3,27,575,1994,0
131,3,27,575,1995,0
131,3,27,575,1996,0
131,3,27,575,1997,0
131,3,27,575,1998,0
131,3,27,575,1999,0
131,3,27,575,2000,0
131,3,27,575,2001,0
131,3,27,575,2002,0
131,3,27,575,2003,0
131,3,27,575,2004,0
131,3,27,575,2005,0
131,3,27,575,2006,0
131,3,27,575,2007,0
131,3,27,575,2008,0
131,3,27,575,2009,0
131,3,27,575,2010,0
131,3,27,575,2011,0
131,3,27,575,2012,0
131,3,27,575,2013,0
131,3,27,575,2014,0
131,3,27,575,2015,0
131,3,27,575,2016,0
132,1,22,575,1990,0
132,1,22,575,1991,0
132,1,22,575,1992,0
132,1,22,575,1993,0
132,1,22,575,1994,0
132,1,22,575,1995,0
132,1,22,575,1996,0
132,1,22,575,1997,0
132,1,22,575,1998,0
132,1,22,575,1999,0
132,1,22,575,2000,0
132,1,22,575,2001,0
132,1,22,575,2002,0
132,1,22,575,2003,0
132,1,22,575,2004,0
132,1,22,575,2005,0
132,1,22,575,2006,0
132,1,22,575,2007,0
132,1,22,575,2008,0
132,1,22,575,2009,0
132,1,22,575,2010,0
132,1,22,575,2011,0
132,1,22,575,2012,0
132,1,22,575,2013,0
132,1,22,575,2014,0
132,1,22,575,2015,0
132,1,22,575,2016,0
132,1,27,575,1990,0
132,1,27,575,1991,0
132,1,27,575,1992,0
132,1,27,575,1993,0
132,1,27,575,1994,0
132,1,27,575,1995,0
132,1,27,575,1996,0
132,1,27,575,1997,0
132,1,27,575,1998,0
132,1,27,575,1999,0
132,1,27,575,2000,0
132,1,27,575,2001,0
132,1,27,575,2002,0
132,1,27,575,2003,0
132,1,27,575,2004,0
132,1,27,575,2005,0
132,1,27,575,2006,0
132,1,27,575,2007,0
132,1,27,575,2008,0
132,1,27,575,2009,0
132,1,27,575,2010,0
132,1,27,575,2011,0
132,1,27,575,2012,0
132,1,27,575,2013,0
132,1,27,575,2014,0
132,1,27,575,2015,0
132,1,27,575,2016,0
132,2,22,575,1990,0
132,2,22,575,1991,0
132,2,22,575,1992,0
132,2,22,575,1993,0
132,2,22,575,1994,0
132,2,22,575,1995,0
132,2,22,575,1996,0
132,2,22,575,1997,0
132,2,22,575,1998,0
132,2,22,575,1999,0
132,2,22,575,2000,0
132,2,22,575,2001,0
132,2,22,575,2002,0
132,2,22,575,2003,0
132,2,22,575,2004,0
132,2,22,575,2005,0
132,2,22,575,2006,0
132,2,22,575,2007,0
132,2,22,575,2008,0
132,2,22,575,2009,0
132,2,22,575,2010,0
132,2,22,575,2011,0
132,2,22,575,2012,0
132,2,22,575,2013,0
132,2,22,575,2014,0
132,2,22,575,2015,0
132,2,22,575,2016,0
132,2,27,575,1990,0
132,2,27,575,1991,0
132,2,27,575,1992,0
132,2,27,575,1993,0
132,2,27,575,1994,0
132,2,27,575,1995,0
132,2,27,575,1996,0
132,2,27,575,1997,0
132,2,27,575,1998,0
132,2,27,575,1999,0
132,2,27,575,2000,0
132,2,27,575,2001,0
132,2,27,575,2002,0
132,2,27,575,2003,0
132,2,27,575,2004,0
132,2,27,575,2005,0
132,2,27,575,2006,0
132,2,27,575,2007,0
132,2,27,575,2008,0
132,2,27,575,2009,0
132,2,27,575,2010,0
132,2,27,575,2011,0
132,2,27,575,2012,0
132,2,27,575,2013,0
132,2,27,575,2014,0
132,2,27,575,2015,0
132,2,27,575,2016,0
132,3,22,575,1990,0
132,3,22,575,1991,0
132,3,22,575,1992,0
132,3,22,575,1993,0
132,3,22,575,1994,0
132,3,22,575,1995,0
132,3,22,575,1996,0
132,3,22,575,1997,0
132,3,22,575,1998,0
132,3,22,575,1999,0
132,3,22,575,2000,0
132,3,22,575,2001,0
132,3,22,575,2002,0
132,3,22,575,2003,0
132,3,22,575,2004,0
132,3,22,575,2005,0
132,3,22,575,2006,0
132,3,22,575,2007,0
132,3,22,575,2008,0
132,3,22,575,2009,0
132,3,22,575,2010,0
132,3,22,575,2011,0
132,3,22,575,2012,0
132,3,22,575,2013,0
132,3,22,575,2014,0
132,3,22,575,2015,0
132,3,22,575,2016,0
132,3,27,575,1990,0
132,3,27,575,1991,0
132,3,27,575,1992,0
132,3,27,575,1993,0
132,3,27,575,1994,0
132,3,27,575,1995,0
132,3,27,575,1996,0
132,3,27,575,1997,0
132,3,27,575,1998,0
132,3,27,575,1999,0
132,3,27,575,2000,0
132,3,27,575,2001,0
132,3,27,575,2002,0
132,3,27,575,2003,0
132,3,27,575,2004,0
132,3,27,575,2005,0
132,3,27,575,2006,0
132,3,27,575,2007,0
132,3,27,575,2008,0
132,3,27,575,2009,0
132,3,27,575,2010,0
132,3,27,575,2011,0
132,3,27,575,2012,0
132,3,27,575,2013,0
132,3,27,575,2014,0
132,3,27,575,2015,0
132,3,27,575,2016,0
133,1,22,575,1990,0
133,1,22,575,1991,0
133,1,22,575,1992,0
133,1,22,575,1993,0
133,1,22,575,1994,0
133,1,22,575,1995,0
133,1,22,575,1996,0
133,1,22,575,1997,0
133,1,22,575,1998,0
133,1,22,575,1999,0
133,1,22,575,2000,0
133,1,22,575,2001,0
133,1,22,575,2002,0
133,1,22,575,2003,0
133,1,22,575,2004,0
133,1,22,575,2005,0
133,1,22,575,2006,0
133,1,22,575,2007,0
133,1,22,575,2008,0
133,1,22,575,2009,0
133,1,22,575,2010,0
133,1,22,575,2011,0
133,1,22,575,2012,0
133,1,22,575,2013,0
133,1,22,575,2014,0
133,1,22,575,2015,0
133,1,22,575,2016,0
133,1,27,575,1990,0
133,1,27,575,1991,0
133,1,27,575,1992,0
133,1,27,575,1993,0
133,1,27,575,1994,0
133,1,27,575,1995,0
133,1,27,575,1996,0
133,1,27,575,1997,0
133,1,27,575,1998,0
133,1,27,575,1999,0
133,1,27,575,2000,0
133,1,27,575,2001,0
133,1,27,575,2002,0
133,1,27,575,2003,0
133,1,27,575,2004,0
133,1,27,575,2005,0
133,1,27,575,2006,0
133,1,27,575,2007,0
133,1,27,575,2008,0
133,1,27,575,2009,0
133,1,27,575,2010,0
133,1,27,575,2011,0
133,1,27,575,2012,0
133,1,27,575,2013,0
133,1,27,575,2014,0
133,1,27,575,2015,0
133,1,27,575,2016,0
133,2,22,575,1990,0
133,2,22,575,1991,0
133,2,22,575,1992,0
133,2,22,575,1993,0
133,2,22,575,1994,0
133,2,22,575,1995,0
133,2,22,575,1996,0
133,2,22,575,1997,0
133,2,22,575,1998,0
133,2,22,575,1999,0
133,2,22,575,2000,0
133,2,22,575,2001,0
133,2,22,575,2002,0
133,2,22,575,2003,0
133,2,22,575,2004,0
133,2,22,575,2005,0
133,2,22,575,2006,0
133,2,22,575,2007,0
133,2,22,575,2008,0
133,2,22,575,2009,0
133,2,22,575,2010,0
133,2,22,575,2011,0
133,2,22,575,2012,0
133,2,22,575,2013,0
133,2,22,575,2014,0
133,2,22,575,2015,0
133,2,22,575,2016,0
133,2,27,575,1990,0
133,2,27,575,1991,0
133,2,27,575,1992,0
133,2,27,575,1993,0
133,2,27,575,1994,0
133,2,27,575,1995,0
133,2,27,575,1996,0
133,2,27,575,1997,0
133,2,27,575,1998,0
133,2,27,575,1999,0
133,2,27,575,2000,0
133,2,27,575,2001,0
133,2,27,575,2002,0
133,2,27,575,2003,0
133,2,27,575,2004,0
133,2,27,575,2005,0
133,2,27,575,2006,0
133,2,27,575,2007,0
133,2,27,575,2008,0
133,2,27,575,2009,0
133,2,27,575,2010,0
133,2,27,575,2011,0
133,2,27,575,2012,0
133,2,27,575,2013,0
133,2,27,575,2014,0
133,2,27,575,2015,0
133,2,27,575,2016,0
133,3,22,575,1990,0
133,3,22,575,1991,0
133,3,22,575,1992,0
133,3,22,575,1993,0
133,3,22,575,1994,0
133,3,22,575,1995,0
133,3,22,575,1996,0
133,3,22,575,1997,0
133,3,22,575,1998,0
133,3,22,575,1999,0
133,3,22,575,2000,0
133,3,22,575,2001,0
133,3,22,575,2002,0
133,3,22,575,2003,0
133,3,22,575,2004,0
133,3,22,575,2005,0
133,3,22,575,2006,0
133,3,22,575,2007,0
133,3,22,575,2008,0
133,3,22,575,2009,0
133,3,22,575,2010,0
133,3,22,575,2011,0
133,3,22,575,2012,0
133,3,22,575,2013,0
133,3,22,575,2014,0
133,3,22,575,2015,0
133,3,22,575,2016,0
133,3,27,575,1990,0
133,3,27,575,1991,0
133,3,27,575,1992,0
133,3,27,575,1993,0
133,3,27,575,1994,0
133,3,27,575,1995,0
133,3,27,575,1996,0
133,3,27,575,1997,0
133,3,27,575,1998,0
133,3,27,575,1999,0
133,3,27,575,2000,0
133,3,27,575,2001,0
133,3,27,575,2002,0
133,3,27,575,2003,0
133,3,27,575,2004,0
133,3,27,575,2005,0
133,3,27,575,2006,0
133,3,27,575,2007,0
133,3,27,575,2008,0
133,3,27,575,2009,0
133,3,27,575,2010,0
133,3,27,575,2011,0
133,3,27,575,2012,0
133,3,27,575,2013,0
133,3,27,575,2014,0
133,3,27,575,2015,0
133,3,27,575,2016,0
135,1,22,575,1990,0
135,1,22,575,1991,0
135,1,22,575,1992,0
135,1,22,575,1993,0
135,1,22,575,1994,0
135,1,22,575,1995,0
135,1,22,575,1996,0
135,1,22,575,1997,0
135,1,22,575,1998,0
135,1,22,575,1999,0
135,1,22,575,2000,0
135,1,22,575,2001,0
135,1,22,575,2002,0
135,1,22,575,2003,0
135,1,22,575,2004,0
135,1,22,575,2005,0
135,1,22,575,2006,0
135,1,22,575,2007,0
135,1,22,575,2008,0
135,1,22,575,2009,0
135,1,22,575,2010,0
135,1,22,575,2011,0
135,1,22,575,2012,0
135,1,22,575,2013,0
135,1,22,575,2014,0
135,1,22,575,2015,0
135,1,22,575,2016,0
135,1,27,575,1990,0
135,1,27,575,1991,0
135,1,27,575,1992,0
135,1,27,575,1993,0
135,1,27,575,1994,0
135,1,27,575,1995,0
135,1,27,575,1996,0
135,1,27,575,1997,0
135,1,27,575,1998,0
135,1,27,575,1999,0
135,1,27,575,2000,0
135,1,27,575,2001,0
135,1,27,575,2002,0
135,1,27,575,2003,0
135,1,27,575,2004,0
135,1,27,575,2005,0
135,1,27,575,2006,0
135,1,27,575,2007,0
135,1,27,575,2008,0
135,1,27,575,2009,0
135,1,27,575,2010,0
135,1,27,575,2011,0
135,1,27,575,2012,0
135,1,27,575,2013,0
135,1,27,575,2014,0
135,1,27,575,2015,0
135,1,27,575,2016,0
135,2,22,575,1990,0
135,2,22,575,1991,0
135,2,22,575,1992,0
135,2,22,575,1993,0
135,2,22,575,1994,0
135,2,22,575,1995,0
135,2,22,575,1996,0
135,2,22,575,1997,0
135,2,22,575,1998,0
135,2,22,575,1999,0
135,2,22,575,2000,0
135,2,22,575,2001,0
135,2,22,575,2002,0
135,2,22,575,2003,0
135,2,22,575,2004,0
135,2,22,575,2005,0
135,2,22,575,2006,0
135,2,22,575,2007,0
135,2,22,575,2008,0
135,2,22,575,2009,0
135,2,22,575,2010,0
135,2,22,575,2011,0
135,2,22,575,2012,0
135,2,22,575,2013,0
135,2,22,575,2014,0
135,2,22,575,2015,0
135,2,22,575,2016,0
135,2,27,575,1990,0
135,2,27,575,1991,0
135,2,27,575,1992,0
135,2,27,575,1993,0
135,2,27,575,1994,0
135,2,27,575,1995,0
135,2,27,575,1996,0
135,2,27,575,1997,0
135,2,27,575,1998,0
135,2,27,575,1999,0
135,2,27,575,2000,0
135,2,27,575,2001,0
135,2,27,575,2002,0
135,2,27,575,2003,0
135,2,27,575,2004,0
135,2,27,575,2005,0
135,2,27,575,2006,0
135,2,27,575,2007,0
135,2,27,575,2008,0
135,2,27,575,2009,0
135,2,27,575,2010,0
135,2,27,575,2011,0
135,2,27,575,2012,0
135,2,27,575,2013,0
135,2,27,575,2014,0
135,2,27,575,2015,0
135,2,27,575,2016,0
135,3,22,575,1990,0
135,3,22,575,1991,0
135,3,22,575,1992,0
135,3,22,575,1993,0
135,3,22,575,1994,0
135,3,22,575,1995,0
135,3,22,575,1996,0
135,3,22,575,1997,0
135,3,22,575,1998,0
135,3,22,575,1999,0
135,3,22,575,2000,0
135,3,22,575,2001,0
135,3,22,575,2002,0
135,3,22,575,2003,0
135,3,22,575,2004,0
135,3,22,575,2005,0
135,3,22,575,2006,0
135,3,22,575,2007,0
135,3,22,575,2008,0
135,3,22,575,2009,0
135,3,22,575,2010,0
135,3,22,575,2011,0
135,3,22,575,2012,0
135,3,22,575,2013,0
135,3,22,575,2014,0
135,3,22,575,2015,0
135,3,22,575,2016,0
135,3,27,575,1990,0
135,3,27,575,1991,0
135,3,27,575,1992,0
135,3,27,575,1993,0
135,3,27,575,1994,0
135,3,27,575,1995,0
135,3,27,575,1996,0
135,3,27,575,1997,0
135,3,27,575,1998,0
135,3,27,575,1999,0
135,3,27,575,2000,0
135,3,27,575,2001,0
135,3,27,575,2002,0
135,3,27,575,2003,0
135,3,27,575,2004,0
135,3,27,575,2005,0
135,3,27,575,2006,0
135,3,27,575,2007,0
135,3,27,575,2008,0
135,3,27,575,2009,0
135,3,27,575,2010,0
135,3,27,575,2011,0
135,3,27,575,2012,0
135,3,27,575,2013,0
135,3,27,575,2014,0
135,3,27,575,2015,0
135,3,27,575,2016,0
136,1,22,575,1990,0
136,1,22,575,1991,0
136,1,22,575,1992,0
136,1,22,575,1993,0
136,1,22,575,1994,0
136,1,22,575,1995,0
136,1,22,575,1996,0
136,1,22,575,1997,0
136,1,22,575,1998,0
136,1,22,575,1999,0
136,1,22,575,2000,0
136,1,22,575,2001,0
136,1,22,575,2002,0
136,1,22,575,2003,0
136,1,22,575,2004,0
136,1,22,575,2005,0
136,1,22,575,2006,0
136,1,22,575,2007,0
136,1,22,575,2008,0
136,1,22,575,2009,0
136,1,22,575,2010,0
136,1,22,575,2011,0
136,1,22,575,2012,0
136,1,22,575,2013,0
136,1,22,575,2014,0
136,1,22,575,2015,0
136,1,22,575,2016,0
136,1,27,575,1990,0
136,1,27,575,1991,0
136,1,27,575,1992,0
136,1,27,575,1993,0
136,1,27,575,1994,0
136,1,27,575,1995,0
136,1,27,575,1996,0
136,1,27,575,1997,0
136,1,27,575,1998,0
136,1,27,575,1999,0
136,1,27,575,2000,0
136,1,27,575,2001,0
136,1,27,575,2002,0
136,1,27,575,2003,0
136,1,27,575,2004,0
136,1,27,575,2005,0
136,1,27,575,2006,0
136,1,27,575,2007,0
136,1,27,575,2008,0
136,1,27,575,2009,0
136,1,27,575,2010,0
136,1,27,575,2011,0
136,1,27,575,2012,0
136,1,27,575,2013,0
136,1,27,575,2014,0
136,1,27,575,2015,0
136,1,27,575,2016,0
136,2,22,575,1990,0
136,2,22,575,1991,0
136,2,22,575,1992,0
136,2,22,575,1993,0
136,2,22,575,1994,0
136,2,22,575,1995,0
136,2,22,575,1996,0
136,2,22,575,1997,0
136,2,22,575,1998,0
136,2,22,575,1999,0
136,2,22,575,2000,0
136,2,22,575,2001,0
136,2,22,575,2002,0
136,2,22,575,2003,0
136,2,22,575,2004,0
136,2,22,575,2005,0
136,2,22,575,2006,0
136,2,22,575,2007,0
136,2,22,575,2008,0
136,2,22,575,2009,0
136,2,22,575,2010,0
136,2,22,575,2011,0
136,2,22,575,2012,0
136,2,22,575,2013,0
136,2,22,575,2014,0
136,2,22,575,2015,0
136,2,22,575,2016,0
136,2,27,575,1990,0
136,2,27,575,1991,0
136,2,27,575,1992,0
136,2,27,575,1993,0
136,2,27,575,1994,0
136,2,27,575,1995,0
136,2,27,575,1996,0
136,2,27,575,1997,0
136,2,27,575,1998,0
136,2,27,575,1999,0
136,2,27,575,2000,0
136,2,27,575,2001,0
136,2,27,575,2002,0
136,2,27,575,2003,0
136,2,27,575,2004,0
136,2,27,575,2005,0
136,2,27,575,2006,0
136,2,27,575,2007,0
136,2,27,575,2008,0
136,2,27,575,2009,0
136,2,27,575,2010,0
136,2,27,575,2011,0
136,2,27,575,2012,0
136,2,27,575,2013,0
136,2,27,575,2014,0
136,2,27,575,2015,0
136,2,27,575,2016,0
136,3,22,575,1990,0
136,3,22,575,1991,0
136,3,22,575,1992,0
136,3,22,575,1993,0
136,3,22,575,1994,0
136,3,22,575,1995,0
136,3,22,575,1996,0
136,3,22,575,1997,0
136,3,22,575,1998,0
136,3,22,575,1999,0
136,3,22,575,2000,0
136,3,22,575,2001,0
136,3,22,575,2002,0
136,3,22,575,2003,0
136,3,22,575,2004,0
136,3,22,575,2005,0
136,3,22,575,2006,0
136,3,22,575,2007,0
136,3,22,575,2008,0
136,3,22,575,2009,0
136,3,22,575,2010,0
136,3,22,575,2011,0
136,3,22,575,2012,0
136,3,22,575,2013,0
136,3,22,575,2014,0
136,3,22,575,2015,0
136,3,22,575,2016,0
136,3,27,575,1990,0
136,3,27,575,1991,0
136,3,27,575,1992,0
136,3,27,575,1993,0
136,3,27,575,1994,0
136,3,27,575,1995,0
136,3,27,575,1996,0
136,3,27,575,1997,0
136,3,27,575,1998,0
136,3,27,575,1999,0
136,3,27,575,2000,0
136,3,27,575,2001,0
136,3,27,575,2002,0
136,3,27,575,2003,0
136,3,27,575,2004,0
136,3,27,575,2005,0
136,3,27,575,2006,0
136,3,27,575,2007,0
136,3,27,575,2008,0
136,3,27,575,2009,0
136,3,27,575,2010,0
136,3,27,575,2011,0
136,3,27,575,2012,0
136,3,27,575,2013,0
136,3,27,575,2014,0
136,3,27,575,2015,0
136,3,27,575,2016,0
139,1,22,575,1990,0
139,1,22,575,1991,0
139,1,22,575,1992,0
139,1,22,575,1993,0
139,1,22,575,1994,0
139,1,22,575,1995,0
139,1,22,575,1996,0
139,1,22,575,1997,0
139,1,22,575,1998,0
139,1,22,575,1999,0
139,1,22,575,2000,0
139,1,22,575,2001,0
139,1,22,575,2002,0
139,1,22,575,2003,0
139,1,22,575,2004,0
139,1,22,575,2005,0
139,1,22,575,2006,0
139,1,22,575,2007,0
139,1,22,575,2008,0
139,1,22,575,2009,0
139,1,22,575,2010,0
139,1,22,575,2011,0
139,1,22,575,2012,0
139,1,22,575,2013,0
139,1,22,575,2014,0
139,1,22,575,2015,0
139,1,22,575,2016,0
139,1,27,575,1990,0
139,1,27,575,1991,0
139,1,27,575,1992,0
139,1,27,575,1993,0
139,1,27,575,1994,0
139,1,27,575,1995,0
139,1,27,575,1996,0
139,1,27,575,1997,0
139,1,27,575,1998,0
139,1,27,575,1999,0
139,1,27,575,2000,0
139,1,27,575,2001,0
139,1,27,575,2002,0
139,1,27,575,2003,0
139,1,27,575,2004,0
139,1,27,575,2005,0
139,1,27,575,2006,0
139,1,27,575,2007,0
139,1,27,575,2008,0
139,1,27,575,2009,0
139,1,27,575,2010,0
139,1,27,575,2011,0
139,1,27,575,2012,0
139,1,27,575,2013,0
139,1,27,575,2014,0
139,1,27,575,2015,0
139,1,27,575,2016,0
139,2,22,575,1990,0
139,2,22,575,1991,0
139,2,22,575,1992,0
139,2,22,575,1993,0
139,2,22,575,1994,0
139,2,22,575,1995,0
139,2,22,575,1996,0
139,2,22,575,1997,0
139,2,22,575,1998,0
139,2,22,575,1999,0
139,2,22,575,2000,0
139,2,22,575,2001,0
139,2,22,575,2002,0
139,2,22,575,2003,0
139,2,22,575,2004,0
139,2,22,575,2005,0
139,2,22,575,2006,0
139,2,22,575,2007,0
139,2,22,575,2008,0
139,2,22,575,2009,0
139,2,22,575,2010,0
139,2,22,575,2011,0
139,2,22,575,2012,0
139,2,22,575,2013,0
139,2,22,575,2014,0
139,2,22,575,2015,0
139,2,22,575,2016,0
139,2,27,575,1990,0
139,2,27,575,1991,0
139,2,27,575,1992,0
139,2,27,575,1993,0
139,2,27,575,1994,0
139,2,27,575,1995,0
139,2,27,575,1996,0
139,2,27,575,1997,0
139,2,27,575,1998,0
139,2,27,575,1999,0
139,2,27,575,2000,0
139,2,27,575,2001,0
139,2,27,575,2002,0
139,2,27,575,2003,0
139,2,27,575,2004,0
139,2,27,575,2005,0
139,2,27,575,2006,0
139,2,27,575,2007,0
139,2,27,575,2008,0
139,2,27,575,2009,0
139,2,27,575,2010,0
139,2,27,575,2011,0
139,2,27,575,2012,0
139,2,27,575,2013,0
139,2,27,575,2014,0
139,2,27,575,2015,0
139,2,27,575,2016,0
139,3,22,575,1990,0
139,3,22,575,1991,0
139,3,22,575,1992,0
139,3,22,575,1993,0
139,3,22,575,1994,0
139,3,22,575,1995,0
139,3,22,575,1996,0
139,3,22,575,1997,0
139,3,22,575,1998,0
139,3,22,575,1999,0
139,3,22,575,2000,0
139,3,22,575,2001,0
139,3,22,575,2002,0
139,3,22,575,2003,0
139,3,22,575,2004,0
139,3,22,575,2005,0
139,3,22,575,2006,0
139,3,22,575,2007,0
139,3,22,575,2008,0
139,3,22,575,2009,0
139,3,22,575,2010,0
139,3,22,575,2011,0
139,3,22,575,2012,0
139,3,22,575,2013,0
139,3,22,575,2014,0
139,3,22,575,2015,0
139,3,22,575,2016,0
139,3,27,575,1990,0
139,3,27,575,1991,0
139,3,27,575,1992,0
139,3,27,575,1993,0
139,3,27,575,1994,0
139,3,27,575,1995,0
139,3,27,575,1996,0
139,3,27,575,1997,0
139,3,27,575,1998,0
139,3,27,575,1999,0
139,3,27,575,2000,0
139,3,27,575,2001,0
139,3,27,575,2002,0
139,3,27,575,2003,0
139,3,27,575,2004,0
139,3,27,575,2005,0
139,3,27,575,2006,0
139,3,27,575,2007,0
139,3,27,575,2008,0
139,3,27,575,2009,0
139,3,27,575,2010,0
139,3,27,575,2011,0
139,3,27,575,2012,0
139,3,27,575,2013,0
139,3,27,575,2014,0
139,3,27,575,2015,0
139,3,27,575,2016,0
140,1,22,575,1990,0
140,1,22,575,1991,0
140,1,22,575,1992,0
140,1,22,575,1993,0
140,1,22,575,1994,0
140,1,22,575,1995,0
140,1,22,575,1996,0
140,1,22,575,1997,0
140,1,22,575,1998,0
140,1,22,575,1999,0
140,1,22,575,2000,0
140,1,22,575,2001,0
140,1,22,575,2002,0
140,1,22,575,2003,0
140,1,22,575,2004,0
140,1,22,575,2005,0
140,1,22,575,2006,0
140,1,22,575,2007,0
140,1,22,575,2008,0
140,1,22,575,2009,0
140,1,22,575,2010,0
140,1,22,575,2011,0
140,1,22,575,2012,0
140,1,22,575,2013,0
140,1,22,575,2014,0
140,1,22,575,2015,0
140,1,22,575,2016,0
140,1,27,575,1990,0
140,1,27,575,1991,0
140,1,27,575,1992,0
140,1,27,575,1993,0
140,1,27,575,1994,0
140,1,27,575,1995,0
140,1,27,575,1996,0
140,1,27,575,1997,0
140,1,27,575,1998,0
140,1,27,575,1999,0
140,1,27,575,2000,0
140,1,27,575,2001,0
140,1,27,575,2002,0
140,1,27,575,2003,0
140,1,27,575,2004,0
140,1,27,575,2005,0
140,1,27,575,2006,0
140,1,27,575,2007,0
140,1,27,575,2008,0
140,1,27,575,2009,0
140,1,27,575,2010,0
140,1,27,575,2011,0
140,1,27,575,2012,0
140,1,27,575,2013,0
140,1,27,575,2014,0
140,1,27,575,2015,0
140,1,27,575,2016,0
140,2,22,575,1990,0
140,2,22,575,1991,0
140,2,22,575,1992,0
140,2,22,575,1993,0
140,2,22,575,1994,0
140,2,22,575,1995,0
140,2,22,575,1996,0
140,2,22,575,1997,0
140,2,22,575,1998,0
140,2,22,575,1999,0
140,2,22,575,2000,0
140,2,22,575,2001,0
140,2,22,575,2002,0
140,2,22,575,2003,0
140,2,22,575,2004,0
140,2,22,575,2005,0
140,2,22,575,2006,0
140,2,22,575,2007,0
140,2,22,575,2008,0
140,2,22,575,2009,0
140,2,22,575,2010,0
140,2,22,575,2011,0
140,2,22,575,2012,0
140,2,22,575,2013,0
140,2,22,575,2014,0
140,2,22,575,2015,0
140,2,22,575,2016,0
140,2,27,575,1990,0
140,2,27,575,1991,0
140,2,27,575,1992,0
140,2,27,575,1993,0
140,2,27,575,1994,0
140,2,27,575,1995,0
140,2,27,575,1996,0
140,2,27,575,1997,0
140,2,27,575,1998,0
140,2,27,575,1999,0
140,2,27,575,2000,0
140,2,27,575,2001,0
140,2,27,575,2002,0
140,2,27,575,2003,0
140,2,27,575,2004,0
140,2,27,575,2005,0
140,2,27,575,2006,0
140,2,27,575,2007,0
140,2,27,575,2008,0
140,2,27,575,2009,0
140,2,27,575,2010,0
140,2,27,575,2011,0
140,2,27,575,2012,0
140,2,27,575,2013,0
140,2,27,575,2014,0
140,2,27,575,2015,0
140,2,27,575,2016,0
140,3,22,575,1990,0
140,3,22,575,1991,0
140,3,22,575,1992,0
140,3,22,575,1993,0
140,3,22,575,1994,0
140,3,22,575,1995,0
140,3,22,575,1996,0
140,3,22,575,1997,0
140,3,22,575,1998,0
140,3,22,575,1999,0
140,3,22,575,2000,0
140,3,22,575,2001,0
140,3,22,575,2002,0
140,3,22,575,2003,0
140,3,22,575,2004,0
140,3,22,575,2005,0
140,3,22,575,2006,0
140,3,22,575,2007,0
140,3,22,575,2008,0
140,3,22,575,2009,0
140,3,22,575,2010,0
140,3,22,575,2011,0
140,3,22,575,2012,0
140,3,22,575,2013,0
140,3,22,575,2014,0
140,3,22,575,2015,0
140,3,22,575,2016,0
140,3,27,575,1990,0
140,3,27,575,1991,0
140,3,27,575,1992,0
140,3,27,575,1993,0
140,3,27,575,1994,0
140,3,27,575,1995,0
140,3,27,575,1996,0
140,3,27,575,1997,0
140,3,27,575,1998,0
140,3,27,575,1999,0
140,3,27,575,2000,0
140,3,27,575,2001,0
140,3,27,575,2002,0
140,3,27,575,2003,0
140,3,27,575,2004,0
140,3,27,575,2005,0
140,3,27,575,2006,0
140,3,27,575,2007,0
140,3,27,575,2008,0
140,3,27,575,2009,0
140,3,27,575,2010,0
140,3,27,575,2011,0
140,3,27,575,2012,0
140,3,27,575,2013,0
140,3,27,575,2014,0
140,3,27,575,2015,0
140,3,27,575,2016,0
141,1,22,575,1990,0
141,1,22,575,1991,0
141,1,22,575,1992,0
141,1,22,575,1993,0
141,1,22,575,1994,0
141,1,22,575,1995,0
141,1,22,575,1996,0
141,1,22,575,1997,0
141,1,22,575,1998,0
141,1,22,575,1999,0
141,1,22,575,2000,0
141,1,22,575,2001,0
141,1,22,575,2002,0
141,1,22,575,2003,0
141,1,22,575,2004,0
141,1,22,575,2005,0
141,1,22,575,2006,0
141,1,22,575,2007,0
141,1,22,575,2008,0
141,1,22,575,2009,0
141,1,22,575,2010,0
141,1,22,575,2011,0
141,1,22,575,2012,0
141,1,22,575,2013,0
141,1,22,575,2014,0
141,1,22,575,2015,0
141,1,22,575,2016,0
141,1,27,575,1990,0
141,1,27,575,1991,0
141,1,27,575,1992,0
141,1,27,575,1993,0
141,1,27,575,1994,0
141,1,27,575,1995,0
141,1,27,575,1996,0
141,1,27,575,1997,0
141,1,27,575,1998,0
141,1,27,575,1999,0
141,1,27,575,2000,0
141,1,27,575,2001,0
141,1,27,575,2002,0
141,1,27,575,2003,0
141,1,27,575,2004,0
141,1,27,575,2005,0
141,1,27,575,2006,0
141,1,27,575,2007,0
141,1,27,575,2008,0
141,1,27,575,2009,0
141,1,27,575,2010,0
141,1,27,575,2011,0
141,1,27,575,2012,0
141,1,27,575,2013,0
141,1,27,575,2014,0
141,1,27,575,2015,0
141,1,27,575,2016,0
141,2,22,575,1990,0
141,2,22,575,1991,0
141,2,22,575,1992,0
141,2,22,575,1993,0
141,2,22,575,1994,0
141,2,22,575,1995,0
141,2,22,575,1996,0
141,2,22,575,1997,0
141,2,22,575,1998,0
141,2,22,575,1999,0
141,2,22,575,2000,0
141,2,22,575,2001,0
141,2,22,575,2002,0
141,2,22,575,2003,0
141,2,22,575,2004,0
141,2,22,575,2005,0
141,2,22,575,2006,0
141,2,22,575,2007,0
141,2,22,575,2008,0
141,2,22,575,2009,0
141,2,22,575,2010,0
141,2,22,575,2011,0
141,2,22,575,2012,0
141,2,22,575,2013,0
141,2,22,575,2014,0
141,2,22,575,2015,0
141,2,22,575,2016,0
141,2,27,575,1990,0
141,2,27,575,1991,0
141,2,27,575,1992,0
141,2,27,575,1993,0
141,2,27,575,1994,0
141,2,27,575,1995,0
141,2,27,575,1996,0
141,2,27,575,1997,0
141,2,27,575,1998,0
141,2,27,575,1999,0
141,2,27,575,2000,0
141,2,27,575,2001,0
141,2,27,575,2002,0
141,2,27,575,2003,0
141,2,27,575,2004,0
141,2,27,575,2005,0
141,2,27,575,2006,0
141,2,27,575,2007,0
141,2,27,575,2008,0
141,2,27,575,2009,0
141,2,27,575,2010,0
141,2,27,575,2011,0
141,2,27,575,2012,0
141,2,27,575,2013,0
141,2,27,575,2014,0
141,2,27,575,2015,0
141,2,27,575,2016,0
141,3,22,575,1990,0
141,3,22,575,1991,0
141,3,22,575,1992,0
141,3,22,575,1993,0
141,3,22,575,1994,0
141,3,22,575,1995,0
141,3,22,575,1996,0
141,3,22,575,1997,0
141,3,22,575,1998,0
141,3,22,575,1999,0
141,3,22,575,2000,0
141,3,22,575,2001,0
141,3,22,575,2002,0
141,3,22,575,2003,0
141,3,22,575,2004,0
141,3,22,575,2005,0
141,3,22,575,2006,0
141,3,22,575,2007,0
141,3,22,575,2008,0
141,3,22,575,2009,0
141,3,22,575,2010,0
141,3,22,575,2011,0
141,3,22,575,2012,0
141,3,22,575,2013,0
141,3,22,575,2014,0
141,3,22,575,2015,0
141,3,22,575,2016,0
141,3,27,575,1990,0
141,3,27,575,1991,0
141,3,27,575,1992,0
141,3,27,575,1993,0
141,3,27,575,1994,0
141,3,27,575,1995,0
141,3,27,575,1996,0
141,3,27,575,1997,0
141,3,27,575,1998,0
141,3,27,575,1999,0
141,3,27,575,2000,0
141,3,27,575,2001,0
141,3,27,575,2002,0
141,3,27,575,2003,0
141,3,27,575,2004,0
141,3,27,575,2005,0
141,3,27,575,2006,0
141,3,27,575,2007,0
141,3,27,575,2008,0
141,3,27,575,2009,0
141,3,27,575,2010,0
141,3,27,575,2011,0
141,3,27,575,2012,0
141,3,27,575,2013,0
141,3,27,575,2014,0
141,3,27,575,2015,0
141,3,27,575,2016,0
142,1,22,575,1990,0
142,1,22,575,1991,0
142,1,22,575,1992,0
142,1,22,575,1993,0
142,1,22,575,1994,0
142,1,22,575,1995,0
142,1,22,575,1996,0
142,1,22,575,1997,0
142,1,22,575,1998,0
142,1,22,575,1999,0
142,1,22,575,2000,0
142,1,22,575,2001,0
142,1,22,575,2002,0
142,1,22,575,2003,0
142,1,22,575,2004,0
142,1,22,575,2005,0
142,1,22,575,2006,0
142,1,22,575,2007,0
142,1,22,575,2008,0
142,1,22,575,2009,0
142,1,22,575,2010,0
142,1,22,575,2011,0
142,1,22,575,2012,0
142,1,22,575,2013,0
142,1,22,575,2014,0
142,1,22,575,2015,0
142,1,22,575,2016,0
142,1,27,575,1990,0
142,1,27,575,1991,0
142,1,27,575,1992,0
142,1,27,575,1993,0
142,1,27,575,1994,0
142,1,27,575,1995,0
142,1,27,575,1996,0
142,1,27,575,1997,0
142,1,27,575,1998,0
142,1,27,575,1999,0
142,1,27,575,2000,0
142,1,27,575,2001,0
142,1,27,575,2002,0
142,1,27,575,2003,0
142,1,27,575,2004,0
142,1,27,575,2005,0
142,1,27,575,2006,0
142,1,27,575,2007,0
142,1,27,575,2008,0
142,1,27,575,2009,0
142,1,27,575,2010,0
142,1,27,575,2011,0
142,1,27,575,2012,0
142,1,27,575,2013,0
142,1,27,575,2014,0
142,1,27,575,2015,0
142,1,27,575,2016,0
142,2,22,575,1990,0
142,2,22,575,1991,0
142,2,22,575,1992,0
142,2,22,575,1993,0
142,2,22,575,1994,0
142,2,22,575,1995,0
142,2,22,575,1996,0
142,2,22,575,1997,0
142,2,22,575,1998,0
142,2,22,575,1999,0
142,2,22,575,2000,0
142,2,22,575,2001,0
142,2,22,575,2002,0
142,2,22,575,2003,0
142,2,22,575,2004,0
142,2,22,575,2005,0
142,2,22,575,2006,0
142,2,22,575,2007,0
142,2,22,575,2008,0
142,2,22,575,2009,0
142,2,22,575,2010,0
142,2,22,575,2011,0
142,2,22,575,2012,0
142,2,22,575,2013,0
142,2,22,575,2014,0
142,2,22,575,2015,0
142,2,22,575,2016,0
142,2,27,575,1990,0
142,2,27,575,1991,0
142,2,27,575,1992,0
142,2,27,575,1993,0
142,2,27,575,1994,0
142,2,27,575,1995,0
142,2,27,575,1996,0
142,2,27,575,1997,0
142,2,27,575,1998,0
142,2,27,575,1999,0
142,2,27,575,2000,0
142,2,27,575,2001,0
142,2,27,575,2002,0
142,2,27,575,2003,0
142,2,27,575,2004,0
142,2,27,575,2005,0
142,2,27,575,2006,0
142,2,27,575,2007,0
142,2,27,575,2008,0
142,2,27,575,2009,0
142,2,27,575,2010,0
142,2,27,575,2011,0
142,2,27,575,2012,0
142,2,27,575,2013,0
142,2,27,575,2014,0
142,2,27,575,2015,0
142,2,27,575,2016,0
142,3,22,575,1990,0
142,3,22,575,1991,0
142,3,22,575,1992,0
142,3,22,575,1993,0
142,3,22,575,1994,0
142,3,22,575,1995,0
142,3,22,575,1996,0
142,3,22,575,1997,0
142,3,22,575,1998,0
142,3,22,575,1999,0
142,3,22,575,2000,0
142,3,22,575,2001,0
142,3,22,575,2002,0
142,3,22,575,2003,0
142,3,22,575,2004,0
142,3,22,575,2005,0
142,3,22,575,2006,0
142,3,22,575,2007,0
142,3,22,575,2008,0
142,3,22,575,2009,0
142,3,22,575,2010,0
142,3,22,575,2011,0
142,3,22,575,2012,0
142,3,22,575,2013,0
142,3,22,575,2014,0
142,3,22,575,2015,0
142,3,22,575,2016,0
142,3,27,575,1990,0
142,3,27,575,1991,0
142,3,27,575,1992,0
142,3,27,575,1993,0
142,3,27,575,1994,0
142,3,27,575,1995,0
142,3,27,575,1996,0
142,3,27,575,1997,0
142,3,27,575,1998,0
142,3,27,575,1999,0
142,3,27,575,2000,0
142,3,27,575,2001,0
142,3,27,575,2002,0
142,3,27,575,2003,0
142,3,27,575,2004,0
142,3,27,575,2005,0
142,3,27,575,2006,0
142,3,27,575,2007,0
142,3,27,575,2008,0
142,3,27,575,2009,0
142,3,27,575,2010,0
142,3,27,575,2011,0
142,3,27,575,2012,0
142,3,27,575,2013,0
142,3,27,575,2014,0
142,3,27,575,2015,0
142,3,27,575,2016,0
143,1,22,575,1990,0
143,1,22,575,1991,0
143,1,22,575,1992,0
143,1,22,575,1993,0
143,1,22,575,1994,0
143,1,22,575,1995,0
143,1,22,575,1996,0
143,1,22,575,1997,0
143,1,22,575,1998,0
143,1,22,575,1999,0
143,1,22,575,2000,0
143,1,22,575,2001,0
143,1,22,575,2002,0
143,1,22,575,2003,0
143,1,22,575,2004,0
143,1,22,575,2005,0
143,1,22,575,2006,0
143,1,22,575,2007,0
143,1,22,575,2008,0
143,1,22,575,2009,0
143,1,22,575,2010,0
143,1,22,575,2011,0
143,1,22,575,2012,0
143,1,22,575,2013,0
143,1,22,575,2014,0
143,1,22,575,2015,0
143,1,22,575,2016,0
143,1,27,575,1990,0
143,1,27,575,1991,0
143,1,27,575,1992,0
143,1,27,575,1993,0
143,1,27,575,1994,0
143,1,27,575,1995,0
143,1,27,575,1996,0
143,1,27,575,1997,0
143,1,27,575,1998,0
143,1,27,575,1999,0
143,1,27,575,2000,0
143,1,27,575,2001,0
143,1,27,575,2002,0
143,1,27,575,2003,0
143,1,27,575,2004,0
143,1,27,575,2005,0
143,1,27,575,2006,0
143,1,27,575,2007,0
143,1,27,575,2008,0
143,1,27,575,2009,0
143,1,27,575,2010,0
143,1,27,575,2011,0
143,1,27,575,2012,0
143,1,27,575,2013,0
143,1,27,575,2014,0
143,1,27,575,2015,0
143,1,27,575,2016,0
143,2,22,575,1990,0
143,2,22,575,1991,0
143,2,22,575,1992,0
143,2,22,575,1993,0
143,2,22,575,1994,0
143,2,22,575,1995,0
143,2,22,575,1996,0
143,2,22,575,1997,0
143,2,22,575,1998,0
143,2,22,575,1999,0
143,2,22,575,2000,0
143,2,22,575,2001,0
143,2,22,575,2002,0
143,2,22,575,2003,0
143,2,22,575,2004,0
143,2,22,575,2005,0
143,2,22,575,2006,0
143,2,22,575,2007,0
143,2,22,575,2008,0
143,2,22,575,2009,0
143,2,22,575,2010,0
143,2,22,575,2011,0
143,2,22,575,2012,0
143,2,22,575,2013,0
143,2,22,575,2014,0
143,2,22,575,2015,0
143,2,22,575,2016,0
143,2,27,575,1990,0
143,2,27,575,1991,0
143,2,27,575,1992,0
143,2,27,575,1993,0
143,2,27,575,1994,0
143,2,27,575,1995,0
143,2,27,575,1996,0
143,2,27,575,1997,0
143,2,27,575,1998,0
143,2,27,575,1999,0
143,2,27,575,2000,0
143,2,27,575,2001,0
143,2,27,575,2002,0
143,2,27,575,2003,0
143,2,27,575,2004,0
143,2,27,575,2005,0
143,2,27,575,2006,0
143,2,27,575,2007,0
143,2,27,575,2008,0
143,2,27,575,2009,0
143,2,27,575,2010,0
143,2,27,575,2011,0
143,2,27,575,2012,0
143,2,27,575,2013,0
143,2,27,575,2014,0
143,2,27,575,2015,0
143,2,27,575,2016,0
143,3,22,575,1990,0
143,3,22,575,1991,0
143,3,22,575,1992,0
143,3,22,575,1993,0
143,3,22,575,1994,0
143,3,22,575,1995,0
143,3,22,575,1996,0
143,3,22,575,1997,0
143,3,22,575,1998,0
143,3,22,575,1999,0
143,3,22,575,2000,0
143,3,22,575,2001,0
143,3,22,575,2002,0
143,3,22,575,2003,0
143,3,22,575,2004,0
143,3,22,575,2005,0
143,3,22,575,2006,0
143,3,22,575,2007,0
143,3,22,575,2008,0
143,3,22,575,2009,0
143,3,22,575,2010,0
143,3,22,575,2011,0
143,3,22,575,2012,0
143,3,22,575,2013,0
143,3,22,575,2014,0
143,3,22,575,2015,0
143,3,22,575,2016,0
143,3,27,575,1990,0
143,3,27,575,1991,0
143,3,27,575,1992,0
143,3,27,575,1993,0
143,3,27,575,1994,0
143,3,27,575,1995,0
143,3,27,575,1996,0
143,3,27,575,1997,0
143,3,27,575,1998,0
143,3,27,575,1999,0
143,3,27,575,2000,0
143,3,27,575,2001,0
143,3,27,575,2002,0
143,3,27,575,2003,0
143,3,27,575,2004,0
143,3,27,575,2005,0
143,3,27,575,2006,0
143,3,27,575,2007,0
143,3,27,575,2008,0
143,3,27,575,2009,0
143,3,27,575,2010,0
143,3,27,575,2011,0
143,3,27,575,2012,0
143,3,27,575,2013,0
143,3,27,575,2014,0
143,3,27,575,2015,0
143,3,27,575,2016,0
144,1,22,575,1990,0
144,1,22,575,1991,0
144,1,22,575,1992,0
144,1,22,575,1993,0
144,1,22,575,1994,0
144,1,22,575,1995,0
144,1,22,575,1996,0
144,1,22,575,1997,0
144,1,22,575,1998,0
144,1,22,575,1999,0
144,1,22,575,2000,0
144,1,22,575,2001,0
144,1,22,575,2002,0
144,1,22,575,2003,0
144,1,22,575,2004,0
144,1,22,575,2005,0
144,1,22,575,2006,0
144,1,22,575,2007,0
144,1,22,575,2008,0
144,1,22,575,2009,0
144,1,22,575,2010,0
144,1,22,575,2011,0
144,1,22,575,2012,0
144,1,22,575,2013,0
144,1,22,575,2014,0
144,1,22,575,2015,0
144,1,22,575,2016,0
144,1,27,575,1990,0
144,1,27,575,1991,0
144,1,27,575,1992,0
144,1,27,575,1993,0
144,1,27,575,1994,0
144,1,27,575,1995,0
144,1,27,575,1996,0
144,1,27,575,1997,0
144,1,27,575,1998,0
144,1,27,575,1999,0
144,1,27,575,2000,0
144,1,27,575,2001,0
144,1,27,575,2002,0
144,1,27,575,2003,0
144,1,27,575,2004,0
144,1,27,575,2005,0
144,1,27,575,2006,0
144,1,27,575,2007,0
144,1,27,575,2008,0
144,1,27,575,2009,0
144,1,27,575,2010,0
144,1,27,575,2011,0
144,1,27,575,2012,0
144,1,27,575,2013,0
144,1,27,575,2014,0
144,1,27,575,2015,0
144,1,27,575,2016,0
144,2,22,575,1990,0
144,2,22,575,1991,0
144,2,22,575,1992,0
144,2,22,575,1993,0
144,2,22,575,1994,0
144,2,22,575,1995,0
144,2,22,575,1996,0
144,2,22,575,1997,0
144,2,22,575,1998,0
144,2,22,575,1999,0
144,2,22,575,2000,0
144,2,22,575,2001,0
144,2,22,575,2002,0
144,2,22,575,2003,0
144,2,22,575,2004,0
144,2,22,575,2005,0
144,2,22,575,2006,0
144,2,22,575,2007,0
144,2,22,575,2008,0
144,2,22,575,2009,0
144,2,22,575,2010,0
144,2,22,575,2011,0
144,2,22,575,2012,0
144,2,22,575,2013,0
144,2,22,575,2014,0
144,2,22,575,2015,0
144,2,22,575,2016,0
144,2,27,575,1990,0
144,2,27,575,1991,0
144,2,27,575,1992,0
144,2,27,575,1993,0
144,2,27,575,1994,0
144,2,27,575,1995,0
144,2,27,575,1996,0
144,2,27,575,1997,0
144,2,27,575,1998,0
144,2,27,575,1999,0
144,2,27,575,2000,0
144,2,27,575,2001,0
144,2,27,575,2002,0
144,2,27,575,2003,0
144,2,27,575,2004,0
144,2,27,575,2005,0
144,2,27,575,2006,0
144,2,27,575,2007,0
144,2,27,575,2008,0
144,2,27,575,2009,0
144,2,27,575,2010,0
144,2,27,575,2011,0
144,2,27,575,2012,0
144,2,27,575,2013,0
144,2,27,575,2014,0
144,2,27,575,2015,0
144,2,27,575,2016,0
144,3,22,575,1990,0
144,3,22,575,1991,0
144,3,22,575,1992,0
144,3,22,575,1993,0
144,3,22,575,1994,0
144,3,22,575,1995,0
144,3,22,575,1996,0
144,3,22,575,1997,0
144,3,22,575,1998,0
144,3,22,575,1999,0
144,3,22,575,2000,0
144,3,22,575,2001,0
144,3,22,575,2002,0
144,3,22,575,2003,0
144,3,22,575,2004,0
144,3,22,575,2005,0
144,3,22,575,2006,0
144,3,22,575,2007,0
144,3,22,575,2008,0
144,3,22,575,2009,0
144,3,22,575,2010,0
144,3,22,575,2011,0
144,3,22,575,2012,0
144,3,22,575,2013,0
144,3,22,575,2014,0
144,3,22,575,2015,0
144,3,22,575,2016,0
144,3,27,575,1990,0
144,3,27,575,1991,0
144,3,27,575,1992,0
144,3,27,575,1993,0
144,3,27,575,1994,0
144,3,27,575,1995,0
144,3,27,575,1996,0
144,3,27,575,1997,0
144,3,27,575,1998,0
144,3,27,575,1999,0
144,3,27,575,2000,0
144,3,27,575,2001,0
144,3,27,575,2002,0
144,3,27,575,2003,0
144,3,27,575,2004,0
144,3,27,575,2005,0
144,3,27,575,2006,0
144,3,27,575,2007,0
144,3,27,575,2008,0
144,3,27,575,2009,0
144,3,27,575,2010,0
144,3,27,575,2011,0
144,3,27,575,2012,0
144,3,27,575,2013,0
144,3,27,575,2014,0
144,3,27,575,2015,0
144,3,27,575,2016,0
145,1,22,575,1990,0
145,1,22,575,1991,0
145,1,22,575,1992,0
145,1,22,575,1993,0
145,1,22,575,1994,0
145,1,22,575,1995,0
145,1,22,575,1996,0
145,1,22,575,1997,0
145,1,22,575,1998,0
145,1,22,575,1999,0
145,1,22,575,2000,0
145,1,22,575,2001,0
145,1,22,575,2002,0
145,1,22,575,2003,0
145,1,22,575,2004,0
145,1,22,575,2005,0
145,1,22,575,2006,0
145,1,22,575,2007,0
145,1,22,575,2008,0
145,1,22,575,2009,0
145,1,22,575,2010,0
145,1,22,575,2011,0
145,1,22,575,2012,0
145,1,22,575,2013,0
145,1,22,575,2014,0
145,1,22,575,2015,0
145,1,22,575,2016,0
145,1,27,575,1990,0
145,1,27,575,1991,0
145,1,27,575,1992,0
145,1,27,575,1993,0
145,1,27,575,1994,0
145,1,27,575,1995,0
145,1,27,575,1996,0
145,1,27,575,1997,0
145,1,27,575,1998,0
145,1,27,575,1999,0
145,1,27,575,2000,0
145,1,27,575,2001,0
145,1,27,575,2002,0
145,1,27,575,2003,0
145,1,27,575,2004,0
145,1,27,575,2005,0
145,1,27,575,2006,0
145,1,27,575,2007,0
145,1,27,575,2008,0
145,1,27,575,2009,0
145,1,27,575,2010,0
145,1,27,575,2011,0
145,1,27,575,2012,0
145,1,27,575,2013,0
145,1,27,575,2014,0
145,1,27,575,2015,0
145,1,27,575,2016,0
145,2,22,575,1990,0
145,2,22,575,1991,0
145,2,22,575,1992,0
145,2,22,575,1993,0
145,2,22,575,1994,0
145,2,22,575,1995,0
145,2,22,575,1996,0
145,2,22,575,1997,0
145,2,22,575,1998,0
145,2,22,575,1999,0
145,2,22,575,2000,0
145,2,22,575,2001,0
145,2,22,575,2002,0
145,2,22,575,2003,0
145,2,22,575,2004,0
145,2,22,575,2005,0
145,2,22,575,2006,0
145,2,22,575,2007,0
145,2,22,575,2008,0
145,2,22,575,2009,0
145,2,22,575,2010,0
145,2,22,575,2011,0
145,2,22,575,2012,0
145,2,22,575,2013,0
145,2,22,575,2014,0
145,2,22,575,2015,0
145,2,22,575,2016,0
145,2,27,575,1990,0
145,2,27,575,1991,0
145,2,27,575,1992,0
145,2,27,575,1993,0
145,2,27,575,1994,0
145,2,27,575,1995,0
145,2,27,575,1996,0
145,2,27,575,1997,0
145,2,27,575,1998,0
145,2,27,575,1999,0
145,2,27,575,2000,0
145,2,27,575,2001,0
145,2,27,575,2002,0
145,2,27,575,2003,0
145,2,27,575,2004,0
145,2,27,575,2005,0
145,2,27,575,2006,0
145,2,27,575,2007,0
145,2,27,575,2008,0
145,2,27,575,2009,0
145,2,27,575,2010,0
145,2,27,575,2011,0
145,2,27,575,2012,0
145,2,27,575,2013,0
145,2,27,575,2014,0
145,2,27,575,2015,0
145,2,27,575,2016,0
145,3,22,575,1990,0
145,3,22,575,1991,0
145,3,22,575,1992,0
145,3,22,575,1993,0
145,3,22,575,1994,0
145,3,22,575,1995,0
145,3,22,575,1996,0
145,3,22,575,1997,0
145,3,22,575,1998,0
145,3,22,575,1999,0
145,3,22,575,2000,0
145,3,22,575,2001,0
145,3,22,575,2002,0
145,3,22,575,2003,0
145,3,22,575,2004,0
145,3,22,575,2005,0
145,3,22,575,2006,0
145,3,22,575,2007,0
145,3,22,575,2008,0
145,3,22,575,2009,0
145,3,22,575,2010,0
145,3,22,575,2011,0
145,3,22,575,2012,0
145,3,22,575,2013,0
145,3,22,575,2014,0
145,3,22,575,2015,0
145,3,22,575,2016,0
145,3,27,575,1990,0
145,3,27,575,1991,0
145,3,27,575,1992,0
145,3,27,575,1993,0
145,3,27,575,1994,0
145,3,27,575,1995,0
145,3,27,575,1996,0
145,3,27,575,1997,0
145,3,27,575,1998,0
145,3,27,575,1999,0
145,3,27,575,2000,0
145,3,27,575,2001,0
145,3,27,575,2002,0
145,3,27,575,2003,0
145,3,27,575,2004,0
145,3,27,575,2005,0
145,3,27,575,2006,0
145,3,27,575,2007,0
145,3,27,575,2008,0
145,3,27,575,2009,0
145,3,27,575,2010,0
145,3,27,575,2011,0
145,3,27,575,2012,0
145,3,27,575,2013,0
145,3,27,575,2014,0
145,3,27,575,2015,0
145,3,27,575,2016,0
146,1,22,575,1990,0
146,1,22,575,1991,0
146,1,22,575,1992,0
146,1,22,575,1993,0
146,1,22,575,1994,0
146,1,22,575,1995,0
146,1,22,575,1996,0
146,1,22,575,1997,0
146,1,22,575,1998,0
146,1,22,575,1999,0
146,1,22,575,2000,0
146,1,22,575,2001,0
146,1,22,575,2002,0
146,1,22,575,2003,0
146,1,22,575,2004,0
146,1,22,575,2005,0
146,1,22,575,2006,0
146,1,22,575,2007,0
146,1,22,575,2008,0
146,1,22,575,2009,0
146,1,22,575,2010,0
146,1,22,575,2011,0
146,1,22,575,2012,0
146,1,22,575,2013,0
146,1,22,575,2014,0
146,1,22,575,2015,0
146,1,22,575,2016,0
146,1,27,575,1990,0
146,1,27,575,1991,0
146,1,27,575,1992,0
146,1,27,575,1993,0
146,1,27,575,1994,0
146,1,27,575,1995,0
146,1,27,575,1996,0
146,1,27,575,1997,0
146,1,27,575,1998,0
146,1,27,575,1999,0
146,1,27,575,2000,0
146,1,27,575,2001,0
146,1,27,575,2002,0
146,1,27,575,2003,0
146,1,27,575,2004,0
146,1,27,575,2005,0
146,1,27,575,2006,0
146,1,27,575,2007,0
146,1,27,575,2008,0
146,1,27,575,2009,0
146,1,27,575,2010,0
146,1,27,575,2011,0
146,1,27,575,2012,0
146,1,27,575,2013,0
146,1,27,575,2014,0
146,1,27,575,2015,0
146,1,27,575,2016,0
146,2,22,575,1990,0
146,2,22,575,1991,0
146,2,22,575,1992,0
146,2,22,575,1993,0
146,2,22,575,1994,0
146,2,22,575,1995,0
146,2,22,575,1996,0
146,2,22,575,1997,0
146,2,22,575,1998,0
146,2,22,575,1999,0
146,2,22,575,2000,0
146,2,22,575,2001,0
146,2,22,575,2002,0
146,2,22,575,2003,0
146,2,22,575,2004,0
146,2,22,575,2005,0
146,2,22,575,2006,0
146,2,22,575,2007,0
146,2,22,575,2008,0
146,2,22,575,2009,0
146,2,22,575,2010,0
146,2,22,575,2011,0
146,2,22,575,2012,0
146,2,22,575,2013,0
146,2,22,575,2014,0
146,2,22,575,2015,0
146,2,22,575,2016,0
146,2,27,575,1990,0
146,2,27,575,1991,0
146,2,27,575,1992,0
146,2,27,575,1993,0
146,2,27,575,1994,0
146,2,27,575,1995,0
146,2,27,575,1996,0
146,2,27,575,1997,0
146,2,27,575,1998,0
146,2,27,575,1999,0
146,2,27,575,2000,0
146,2,27,575,2001,0
146,2,27,575,2002,0
146,2,27,575,2003,0
146,2,27,575,2004,0
146,2,27,575,2005,0
146,2,27,575,2006,0
146,2,27,575,2007,0
146,2,27,575,2008,0
146,2,27,575,2009,0
146,2,27,575,2010,0
146,2,27,575,2011,0
146,2,27,575,2012,0
146,2,27,575,2013,0
146,2,27,575,2014,0
146,2,27,575,2015,0
146,2,27,575,2016,0
146,3,22,575,1990,0
146,3,22,575,1991,0
146,3,22,575,1992,0
146,3,22,575,1993,0
146,3,22,575,1994,0
146,3,22,575,1995,0
146,3,22,575,1996,0
146,3,22,575,1997,0
146,3,22,575,1998,0
146,3,22,575,1999,0
146,3,22,575,2000,0
146,3,22,575,2001,0
146,3,22,575,2002,0
146,3,22,575,2003,0
146,3,22,575,2004,0
146,3,22,575,2005,0
146,3,22,575,2006,0
146,3,22,575,2007,0
146,3,22,575,2008,0
146,3,22,575,2009,0
146,3,22,575,2010,0
146,3,22,575,2011,0
146,3,22,575,2012,0
146,3,22,575,2013,0
146,3,22,575,2014,0
146,3,22,575,2015,0
146,3,22,575,2016,0
146,3,27,575,1990,0
146,3,27,575,1991,0
146,3,27,575,1992,0
146,3,27,575,1993,0
146,3,27,575,1994,0
146,3,27,575,1995,0
146,3,27,575,1996,0
146,3,27,575,1997,0
146,3,27,575,1998,0
146,3,27,575,1999,0
146,3,27,575,2000,0
146,3,27,575,2001,0
146,3,27,575,2002,0
146,3,27,575,2003,0
146,3,27,575,2004,0
146,3,27,575,2005,0
146,3,27,575,2006,0
146,3,27,575,2007,0
146,3,27,575,2008,0
146,3,27,575,2009,0
146,3,27,575,2010,0
146,3,27,575,2011,0
146,3,27,575,2012,0
146,3,27,575,2013,0
146,3,27,575,2014,0
146,3,27,575,2015,0
146,3,27,575,2016,0
147,1,22,575,1990,0
147,1,22,575,1991,0
147,1,22,575,1992,0
147,1,22,575,1993,0
147,1,22,575,1994,0
147,1,22,575,1995,0
147,1,22,575,1996,0
147,1,22,575,1997,0
147,1,22,575,1998,0
147,1,22,575,1999,0
147,1,22,575,2000,0
147,1,22,575,2001,0
147,1,22,575,2002,0
147,1,22,575,2003,0
147,1,22,575,2004,0
147,1,22,575,2005,0
147,1,22,575,2006,0
147,1,22,575,2007,0
147,1,22,575,2008,0
147,1,22,575,2009,0
147,1,22,575,2010,0
147,1,22,575,2011,0
147,1,22,575,2012,0
147,1,22,575,2013,0
147,1,22,575,2014,0
147,1,22,575,2015,0
147,1,22,575,2016,0
147,1,27,575,1990,0
147,1,27,575,1991,0
147,1,27,575,1992,0
147,1,27,575,1993,0
147,1,27,575,1994,0
147,1,27,575,1995,0
147,1,27,575,1996,0
147,1,27,575,1997,0
147,1,27,575,1998,0
147,1,27,575,1999,0
147,1,27,575,2000,0
147,1,27,575,2001,0
147,1,27,575,2002,0
147,1,27,575,2003,0
147,1,27,575,2004,0
147,1,27,575,2005,0
147,1,27,575,2006,0
147,1,27,575,2007,0
147,1,27,575,2008,0
147,1,27,575,2009,0
147,1,27,575,2010,0
147,1,27,575,2011,0
147,1,27,575,2012,0
147,1,27,575,2013,0
147,1,27,575,2014,0
147,1,27,575,2015,0
147,1,27,575,2016,0
147,2,22,575,1990,0
147,2,22,575,1991,0
147,2,22,575,1992,0
147,2,22,575,1993,0
147,2,22,575,1994,0
147,2,22,575,1995,0
147,2,22,575,1996,0
147,2,22,575,1997,0
147,2,22,575,1998,0
147,2,22,575,1999,0
147,2,22,575,2000,0
147,2,22,575,2001,0
147,2,22,575,2002,0
147,2,22,575,2003,0
147,2,22,575,2004,0
147,2,22,575,2005,0
147,2,22,575,2006,0
147,2,22,575,2007,0
147,2,22,575,2008,0
147,2,22,575,2009,0
147,2,22,575,2010,0
147,2,22,575,2011,0
147,2,22,575,2012,0
147,2,22,575,2013,0
147,2,22,575,2014,0
147,2,22,575,2015,0
147,2,22,575,2016,0
147,2,27,575,1990,0
147,2,27,575,1991,0
147,2,27,575,1992,0
147,2,27,575,1993,0
147,2,27,575,1994,0
147,2,27,575,1995,0
147,2,27,575,1996,0
147,2,27,575,1997,0
147,2,27,575,1998,0
147,2,27,575,1999,0
147,2,27,575,2000,0
147,2,27,575,2001,0
147,2,27,575,2002,0
147,2,27,575,2003,0
147,2,27,575,2004,0
147,2,27,575,2005,0
147,2,27,575,2006,0
147,2,27,575,2007,0
147,2,27,575,2008,0
147,2,27,575,2009,0
147,2,27,575,2010,0
147,2,27,575,2011,0
147,2,27,575,2012,0
147,2,27,575,2013,0
147,2,27,575,2014,0
147,2,27,575,2015,0
147,2,27,575,2016,0
147,3,22,575,1990,0
147,3,22,575,1991,0
147,3,22,575,1992,0
147,3,22,575,1993,0
147,3,22,575,1994,0
147,3,22,575,1995,0
147,3,22,575,1996,0
147,3,22,575,1997,0
147,3,22,575,1998,0
147,3,22,575,1999,0
147,3,22,575,2000,0
147,3,22,575,2001,0
147,3,22,575,2002,0
147,3,22,575,2003,0
147,3,22,575,2004,0
147,3,22,575,2005,0
147,3,22,575,2006,0
147,3,22,575,2007,0
147,3,22,575,2008,0
147,3,22,575,2009,0
147,3,22,575,2010,0
147,3,22,575,2011,0
147,3,22,575,2012,0
147,3,22,575,2013,0
147,3,22,575,2014,0
147,3,22,575,2015,0
147,3,22,575,2016,0
147,3,27,575,1990,0
147,3,27,575,1991,0
147,3,27,575,1992,0
147,3,27,575,1993,0
147,3,27,575,1994,0
147,3,27,575,1995,0
147,3,27,575,1996,0
147,3,27,575,1997,0
147,3,27,575,1998,0
147,3,27,575,1999,0
147,3,27,575,2000,0
147,3,27,575,2001,0
147,3,27,575,2002,0
147,3,27,575,2003,0
147,3,27,575,2004,0
147,3,27,575,2005,0
147,3,27,575,2006,0
147,3,27,575,2007,0
147,3,27,575,2008,0
147,3,27,575,2009,0
147,3,27,575,2010,0
147,3,27,575,2011,0
147,3,27,575,2012,0
147,3,27,575,2013,0
147,3,27,575,2014,0
147,3,27,575,2015,0
147,3,27,575,2016,0
148,1,22,575,1990,0
148,1,22,575,1991,0
148,1,22,575,1992,0
148,1,22,575,1993,0
148,1,22,575,1994,0
148,1,22,575,1995,0
148,1,22,575,1996,0
148,1,22,575,1997,0
148,1,22,575,1998,0
148,1,22,575,1999,0
148,1,22,575,2000,0
148,1,22,575,2001,0
148,1,22,575,2002,0
148,1,22,575,2003,0
148,1,22,575,2004,0
148,1,22,575,2005,0
148,1,22,575,2006,0
148,1,22,575,2007,0
148,1,22,575,2008,0
148,1,22,575,2009,0
148,1,22,575,2010,0
148,1,22,575,2011,0
148,1,22,575,2012,0
148,1,22,575,2013,0
148,1,22,575,2014,0
148,1,22,575,2015,0
148,1,22,575,2016,0
148,1,27,575,1990,0
148,1,27,575,1991,0
148,1,27,575,1992,0
148,1,27,575,1993,0
148,1,27,575,1994,0
148,1,27,575,1995,0
148,1,27,575,1996,0
148,1,27,575,1997,0
148,1,27,575,1998,0
148,1,27,575,1999,0
148,1,27,575,2000,0
148,1,27,575,2001,0
148,1,27,575,2002,0
148,1,27,575,2003,0
148,1,27,575,2004,0
148,1,27,575,2005,0
148,1,27,575,2006,0
148,1,27,575,2007,0
148,1,27,575,2008,0
148,1,27,575,2009,0
148,1,27,575,2010,0
148,1,27,575,2011,0
148,1,27,575,2012,0
148,1,27,575,2013,0
148,1,27,575,2014,0
148,1,27,575,2015,0
148,1,27,575,2016,0
148,2,22,575,1990,0
148,2,22,575,1991,0
148,2,22,575,1992,0
148,2,22,575,1993,0
148,2,22,575,1994,0
148,2,22,575,1995,0
148,2,22,575,1996,0
148,2,22,575,1997,0
148,2,22,575,1998,0
148,2,22,575,1999,0
148,2,22,575,2000,0
148,2,22,575,2001,0
148,2,22,575,2002,0
148,2,22,575,2003,0
148,2,22,575,2004,0
148,2,22,575,2005,0
148,2,22,575,2006,0
148,2,22,575,2007,0
148,2,22,575,2008,0
148,2,22,575,2009,0
148,2,22,575,2010,0
148,2,22,575,2011,0
148,2,22,575,2012,0
148,2,22,575,2013,0
148,2,22,575,2014,0
148,2,22,575,2015,0
148,2,22,575,2016,0
148,2,27,575,1990,0
148,2,27,575,1991,0
148,2,27,575,1992,0
148,2,27,575,1993,0
148,2,27,575,1994,0
148,2,27,575,1995,0
148,2,27,575,1996,0
148,2,27,575,1997,0
148,2,27,575,1998,0
148,2,27,575,1999,0
148,2,27,575,2000,0
148,2,27,575,2001,0
148,2,27,575,2002,0
148,2,27,575,2003,0
148,2,27,575,2004,0
148,2,27,575,2005,0
148,2,27,575,2006,0
148,2,27,575,2007,0
148,2,27,575,2008,0
148,2,27,575,2009,0
148,2,27,575,2010,0
148,2,27,575,2011,0
148,2,27,575,2012,0
148,2,27,575,2013,0
148,2,27,575,2014,0
148,2,27,575,2015,0
148,2,27,575,2016,0
148,3,22,575,1990,0
148,3,22,575,1991,0
148,3,22,575,1992,0
148,3,22,575,1993,0
148,3,22,575,1994,0
148,3,22,575,1995,0
148,3,22,575,1996,0
148,3,22,575,1997,0
148,3,22,575,1998,0
148,3,22,575,1999,0
148,3,22,575,2000,0
148,3,22,575,2001,0
148,3,22,575,2002,0
148,3,22,575,2003,0
148,3,22,575,2004,0
148,3,22,575,2005,0
148,3,22,575,2006,0
148,3,22,575,2007,0
148,3,22,575,2008,0
148,3,22,575,2009,0
148,3,22,575,2010,0
148,3,22,575,2011,0
148,3,22,575,2012,0
148,3,22,575,2013,0
148,3,22,575,2014,0
148,3,22,575,2015,0
148,3,22,575,2016,0
148,3,27,575,1990,0
148,3,27,575,1991,0
148,3,27,575,1992,0
148,3,27,575,1993,0
148,3,27,575,1994,0
148,3,27,575,1995,0
148,3,27,575,1996,0
148,3,27,575,1997,0
148,3,27,575,1998,0
148,3,27,575,1999,0
148,3,27,575,2000,0
148,3,27,575,2001,0
148,3,27,575,2002,0
148,3,27,575,2003,0
148,3,27,575,2004,0
148,3,27,575,2005,0
148,3,27,575,2006,0
148,3,27,575,2007,0
148,3,27,575,2008,0
148,3,27,575,2009,0
148,3,27,575,2010,0
148,3,27,575,2011,0
148,3,27,575,2012,0
148,3,27,575,2013,0
148,3,27,575,2014,0
148,3,27,575,2015,0
148,3,27,575,2016,0
149,1,22,575,1990,0
149,1,22,575,1991,0
149,1,22,575,1992,0
149,1,22,575,1993,0
149,1,22,575,1994,0
149,1,22,575,1995,0
149,1,22,575,1996,0
149,1,22,575,1997,0
149,1,22,575,1998,0
149,1,22,575,1999,0
149,1,22,575,2000,0
149,1,22,575,2001,0
149,1,22,575,2002,0
149,1,22,575,2003,0
149,1,22,575,2004,0
149,1,22,575,2005,0
149,1,22,575,2006,0
149,1,22,575,2007,0
149,1,22,575,2008,0
149,1,22,575,2009,0
149,1,22,575,2010,0
149,1,22,575,2011,0
149,1,22,575,2012,0
149,1,22,575,2013,0
149,1,22,575,2014,0
149,1,22,575,2015,0
149,1,22,575,2016,0
149,1,27,575,1990,0
149,1,27,575,1991,0
149,1,27,575,1992,0
149,1,27,575,1993,0
149,1,27,575,1994,0
149,1,27,575,1995,0
149,1,27,575,1996,0
149,1,27,575,1997,0
149,1,27,575,1998,0
149,1,27,575,1999,0
149,1,27,575,2000,0
149,1,27,575,2001,0
149,1,27,575,2002,0
149,1,27,575,2003,0
149,1,27,575,2004,0
149,1,27,575,2005,0
149,1,27,575,2006,0
149,1,27,575,2007,0
149,1,27,575,2008,0
149,1,27,575,2009,0
149,1,27,575,2010,0
149,1,27,575,2011,0
149,1,27,575,2012,0
149,1,27,575,2013,0
149,1,27,575,2014,0
149,1,27,575,2015,0
149,1,27,575,2016,0
149,2,22,575,1990,0
149,2,22,575,1991,0
149,2,22,575,1992,0
149,2,22,575,1993,0
149,2,22,575,1994,0
149,2,22,575,1995,0
149,2,22,575,1996,0
149,2,22,575,1997,0
149,2,22,575,1998,0
149,2,22,575,1999,0
149,2,22,575,2000,0
149,2,22,575,2001,0
149,2,22,575,2002,0
149,2,22,575,2003,0
149,2,22,575,2004,0
149,2,22,575,2005,0
149,2,22,575,2006,0
149,2,22,575,2007,0
149,2,22,575,2008,0
149,2,22,575,2009,0
149,2,22,575,2010,0
149,2,22,575,2011,0
149,2,22,575,2012,0
149,2,22,575,2013,0
149,2,22,575,2014,0
149,2,22,575,2015,0
149,2,22,575,2016,0
149,2,27,575,1990,0
149,2,27,575,1991,0
149,2,27,575,1992,0
149,2,27,575,1993,0
149,2,27,575,1994,0
149,2,27,575,1995,0
149,2,27,575,1996,0
149,2,27,575,1997,0
149,2,27,575,1998,0
149,2,27,575,1999,0
149,2,27,575,2000,0
149,2,27,575,2001,0
149,2,27,575,2002,0
149,2,27,575,2003,0
149,2,27,575,2004,0
149,2,27,575,2005,0
149,2,27,575,2006,0
149,2,27,575,2007,0
149,2,27,575,2008,0
149,2,27,575,2009,0
149,2,27,575,2010,0
149,2,27,575,2011,0
149,2,27,575,2012,0
149,2,27,575,2013,0
149,2,27,575,2014,0
149,2,27,575,2015,0
149,2,27,575,2016,0
149,3,22,575,1990,0
149,3,22,575,1991,0
149,3,22,575,1992,0
149,3,22,575,1993,0
149,3,22,575,1994,0
149,3,22,575,1995,0
149,3,22,575,1996,0
149,3,22,575,1997,0
149,3,22,575,1998,0
149,3,22,575,1999,0
149,3,22,575,2000,0
149,3,22,575,2001,0
149,3,22,575,2002,0
149,3,22,575,2003,0
149,3,22,575,2004,0
149,3,22,575,2005,0
149,3,22,575,2006,0
149,3,22,575,2007,0
149,3,22,575,2008,0
149,3,22,575,2009,0
149,3,22,575,2010,0
149,3,22,575,2011,0
149,3,22,575,2012,0
149,3,22,575,2013,0
149,3,22,575,2014,0
149,3,22,575,2015,0
149,3,22,575,2016,0
149,3,27,575,1990,0
149,3,27,575,1991,0
149,3,27,575,1992,0
149,3,27,575,1993,0
149,3,27,575,1994,0
149,3,27,575,1995,0
149,3,27,575,1996,0
149,3,27,575,1997,0
149,3,27,575,1998,0
149,3,27,575,1999,0
149,3,27,575,2000,0
149,3,27,575,2001,0
149,3,27,575,2002,0
149,3,27,575,2003,0
149,3,27,575,2004,0
149,3,27,575,2005,0
149,3,27,575,2006,0
149,3,27,575,2007,0
149,3,27,575,2008,0
149,3,27,575,2009,0
149,3,27,575,2010,0
149,3,27,575,2011,0
149,3,27,575,2012,0
149,3,27,575,2013,0
149,3,27,575,2014,0
149,3,27,575,2015,0
149,3,27,575,2016,0
150,1,22,575,1990,0
150,1,22,575,1991,0
150,1,22,575,1992,0
150,1,22,575,1993,0
150,1,22,575,1994,0
150,1,22,575,1995,0
150,1,22,575,1996,0
150,1,22,575,1997,0
150,1,22,575,1998,0
150,1,22,575,1999,0
150,1,22,575,2000,0
150,1,22,575,2001,0
150,1,22,575,2002,0
150,1,22,575,2003,0
150,1,22,575,2004,0
150,1,22,575,2005,0
150,1,22,575,2006,0
150,1,22,575,2007,0
150,1,22,575,2008,0
150,1,22,575,2009,0
150,1,22,575,2010,0
150,1,22,575,2011,0
150,1,22,575,2012,0
150,1,22,575,2013,0
150,1,22,575,2014,0
150,1,22,575,2015,0
150,1,22,575,2016,0
150,1,27,575,1990,0
150,1,27,575,1991,0
150,1,27,575,1992,0
150,1,27,575,1993,0
150,1,27,575,1994,0
150,1,27,575,1995,0
150,1,27,575,1996,0
150,1,27,575,1997,0
150,1,27,575,1998,0
150,1,27,575,1999,0
150,1,27,575,2000,0
150,1,27,575,2001,0
150,1,27,575,2002,0
150,1,27,575,2003,0
150,1,27,575,2004,0
150,1,27,575,2005,0
150,1,27,575,2006,0
150,1,27,575,2007,0
150,1,27,575,2008,0
150,1,27,575,2009,0
150,1,27,575,2010,0
150,1,27,575,2011,0
150,1,27,575,2012,0
150,1,27,575,2013,0
150,1,27,575,2014,0
150,1,27,575,2015,0
150,1,27,575,2016,0
150,2,22,575,1990,0
150,2,22,575,1991,0
150,2,22,575,1992,0
150,2,22,575,1993,0
150,2,22,575,1994,0
150,2,22,575,1995,0
150,2,22,575,1996,0
150,2,22,575,1997,0
150,2,22,575,1998,0
150,2,22,575,1999,0
150,2,22,575,2000,0
150,2,22,575,2001,0
150,2,22,575,2002,0
150,2,22,575,2003,0
150,2,22,575,2004,0
150,2,22,575,2005,0
150,2,22,575,2006,0
150,2,22,575,2007,0
150,2,22,575,2008,0
150,2,22,575,2009,0
150,2,22,575,2010,0
150,2,22,575,2011,0
150,2,22,575,2012,0
150,2,22,575,2013,0
150,2,22,575,2014,0
150,2,22,575,2015,0
150,2,22,575,2016,0
150,2,27,575,1990,0
150,2,27,575,1991,0
150,2,27,575,1992,0
150,2,27,575,1993,0
150,2,27,575,1994,0
150,2,27,575,1995,0
150,2,27,575,1996,0
150,2,27,575,1997,0
150,2,27,575,1998,0
150,2,27,575,1999,0
150,2,27,575,2000,0
150,2,27,575,2001,0
150,2,27,575,2002,0
150,2,27,575,2003,0
150,2,27,575,2004,0
150,2,27,575,2005,0
150,2,27,575,2006,0
150,2,27,575,2007,0
150,2,27,575,2008,0
150,2,27,575,2009,0
150,2,27,575,2010,0
150,2,27,575,2011,0
150,2,27,575,2012,0
150,2,27,575,2013,0
150,2,27,575,2014,0
150,2,27,575,2015,0
150,2,27,575,2016,0
150,3,22,575,1990,0
150,3,22,575,1991,0
150,3,22,575,1992,0
150,3,22,575,1993,0
150,3,22,575,1994,0
150,3,22,575,1995,0
150,3,22,575,1996,0
150,3,22,575,1997,0
150,3,22,575,1998,0
150,3,22,575,1999,0
150,3,22,575,2000,0
150,3,22,575,2001,0
150,3,22,575,2002,0
150,3,22,575,2003,0
150,3,22,575,2004,0
150,3,22,575,2005,0
150,3,22,575,2006,0
150,3,22,575,2007,0
150,3,22,575,2008,0
150,3,22,575,2009,0
150,3,22,575,2010,0
150,3,22,575,2011,0
150,3,22,575,2012,0
150,3,22,575,2013,0
150,3,22,575,2014,0
150,3,22,575,2015,0
150,3,22,575,2016,0
150,3,27,575,1990,0
150,3,27,575,1991,0
150,3,27,575,1992,0
150,3,27,575,1993,0
150,3,27,575,1994,0
150,3,27,575,1995,0
150,3,27,575,1996,0
150,3,27,575,1997,0
150,3,27,575,1998,0
150,3,27,575,1999,0
150,3,27,575,2000,0
150,3,27,575,2001,0
150,3,27,575,2002,0
150,3,27,575,2003,0
150,3,27,575,2004,0
150,3,27,575,2005,0
150,3,27,575,2006,0
150,3,27,575,2007,0
150,3,27,575,2008,0
150,3,27,575,2009,0
150,3,27,575,2010,0
150,3,27,575,2011,0
150,3,27,575,2012,0
150,3,27,575,2013,0
150,3,27,575,2014,0
150,3,27,575,2015,0
150,3,27,575,2016,0
151,1,22,575,1990,0
151,1,22,575,1991,0
151,1,22,575,1992,0
151,1,22,575,1993,0
151,1,22,575,1994,0
151,1,22,575,1995,0
151,1,22,575,1996,0
151,1,22,575,1997,0
151,1,22,575,1998,0
151,1,22,575,1999,0
151,1,22,575,2000,0
151,1,22,575,2001,0
151,1,22,575,2002,0
151,1,22,575,2003,0
151,1,22,575,2004,0
151,1,22,575,2005,0
151,1,22,575,2006,0
151,1,22,575,2007,0
151,1,22,575,2008,0
151,1,22,575,2009,0
151,1,22,575,2010,0
151,1,22,575,2011,0
151,1,22,575,2012,0
151,1,22,575,2013,0
151,1,22,575,2014,0
151,1,22,575,2015,0
151,1,22,575,2016,0
151,1,27,575,1990,0
151,1,27,575,1991,0
151,1,27,575,1992,0
151,1,27,575,1993,0
151,1,27,575,1994,0
151,1,27,575,1995,0
151,1,27,575,1996,0
151,1,27,575,1997,0
151,1,27,575,1998,0
151,1,27,575,1999,0
151,1,27,575,2000,0
151,1,27,575,2001,0
151,1,27,575,2002,0
151,1,27,575,2003,0
151,1,27,575,2004,0
151,1,27,575,2005,0
151,1,27,575,2006,0
151,1,27,575,2007,0
151,1,27,575,2008,0
151,1,27,575,2009,0
151,1,27,575,2010,0
151,1,27,575,2011,0
151,1,27,575,2012,0
151,1,27,575,2013,0
151,1,27,575,2014,0
151,1,27,575,2015,0
151,1,27,575,2016,0
151,2,22,575,1990,0
151,2,22,575,1991,0
151,2,22,575,1992,0
151,2,22,575,1993,0
151,2,22,575,1994,0
151,2,22,575,1995,0
151,2,22,575,1996,0
151,2,22,575,1997,0
151,2,22,575,1998,0
151,2,22,575,1999,0
151,2,22,575,2000,0
151,2,22,575,2001,0
151,2,22,575,2002,0
151,2,22,575,2003,0
151,2,22,575,2004,0
151,2,22,575,2005,0
151,2,22,575,2006,0
151,2,22,575,2007,0
151,2,22,575,2008,0
151,2,22,575,2009,0
151,2,22,575,2010,0
151,2,22,575,2011,0
151,2,22,575,2012,0
151,2,22,575,2013,0
151,2,22,575,2014,0
151,2,22,575,2015,0
151,2,22,575,2016,0
151,2,27,575,1990,0
151,2,27,575,1991,0
151,2,27,575,1992,0
151,2,27,575,1993,0
151,2,27,575,1994,0
151,2,27,575,1995,0
151,2,27,575,1996,0
151,2,27,575,1997,0
151,2,27,575,1998,0
151,2,27,575,1999,0
151,2,27,575,2000,0
151,2,27,575,2001,0
151,2,27,575,2002,0
151,2,27,575,2003,0
151,2,27,575,2004,0
151,2,27,575,2005,0
151,2,27,575,2006,0
151,2,27,575,2007,0
151,2,27,575,2008,0
151,2,27,575,2009,0
151,2,27,575,2010,0
151,2,27,575,2011,0
151,2,27,575,2012,0
151,2,27,575,2013,0
151,2,27,575,2014,0
151,2,27,575,2015,0
151,2,27,575,2016,0
151,3,22,575,1990,0
151,3,22,575,1991,0
151,3,22,575,1992,0
151,3,22,575,1993,0
151,3,22,575,1994,0
151,3,22,575,1995,0
151,3,22,575,1996,0
151,3,22,575,1997,0
151,3,22,575,1998,0
151,3,22,575,1999,0
151,3,22,575,2000,0
151,3,22,575,2001,0
151,3,22,575,2002,0
151,3,22,575,2003,0
151,3,22,575,2004,0
151,3,22,575,2005,0
151,3,22,575,2006,0
151,3,22,575,2007,0
151,3,22,575,2008,0
151,3,22,575,2009,0
151,3,22,575,2010,0
151,3,22,575,2011,0
151,3,22,575,2012,0
151,3,22,575,2013,0
151,3,22,575,2014,0
151,3,22,575,2015,0
151,3,22,575,2016,0
151,3,27,575,1990,0
151,3,27,575,1991,0
151,3,27,575,1992,0
151,3,27,575,1993,0
151,3,27,575,1994,0
151,3,27,575,1995,0
151,3,27,575,1996,0
151,3,27,575,1997,0
151,3,27,575,1998,0
151,3,27,575,1999,0
151,3,27,575,2000,0
151,3,27,575,2001,0
151,3,27,575,2002,0
151,3,27,575,2003,0
151,3,27,575,2004,0
151,3,27,575,2005,0
151,3,27,575,2006,0
151,3,27,575,2007,0
151,3,27,575,2008,0
151,3,27,575,2009,0
151,3,27,575,2010,0
151,3,27,575,2011,0
151,3,27,575,2012,0
151,3,27,575,2013,0
151,3,27,575,2014,0
151,3,27,575,2015,0
151,3,27,575,2016,0
152,1,22,575,1990,0
152,1,22,575,1991,0
152,1,22,575,1992,0
152,1,22,575,1993,0
152,1,22,575,1994,0
152,1,22,575,1995,0
152,1,22,575,1996,0
152,1,22,575,1997,0
152,1,22,575,1998,0
152,1,22,575,1999,0
152,1,22,575,2000,0
152,1,22,575,2001,0
152,1,22,575,2002,0
152,1,22,575,2003,0
152,1,22,575,2004,0
152,1,22,575,2005,0
152,1,22,575,2006,0
152,1,22,575,2007,0
152,1,22,575,2008,0
152,1,22,575,2009,0
152,1,22,575,2010,0
152,1,22,575,2011,0
152,1,22,575,2012,0
152,1,22,575,2013,0
152,1,22,575,2014,0
152,1,22,575,2015,0
152,1,22,575,2016,0
152,1,27,575,1990,0
152,1,27,575,1991,0
152,1,27,575,1992,0
152,1,27,575,1993,0
152,1,27,575,1994,0
152,1,27,575,1995,0
152,1,27,575,1996,0
152,1,27,575,1997,0
152,1,27,575,1998,0
152,1,27,575,1999,0
152,1,27,575,2000,0
152,1,27,575,2001,0
152,1,27,575,2002,0
152,1,27,575,2003,0
152,1,27,575,2004,0
152,1,27,575,2005,0
152,1,27,575,2006,0
152,1,27,575,2007,0
152,1,27,575,2008,0
152,1,27,575,2009,0
152,1,27,575,2010,0
152,1,27,575,2011,0
152,1,27,575,2012,0
152,1,27,575,2013,0
152,1,27,575,2014,0
152,1,27,575,2015,0
152,1,27,575,2016,0
152,2,22,575,1990,0
152,2,22,575,1991,0
152,2,22,575,1992,0
152,2,22,575,1993,0
152,2,22,575,1994,0
152,2,22,575,1995,0
152,2,22,575,1996,0
152,2,22,575,1997,0
152,2,22,575,1998,0
152,2,22,575,1999,0
152,2,22,575,2000,0
152,2,22,575,2001,0
152,2,22,575,2002,0
152,2,22,575,2003,0
152,2,22,575,2004,0
152,2,22,575,2005,0
152,2,22,575,2006,0
152,2,22,575,2007,0
152,2,22,575,2008,0
152,2,22,575,2009,0
152,2,22,575,2010,0
152,2,22,575,2011,0
152,2,22,575,2012,0
152,2,22,575,2013,0
152,2,22,575,2014,0
152,2,22,575,2015,0
152,2,22,575,2016,0
152,2,27,575,1990,0
152,2,27,575,1991,0
152,2,27,575,1992,0
152,2,27,575,1993,0
152,2,27,575,1994,0
152,2,27,575,1995,0
152,2,27,575,1996,0
152,2,27,575,1997,0
152,2,27,575,1998,0
152,2,27,575,1999,0
152,2,27,575,2000,0
152,2,27,575,2001,0
152,2,27,575,2002,0
152,2,27,575,2003,0
152,2,27,575,2004,0
152,2,27,575,2005,0
152,2,27,575,2006,0
152,2,27,575,2007,0
152,2,27,575,2008,0
152,2,27,575,2009,0
152,2,27,575,2010,0
152,2,27,575,2011,0
152,2,27,575,2012,0
152,2,27,575,2013,0
152,2,27,575,2014,0
152,2,27,575,2015,0
152,2,27,575,2016,0
152,3,22,575,1990,0
152,3,22,575,1991,0
152,3,22,575,1992,0
152,3,22,575,1993,0
152,3,22,575,1994,0
152,3,22,575,1995,0
152,3,22,575,1996,0
152,3,22,575,1997,0
152,3,22,575,1998,0
152,3,22,575,1999,0
152,3,22,575,2000,0
152,3,22,575,2001,0
152,3,22,575,2002,0
152,3,22,575,2003,0
152,3,22,575,2004,0
152,3,22,575,2005,0
152,3,22,575,2006,0
152,3,22,575,2007,0
152,3,22,575,2008,0
152,3,22,575,2009,0
152,3,22,575,2010,0
152,3,22,575,2011,0
152,3,22,575,2012,0
152,3,22,575,2013,0
152,3,22,575,2014,0
152,3,22,575,2015,0
152,3,22,575,2016,0
152,3,27,575,1990,0
152,3,27,575,1991,0
152,3,27,575,1992,0
152,3,27,575,1993,0
152,3,27,575,1994,0
152,3,27,575,1995,0
152,3,27,575,1996,0
152,3,27,575,1997,0
152,3,27,575,1998,0
152,3,27,575,1999,0
152,3,27,575,2000,0
152,3,27,575,2001,0
152,3,27,575,2002,0
152,3,27,575,2003,0
152,3,27,575,2004,0
152,3,27,575,2005,0
152,3,27,575,2006,0
152,3,27,575,2007,0
152,3,27,575,2008,0
152,3,27,575,2009,0
152,3,27,575,2010,0
152,3,27,575,2011,0
152,3,27,575,2012,0
152,3,27,575,2013,0
152,3,27,575,2014,0
152,3,27,575,2015,0
152,3,27,575,2016,0
153,1,22,575,1990,0
153,1,22,575,1991,0
153,1,22,575,1992,0
153,1,22,575,1993,0
153,1,22,575,1994,0
153,1,22,575,1995,0
153,1,22,575,1996,0
153,1,22,575,1997,0
153,1,22,575,1998,0
153,1,22,575,1999,0
153,1,22,575,2000,0
153,1,22,575,2001,0
153,1,22,575,2002,0
153,1,22,575,2003,0
153,1,22,575,2004,0
153,1,22,575,2005,0
153,1,22,575,2006,0
153,1,22,575,2007,0
153,1,22,575,2008,0
153,1,22,575,2009,0
153,1,22,575,2010,0
153,1,22,575,2011,0
153,1,22,575,2012,0
153,1,22,575,2013,0
153,1,22,575,2014,0
153,1,22,575,2015,0
153,1,22,575,2016,0
153,1,27,575,1990,0
153,1,27,575,1991,0
153,1,27,575,1992,0
153,1,27,575,1993,0
153,1,27,575,1994,0
153,1,27,575,1995,0
153,1,27,575,1996,0
153,1,27,575,1997,0
153,1,27,575,1998,0
153,1,27,575,1999,0
153,1,27,575,2000,0
153,1,27,575,2001,0
153,1,27,575,2002,0
153,1,27,575,2003,0
153,1,27,575,2004,0
153,1,27,575,2005,0
153,1,27,575,2006,0
153,1,27,575,2007,0
153,1,27,575,2008,0
153,1,27,575,2009,0
153,1,27,575,2010,0
153,1,27,575,2011,0
153,1,27,575,2012,0
153,1,27,575,2013,0
153,1,27,575,2014,0
153,1,27,575,2015,0
153,1,27,575,2016,0
153,2,22,575,1990,0
153,2,22,575,1991,0
153,2,22,575,1992,0
153,2,22,575,1993,0
153,2,22,575,1994,0
153,2,22,575,1995,0
153,2,22,575,1996,0
153,2,22,575,1997,0
153,2,22,575,1998,0
153,2,22,575,1999,0
153,2,22,575,2000,0
153,2,22,575,2001,0
153,2,22,575,2002,0
153,2,22,575,2003,0
153,2,22,575,2004,0
153,2,22,575,2005,0
153,2,22,575,2006,0
153,2,22,575,2007,0
153,2,22,575,2008,0
153,2,22,575,2009,0
153,2,22,575,2010,0
153,2,22,575,2011,0
153,2,22,575,2012,0
153,2,22,575,2013,0
153,2,22,575,2014,0
153,2,22,575,2015,0
153,2,22,575,2016,0
153,2,27,575,1990,0
153,2,27,575,1991,0
153,2,27,575,1992,0
153,2,27,575,1993,0
153,2,27,575,1994,0
153,2,27,575,1995,0
153,2,27,575,1996,0
153,2,27,575,1997,0
153,2,27,575,1998,0
153,2,27,575,1999,0
153,2,27,575,2000,0
153,2,27,575,2001,0
153,2,27,575,2002,0
153,2,27,575,2003,0
153,2,27,575,2004,0
153,2,27,575,2005,0
153,2,27,575,2006,0
153,2,27,575,2007,0
153,2,27,575,2008,0
153,2,27,575,2009,0
153,2,27,575,2010,0
153,2,27,575,2011,0
153,2,27,575,2012,0
153,2,27,575,2013,0
153,2,27,575,2014,0
153,2,27,575,2015,0
153,2,27,575,2016,0
153,3,22,575,1990,0
153,3,22,575,1991,0
153,3,22,575,1992,0
153,3,22,575,1993,0
153,3,22,575,1994,0
153,3,22,575,1995,0
153,3,22,575,1996,0
153,3,22,575,1997,0
153,3,22,575,1998,0
153,3,22,575,1999,0
153,3,22,575,2000,0
153,3,22,575,2001,0
153,3,22,575,2002,0
153,3,22,575,2003,0
153,3,22,575,2004,0
153,3,22,575,2005,0
153,3,22,575,2006,0
153,3,22,575,2007,0
153,3,22,575,2008,0
153,3,22,575,2009,0
153,3,22,575,2010,0
153,3,22,575,2011,0
153,3,22,575,2012,0
153,3,22,575,2013,0
153,3,22,575,2014,0
153,3,22,575,2015,0
153,3,22,575,2016,0
153,3,27,575,1990,0
153,3,27,575,1991,0
153,3,27,575,1992,0
153,3,27,575,1993,0
153,3,27,575,1994,0
153,3,27,575,1995,0
153,3,27,575,1996,0
153,3,27,575,1997,0
153,3,27,575,1998,0
153,3,27,575,1999,0
153,3,27,575,2000,0
153,3,27,575,2001,0
153,3,27,575,2002,0
153,3,27,575,2003,0
153,3,27,575,2004,0
153,3,27,575,2005,0
153,3,27,575,2006,0
153,3,27,575,2007,0
153,3,27,575,2008,0
153,3,27,575,2009,0
153,3,27,575,2010,0
153,3,27,575,2011,0
153,3,27,575,2012,0
153,3,27,575,2013,0
153,3,27,575,2014,0
153,3,27,575,2015,0
153,3,27,575,2016,0
154,1,22,575,1990,0
154,1,22,575,1991,0
154,1,22,575,1992,0
154,1,22,575,1993,0
154,1,22,575,1994,0
154,1,22,575,1995,0
154,1,22,575,1996,0
154,1,22,575,1997,0
154,1,22,575,1998,0
154,1,22,575,1999,0
154,1,22,575,2000,0
154,1,22,575,2001,0
154,1,22,575,2002,0
154,1,22,575,2003,0
154,1,22,575,2004,0
154,1,22,575,2005,0
154,1,22,575,2006,0
154,1,22,575,2007,0
154,1,22,575,2008,0
154,1,22,575,2009,0
154,1,22,575,2010,0
154,1,22,575,2011,0
154,1,22,575,2012,0
154,1,22,575,2013,0
154,1,22,575,2014,0
154,1,22,575,2015,0
154,1,22,575,2016,0
154,1,27,575,1990,0
154,1,27,575,1991,0
154,1,27,575,1992,0
154,1,27,575,1993,0
154,1,27,575,1994,0
154,1,27,575,1995,0
154,1,27,575,1996,0
154,1,27,575,1997,0
154,1,27,575,1998,0
154,1,27,575,1999,0
154,1,27,575,2000,0
154,1,27,575,2001,0
154,1,27,575,2002,0
154,1,27,575,2003,0
154,1,27,575,2004,0
154,1,27,575,2005,0
154,1,27,575,2006,0
154,1,27,575,2007,0
154,1,27,575,2008,0
154,1,27,575,2009,0
154,1,27,575,2010,0
154,1,27,575,2011,0
154,1,27,575,2012,0
154,1,27,575,2013,0
154,1,27,575,2014,0
154,1,27,575,2015,0
154,1,27,575,2016,0
154,2,22,575,1990,0
154,2,22,575,1991,0
154,2,22,575,1992,0
154,2,22,575,1993,0
154,2,22,575,1994,0
154,2,22,575,1995,0
154,2,22,575,1996,0
154,2,22,575,1997,0
154,2,22,575,1998,0
154,2,22,575,1999,0
154,2,22,575,2000,0
154,2,22,575,2001,0
154,2,22,575,2002,0
154,2,22,575,2003,0
154,2,22,575,2004,0
154,2,22,575,2005,0
154,2,22,575,2006,0
154,2,22,575,2007,0
154,2,22,575,2008,0
154,2,22,575,2009,0
154,2,22,575,2010,0
154,2,22,575,2011,0
154,2,22,575,2012,0
154,2,22,575,2013,0
154,2,22,575,2014,0
154,2,22,575,2015,0
154,2,22,575,2016,0
154,2,27,575,1990,0
154,2,27,575,1991,0
154,2,27,575,1992,0
154,2,27,575,1993,0
154,2,27,575,1994,0
154,2,27,575,1995,0
154,2,27,575,1996,0
154,2,27,575,1997,0
154,2,27,575,1998,0
154,2,27,575,1999,0
154,2,27,575,2000,0
154,2,27,575,2001,0
154,2,27,575,2002,0
154,2,27,575,2003,0
154,2,27,575,2004,0
154,2,27,575,2005,0
154,2,27,575,2006,0
154,2,27,575,2007,0
154,2,27,575,2008,0
154,2,27,575,2009,0
154,2,27,575,2010,0
154,2,27,575,2011,0
154,2,27,575,2012,0
154,2,27,575,2013,0
154,2,27,575,2014,0
154,2,27,575,2015,0
154,2,27,575,2016,0
154,3,22,575,1990,0
154,3,22,575,1991,0
154,3,22,575,1992,0
154,3,22,575,1993,0
154,3,22,575,1994,0
154,3,22,575,1995,0
154,3,22,575,1996,0
154,3,22,575,1997,0
154,3,22,575,1998,0
154,3,22,575,1999,0
154,3,22,575,2000,0
154,3,22,575,2001,0
154,3,22,575,2002,0
154,3,22,575,2003,0
154,3,22,575,2004,0
154,3,22,575,2005,0
154,3,22,575,2006,0
154,3,22,575,2007,0
154,3,22,575,2008,0
154,3,22,575,2009,0
154,3,22,575,2010,0
154,3,22,575,2011,0
154,3,22,575,2012,0
154,3,22,575,2013,0
154,3,22,575,2014,0
154,3,22,575,2015,0
154,3,22,575,2016,0
154,3,27,575,1990,0
154,3,27,575,1991,0
154,3,27,575,1992,0
154,3,27,575,1993,0
154,3,27,575,1994,0
154,3,27,575,1995,0
154,3,27,575,1996,0
154,3,27,575,1997,0
154,3,27,575,1998,0
154,3,27,575,1999,0
154,3,27,575,2000,0
154,3,27,575,2001,0
154,3,27,575,2002,0
154,3,27,575,2003,0
154,3,27,575,2004,0
154,3,27,575,2005,0
154,3,27,575,2006,0
154,3,27,575,2007,0
154,3,27,575,2008,0
154,3,27,575,2009,0
154,3,27,575,2010,0
154,3,27,575,2011,0
154,3,27,575,2012,0
154,3,27,575,2013,0
154,3,27,575,2014,0
154,3,27,575,2015,0
154,3,27,575,2016,0
155,1,22,575,1990,0
155,1,22,575,1991,0
155,1,22,575,1992,0
155,1,22,575,1993,0
155,1,22,575,1994,0
155,1,22,575,1995,0
155,1,22,575,1996,0
155,1,22,575,1997,0
155,1,22,575,1998,0
155,1,22,575,1999,0
155,1,22,575,2000,0
155,1,22,575,2001,0
155,1,22,575,2002,0
155,1,22,575,2003,0
155,1,22,575,2004,0
155,1,22,575,2005,0
155,1,22,575,2006,0
155,1,22,575,2007,0
155,1,22,575,2008,0
155,1,22,575,2009,0
155,1,22,575,2010,0
155,1,22,575,2011,0
155,1,22,575,2012,0
155,1,22,575,2013,0
155,1,22,575,2014,0
155,1,22,575,2015,0
155,1,22,575,2016,0
155,1,27,575,1990,0
155,1,27,575,1991,0
155,1,27,575,1992,0
155,1,27,575,1993,0
155,1,27,575,1994,0
155,1,27,575,1995,0
155,1,27,575,1996,0
155,1,27,575,1997,0
155,1,27,575,1998,0
155,1,27,575,1999,0
155,1,27,575,2000,0
155,1,27,575,2001,0
155,1,27,575,2002,0
155,1,27,575,2003,0
155,1,27,575,2004,0
155,1,27,575,2005,0
155,1,27,575,2006,0
155,1,27,575,2007,0
155,1,27,575,2008,0
155,1,27,575,2009,0
155,1,27,575,2010,0
155,1,27,575,2011,0
155,1,27,575,2012,0
155,1,27,575,2013,0
155,1,27,575,2014,0
155,1,27,575,2015,0
155,1,27,575,2016,0
155,2,22,575,1990,0
155,2,22,575,1991,0
155,2,22,575,1992,0
155,2,22,575,1993,0
155,2,22,575,1994,0
155,2,22,575,1995,0
155,2,22,575,1996,0
155,2,22,575,1997,0
155,2,22,575,1998,0
155,2,22,575,1999,0
155,2,22,575,2000,0
155,2,22,575,2001,0
155,2,22,575,2002,0
155,2,22,575,2003,0
155,2,22,575,2004,0
155,2,22,575,2005,0
155,2,22,575,2006,0
155,2,22,575,2007,0
155,2,22,575,2008,0
155,2,22,575,2009,0
155,2,22,575,2010,0
155,2,22,575,2011,0
155,2,22,575,2012,0
155,2,22,575,2013,0
155,2,22,575,2014,0
155,2,22,575,2015,0
155,2,22,575,2016,0
155,2,27,575,1990,0
155,2,27,575,1991,0
155,2,27,575,1992,0
155,2,27,575,1993,0
155,2,27,575,1994,0
155,2,27,575,1995,0
155,2,27,575,1996,0
155,2,27,575,1997,0
155,2,27,575,1998,0
155,2,27,575,1999,0
155,2,27,575,2000,0
155,2,27,575,2001,0
155,2,27,575,2002,0
155,2,27,575,2003,0
155,2,27,575,2004,0
155,2,27,575,2005,0
155,2,27,575,2006,0
155,2,27,575,2007,0
155,2,27,575,2008,0
155,2,27,575,2009,0
155,2,27,575,2010,0
155,2,27,575,2011,0
155,2,27,575,2012,0
155,2,27,575,2013,0
155,2,27,575,2014,0
155,2,27,575,2015,0
155,2,27,575,2016,0
155,3,22,575,1990,0
155,3,22,575,1991,0
155,3,22,575,1992,0
155,3,22,575,1993,0
155,3,22,575,1994,0
155,3,22,575,1995,0
155,3,22,575,1996,0
155,3,22,575,1997,0
155,3,22,575,1998,0
155,3,22,575,1999,0
155,3,22,575,2000,0
155,3,22,575,2001,0
155,3,22,575,2002,0
155,3,22,575,2003,0
155,3,22,575,2004,0
155,3,22,575,2005,0
155,3,22,575,2006,0
155,3,22,575,2007,0
155,3,22,575,2008,0
155,3,22,575,2009,0
155,3,22,575,2010,0
155,3,22,575,2011,0
155,3,22,575,2012,0
155,3,22,575,2013,0
155,3,22,575,2014,0
155,3,22,575,2015,0
155,3,22,575,2016,0
155,3,27,575,1990,0
155,3,27,575,1991,0
155,3,27,575,1992,0
155,3,27,575,1993,0
155,3,27,575,1994,0
155,3,27,575,1995,0
155,3,27,575,1996,0
155,3,27,575,1997,0
155,3,27,575,1998,0
155,3,27,575,1999,0
155,3,27,575,2000,0
155,3,27,575,2001,0
155,3,27,575,2002,0
155,3,27,575,2003,0
155,3,27,575,2004,0
155,3,27,575,2005,0
155,3,27,575,2006,0
155,3,27,575,2007,0
155,3,27,575,2008,0
155,3,27,575,2009,0
155,3,27,575,2010,0
155,3,27,575,2011,0
155,3,27,575,2012,0
155,3,27,575,2013,0
155,3,27,575,2014,0
155,3,27,575,2015,0
155,3,27,575,2016,0
156,1,22,575,1990,0
156,1,22,575,1991,0
156,1,22,575,1992,0
156,1,22,575,1993,0
156,1,22,575,1994,0
156,1,22,575,1995,0
156,1,22,575,1996,0
156,1,22,575,1997,0
156,1,22,575,1998,0
156,1,22,575,1999,0
156,1,22,575,2000,0
156,1,22,575,2001,0
156,1,22,575,2002,0
156,1,22,575,2003,0
156,1,22,575,2004,0
156,1,22,575,2005,0
156,1,22,575,2006,0
156,1,22,575,2007,0
156,1,22,575,2008,0
156,1,22,575,2009,0
156,1,22,575,2010,0
156,1,22,575,2011,0
156,1,22,575,2012,0
156,1,22,575,2013,0
156,1,22,575,2014,0
156,1,22,575,2015,0
156,1,22,575,2016,0
156,1,27,575,1990,0
156,1,27,575,1991,0
156,1,27,575,1992,0
156,1,27,575,1993,0
156,1,27,575,1994,0
156,1,27,575,1995,0
156,1,27,575,1996,0
156,1,27,575,1997,0
156,1,27,575,1998,0
156,1,27,575,1999,0
156,1,27,575,2000,0
156,1,27,575,2001,0
156,1,27,575,2002,0
156,1,27,575,2003,0
156,1,27,575,2004,0
156,1,27,575,2005,0
156,1,27,575,2006,0
156,1,27,575,2007,0
156,1,27,575,2008,0
156,1,27,575,2009,0
156,1,27,575,2010,0
156,1,27,575,2011,0
156,1,27,575,2012,0
156,1,27,575,2013,0
156,1,27,575,2014,0
156,1,27,575,2015,0
156,1,27,575,2016,0
156,2,22,575,1990,0
156,2,22,575,1991,0
156,2,22,575,1992,0
156,2,22,575,1993,0
156,2,22,575,1994,0
156,2,22,575,1995,0
156,2,22,575,1996,0
156,2,22,575,1997,0
156,2,22,575,1998,0
156,2,22,575,1999,0
156,2,22,575,2000,0
156,2,22,575,2001,0
156,2,22,575,2002,0
156,2,22,575,2003,0
156,2,22,575,2004,0
156,2,22,575,2005,0
156,2,22,575,2006,0
156,2,22,575,2007,0
156,2,22,575,2008,0
156,2,22,575,2009,0
156,2,22,575,2010,0
156,2,22,575,2011,0
156,2,22,575,2012,0
156,2,22,575,2013,0
156,2,22,575,2014,0
156,2,22,575,2015,0
156,2,22,575,2016,0
156,2,27,575,1990,0
156,2,27,575,1991,0
156,2,27,575,1992,0
156,2,27,575,1993,0
156,2,27,575,1994,0
156,2,27,575,1995,0
156,2,27,575,1996,0
156,2,27,575,1997,0
156,2,27,575,1998,0
156,2,27,575,1999,0
156,2,27,575,2000,0
156,2,27,575,2001,0
156,2,27,575,2002,0
156,2,27,575,2003,0
156,2,27,575,2004,0
156,2,27,575,2005,0
156,2,27,575,2006,0
156,2,27,575,2007,0
156,2,27,575,2008,0
156,2,27,575,2009,0
156,2,27,575,2010,0
156,2,27,575,2011,0
156,2,27,575,2012,0
156,2,27,575,2013,0
156,2,27,575,2014,0
156,2,27,575,2015,0
156,2,27,575,2016,0
156,3,22,575,1990,0
156,3,22,575,1991,0
156,3,22,575,1992,0
156,3,22,575,1993,0
156,3,22,575,1994,0
156,3,22,575,1995,0
156,3,22,575,1996,0
156,3,22,575,1997,0
156,3,22,575,1998,0
156,3,22,575,1999,0
156,3,22,575,2000,0
156,3,22,575,2001,0
156,3,22,575,2002,0
156,3,22,575,2003,0
156,3,22,575,2004,0
156,3,22,575,2005,0
156,3,22,575,2006,0
156,3,22,575,2007,0
156,3,22,575,2008,0
156,3,22,575,2009,0
156,3,22,575,2010,0
156,3,22,575,2011,0
156,3,22,575,2012,0
156,3,22,575,2013,0
156,3,22,575,2014,0
156,3,22,575,2015,0
156,3,22,575,2016,0
156,3,27,575,1990,0
156,3,27,575,1991,0
156,3,27,575,1992,0
156,3,27,575,1993,0
156,3,27,575,1994,0
156,3,27,575,1995,0
156,3,27,575,1996,0
156,3,27,575,1997,0
156,3,27,575,1998,0
156,3,27,575,1999,0
156,3,27,575,2000,0
156,3,27,575,2001,0
156,3,27,575,2002,0
156,3,27,575,2003,0
156,3,27,575,2004,0
156,3,27,575,2005,0
156,3,27,575,2006,0
156,3,27,575,2007,0
156,3,27,575,2008,0
156,3,27,575,2009,0
156,3,27,575,2010,0
156,3,27,575,2011,0
156,3,27,575,2012,0
156,3,27,575,2013,0
156,3,27,575,2014,0
156,3,27,575,2015,0
156,3,27,575,2016,0
157,1,22,575,1990,0
157,1,22,575,1991,0
157,1,22,575,1992,0
157,1,22,575,1993,0
157,1,22,575,1994,0
157,1,22,575,1995,0
157,1,22,575,1996,0
157,1,22,575,1997,0
157,1,22,575,1998,0
157,1,22,575,1999,0
157,1,22,575,2000,0
157,1,22,575,2001,0
157,1,22,575,2002,0
157,1,22,575,2003,0
157,1,22,575,2004,0
157,1,22,575,2005,0
157,1,22,575,2006,0
157,1,22,575,2007,0
157,1,22,575,2008,0
157,1,22,575,2009,0
157,1,22,575,2010,0
157,1,22,575,2011,0
157,1,22,575,2012,0
157,1,22,575,2013,0
157,1,22,575,2014,0
157,1,22,575,2015,0
157,1,22,575,2016,0
157,1,27,575,1990,0
157,1,27,575,1991,0
157,1,27,575,1992,0
157,1,27,575,1993,0
157,1,27,575,1994,0
157,1,27,575,1995,0
157,1,27,575,1996,0
157,1,27,575,1997,0
157,1,27,575,1998,0
157,1,27,575,1999,0
157,1,27,575,2000,0
157,1,27,575,2001,0
157,1,27,575,2002,0
157,1,27,575,2003,0
157,1,27,575,2004,0
157,1,27,575,2005,0
157,1,27,575,2006,0
157,1,27,575,2007,0
157,1,27,575,2008,0
157,1,27,575,2009,0
157,1,27,575,2010,0
157,1,27,575,2011,0
157,1,27,575,2012,0
157,1,27,575,2013,0
157,1,27,575,2014,0
157,1,27,575,2015,0
157,1,27,575,2016,0
157,2,22,575,1990,0
157,2,22,575,1991,0
157,2,22,575,1992,0
157,2,22,575,1993,0
157,2,22,575,1994,0
157,2,22,575,1995,0
157,2,22,575,1996,0
157,2,22,575,1997,0
157,2,22,575,1998,0
157,2,22,575,1999,0
157,2,22,575,2000,0
157,2,22,575,2001,0
157,2,22,575,2002,0
157,2,22,575,2003,0
157,2,22,575,2004,0
157,2,22,575,2005,0
157,2,22,575,2006,0
157,2,22,575,2007,0
157,2,22,575,2008,0
157,2,22,575,2009,0
157,2,22,575,2010,0
157,2,22,575,2011,0
157,2,22,575,2012,0
157,2,22,575,2013,0
157,2,22,575,2014,0
157,2,22,575,2015,0
157,2,22,575,2016,0
157,2,27,575,1990,0
157,2,27,575,1991,0
157,2,27,575,1992,0
157,2,27,575,1993,0
157,2,27,575,1994,0
157,2,27,575,1995,0
157,2,27,575,1996,0
157,2,27,575,1997,0
157,2,27,575,1998,0
157,2,27,575,1999,0
157,2,27,575,2000,0
157,2,27,575,2001,0
157,2,27,575,2002,0
157,2,27,575,2003,0
157,2,27,575,2004,0
157,2,27,575,2005,0
157,2,27,575,2006,0
157,2,27,575,2007,0
157,2,27,575,2008,0
157,2,27,575,2009,0
157,2,27,575,2010,0
157,2,27,575,2011,0
157,2,27,575,2012,0
157,2,27,575,2013,0
157,2,27,575,2014,0
157,2,27,575,2015,0
157,2,27,575,2016,0
157,3,22,575,1990,0
157,3,22,575,1991,0
157,3,22,575,1992,0
157,3,22,575,1993,0
157,3,22,575,1994,0
157,3,22,575,1995,0
157,3,22,575,1996,0
157,3,22,575,1997,0
157,3,22,575,1998,0
157,3,22,575,1999,0
157,3,22,575,2000,0
157,3,22,575,2001,0
157,3,22,575,2002,0
157,3,22,575,2003,0
157,3,22,575,2004,0
157,3,22,575,2005,0
157,3,22,575,2006,0
157,3,22,575,2007,0
157,3,22,575,2008,0
157,3,22,575,2009,0
157,3,22,575,2010,0
157,3,22,575,2011,0
157,3,22,575,2012,0
157,3,22,575,2013,0
157,3,22,575,2014,0
157,3,22,575,2015,0
157,3,22,575,2016,0
157,3,27,575,1990,0
157,3,27,575,1991,0
157,3,27,575,1992,0
157,3,27,575,1993,0
157,3,27,575,1994,0
157,3,27,575,1995,0
157,3,27,575,1996,0
157,3,27,575,1997,0
157,3,27,575,1998,0
157,3,27,575,1999,0
157,3,27,575,2000,0
157,3,27,575,2001,0
157,3,27,575,2002,0
157,3,27,575,2003,0
157,3,27,575,2004,0
157,3,27,575,2005,0
157,3,27,575,2006,0
157,3,27,575,2007,0
157,3,27,575,2008,0
157,3,27,575,2009,0
157,3,27,575,2010,0
157,3,27,575,2011,0
157,3,27,575,2012,0
157,3,27,575,2013,0
157,3,27,575,2014,0
157,3,27,575,2015,0
157,3,27,575,2016,0
160,1,22,575,1990,0
160,1,22,575,1991,0
160,1,22,575,1992,0
160,1,22,575,1993,0
160,1,22,575,1994,0
160,1,22,575,1995,0
160,1,22,575,1996,0
160,1,22,575,1997,0
160,1,22,575,1998,0
160,1,22,575,1999,0
160,1,22,575,2000,0
160,1,22,575,2001,0
160,1,22,575,2002,0
160,1,22,575,2003,0
160,1,22,575,2004,0
160,1,22,575,2005,0
160,1,22,575,2006,0
160,1,22,575,2007,0
160,1,22,575,2008,0
160,1,22,575,2009,0
160,1,22,575,2010,0
160,1,22,575,2011,0
160,1,22,575,2012,0
160,1,22,575,2013,0
160,1,22,575,2014,0
160,1,22,575,2015,0
160,1,22,575,2016,0
160,1,27,575,1990,0
160,1,27,575,1991,0
160,1,27,575,1992,0
160,1,27,575,1993,0
160,1,27,575,1994,0
160,1,27,575,1995,0
160,1,27,575,1996,0
160,1,27,575,1997,0
160,1,27,575,1998,0
160,1,27,575,1999,0
160,1,27,575,2000,0
160,1,27,575,2001,0
160,1,27,575,2002,0
160,1,27,575,2003,0
160,1,27,575,2004,0
160,1,27,575,2005,0
160,1,27,575,2006,0
160,1,27,575,2007,0
160,1,27,575,2008,0
160,1,27,575,2009,0
160,1,27,575,2010,0
160,1,27,575,2011,0
160,1,27,575,2012,0
160,1,27,575,2013,0
160,1,27,575,2014,0
160,1,27,575,2015,0
160,1,27,575,2016,0
160,2,22,575,1990,0
160,2,22,575,1991,0
160,2,22,575,1992,0
160,2,22,575,1993,0
160,2,22,575,1994,0
160,2,22,575,1995,0
160,2,22,575,1996,0
160,2,22,575,1997,0
160,2,22,575,1998,0
160,2,22,575,1999,0
160,2,22,575,2000,0
160,2,22,575,2001,0
160,2,22,575,2002,0
160,2,22,575,2003,0
160,2,22,575,2004,0
160,2,22,575,2005,0
160,2,22,575,2006,0
160,2,22,575,2007,0
160,2,22,575,2008,0
160,2,22,575,2009,0
160,2,22,575,2010,0
160,2,22,575,2011,0
160,2,22,575,2012,0
160,2,22,575,2013,0
160,2,22,575,2014,0
160,2,22,575,2015,0
160,2,22,575,2016,0
160,2,27,575,1990,0
160,2,27,575,1991,0
160,2,27,575,1992,0
160,2,27,575,1993,0
160,2,27,575,1994,0
160,2,27,575,1995,0
160,2,27,575,1996,0
160,2,27,575,1997,0
160,2,27,575,1998,0
160,2,27,575,1999,0
160,2,27,575,2000,0
160,2,27,575,2001,0
160,2,27,575,2002,0
160,2,27,575,2003,0
160,2,27,575,2004,0
160,2,27,575,2005,0
160,2,27,575,2006,0
160,2,27,575,2007,0
160,2,27,575,2008,0
160,2,27,575,2009,0
160,2,27,575,2010,0
160,2,27,575,2011,0
160,2,27,575,2012,0
160,2,27,575,2013,0
160,2,27,575,2014,0
160,2,27,575,2015,0
160,2,27,575,2016,0
160,3,22,575,1990,0
160,3,22,575,1991,0
160,3,22,575,1992,0
160,3,22,575,1993,0
160,3,22,575,1994,0
160,3,22,575,1995,0
160,3,22,575,1996,0
160,3,22,575,1997,0
160,3,22,575,1998,0
160,3,22,575,1999,0
160,3,22,575,2000,0
160,3,22,575,2001,0
160,3,22,575,2002,0
160,3,22,575,2003,0
160,3,22,575,2004,0
160,3,22,575,2005,0
160,3,22,575,2006,0
160,3,22,575,2007,0
160,3,22,575,2008,0
160,3,22,575,2009,0
160,3,22,575,2010,0
160,3,22,575,2011,0
160,3,22,575,2012,0
160,3,22,575,2013,0
160,3,22,575,2014,0
160,3,22,575,2015,0
160,3,22,575,2016,0
160,3,27,575,1990,0
160,3,27,575,1991,0
160,3,27,575,1992,0
160,3,27,575,1993,0
160,3,27,575,1994,0
160,3,27,575,1995,0
160,3,27,575,1996,0
160,3,27,575,1997,0
160,3,27,575,1998,0
160,3,27,575,1999,0
160,3,27,575,2000,0
160,3,27,575,2001,0
160,3,27,575,2002,0
160,3,27,575,2003,0
160,3,27,575,2004,0
160,3,27,575,2005,0
160,3,27,575,2006,0
160,3,27,575,2007,0
160,3,27,575,2008,0
160,3,27,575,2009,0
160,3,27,575,2010,0
160,3,27,575,2011,0
160,3,27,575,2012,0
160,3,27,575,2013,0
160,3,27,575,2014,0
160,3,27,575,2015,0
160,3,27,575,2016,0
161,1,22,575,1990,0
161,1,22,575,1991,0
161,1,22,575,1992,0
161,1,22,575,1993,0
161,1,22,575,1994,0
161,1,22,575,1995,0
161,1,22,575,1996,0
161,1,22,575,1997,0
161,1,22,575,1998,0
161,1,22,575,1999,0
161,1,22,575,2000,0
161,1,22,575,2001,0
161,1,22,575,2002,0
161,1,22,575,2003,0
161,1,22,575,2004,0
161,1,22,575,2005,0
161,1,22,575,2006,0
161,1,22,575,2007,0
161,1,22,575,2008,0
161,1,22,575,2009,0
161,1,22,575,2010,0
161,1,22,575,2011,0
161,1,22,575,2012,0
161,1,22,575,2013,0
161,1,22,575,2014,0
161,1,22,575,2015,0
161,1,22,575,2016,0
161,1,27,575,1990,0
161,1,27,575,1991,0
161,1,27,575,1992,0
161,1,27,575,1993,0
161,1,27,575,1994,0
161,1,27,575,1995,0
161,1,27,575,1996,0
161,1,27,575,1997,0
161,1,27,575,1998,0
161,1,27,575,1999,0
161,1,27,575,2000,0
161,1,27,575,2001,0
161,1,27,575,2002,0
161,1,27,575,2003,0
161,1,27,575,2004,0
161,1,27,575,2005,0
161,1,27,575,2006,0
161,1,27,575,2007,0
161,1,27,575,2008,0
161,1,27,575,2009,0
161,1,27,575,2010,0
161,1,27,575,2011,0
161,1,27,575,2012,0
161,1,27,575,2013,0
161,1,27,575,2014,0
161,1,27,575,2015,0
161,1,27,575,2016,0
161,2,22,575,1990,0
161,2,22,575,1991,0
161,2,22,575,1992,0
161,2,22,575,1993,0
161,2,22,575,1994,0
161,2,22,575,1995,0
161,2,22,575,1996,0
161,2,22,575,1997,0
161,2,22,575,1998,0
161,2,22,575,1999,0
161,2,22,575,2000,0
161,2,22,575,2001,0
161,2,22,575,2002,0
161,2,22,575,2003,0
161,2,22,575,2004,0
161,2,22,575,2005,0
161,2,22,575,2006,0
161,2,22,575,2007,0
161,2,22,575,2008,0
161,2,22,575,2009,0
161,2,22,575,2010,0
161,2,22,575,2011,0
161,2,22,575,2012,0
161,2,22,575,2013,0
161,2,22,575,2014,0
161,2,22,575,2015,0
161,2,22,575,2016,0
161,2,27,575,1990,0
161,2,27,575,1991,0
161,2,27,575,1992,0
161,2,27,575,1993,0
161,2,27,575,1994,0
161,2,27,575,1995,0
161,2,27,575,1996,0
161,2,27,575,1997,0
161,2,27,575,1998,0
161,2,27,575,1999,0
161,2,27,575,2000,0
161,2,27,575,2001,0
161,2,27,575,2002,0
161,2,27,575,2003,0
161,2,27,575,2004,0
161,2,27,575,2005,0
161,2,27,575,2006,0
161,2,27,575,2007,0
161,2,27,575,2008,0
161,2,27,575,2009,0
161,2,27,575,2010,0
161,2,27,575,2011,0
161,2,27,575,2012,0
161,2,27,575,2013,0
161,2,27,575,2014,0
161,2,27,575,2015,0
161,2,27,575,2016,0
161,3,22,575,1990,0
161,3,22,575,1991,0
161,3,22,575,1992,0
161,3,22,575,1993,0
161,3,22,575,1994,0
161,3,22,575,1995,0
161,3,22,575,1996,0
161,3,22,575,1997,0
161,3,22,575,1998,0
161,3,22,575,1999,0
161,3,22,575,2000,0
161,3,22,575,2001,0
161,3,22,575,2002,0
161,3,22,575,2003,0
161,3,22,575,2004,0
161,3,22,575,2005,0
161,3,22,575,2006,0
161,3,22,575,2007,0
161,3,22,575,2008,0
161,3,22,575,2009,0
161,3,22,575,2010,0
161,3,22,575,2011,0
161,3,22,575,2012,0
161,3,22,575,2013,0
161,3,22,575,2014,0
161,3,22,575,2015,0
161,3,22,575,2016,0
161,3,27,575,1990,0
161,3,27,575,1991,0
161,3,27,575,1992,0
161,3,27,575,1993,0
161,3,27,575,1994,0
161,3,27,575,1995,0
161,3,27,575,1996,0
161,3,27,575,1997,0
161,3,27,575,1998,0
161,3,27,575,1999,0
161,3,27,575,2000,0
161,3,27,575,2001,0
161,3,27,575,2002,0
161,3,27,575,2003,0
161,3,27,575,2004,0
161,3,27,575,2005,0
161,3,27,575,2006,0
161,3,27,575,2007,0
161,3,27,575,2008,0
161,3,27,575,2009,0
161,3,27,575,2010,0
161,3,27,575,2011,0
161,3,27,575,2012,0
161,3,27,575,2013,0
161,3,27,575,2014,0
161,3,27,575,2015,0
161,3,27,575,2016,0
162,1,22,575,1990,0
162,1,22,575,1991,0
162,1,22,575,1992,0
162,1,22,575,1993,0
162,1,22,575,1994,0
162,1,22,575,1995,0
162,1,22,575,1996,0
162,1,22,575,1997,0
162,1,22,575,1998,0
162,1,22,575,1999,0
162,1,22,575,2000,0
162,1,22,575,2001,0
162,1,22,575,2002,0
162,1,22,575,2003,0
162,1,22,575,2004,0
162,1,22,575,2005,0
162,1,22,575,2006,0
162,1,22,575,2007,0
162,1,22,575,2008,0
162,1,22,575,2009,0
162,1,22,575,2010,0
162,1,22,575,2011,0
162,1,22,575,2012,0
162,1,22,575,2013,0
162,1,22,575,2014,0
162,1,22,575,2015,0
162,1,22,575,2016,0
162,1,27,575,1990,0
162,1,27,575,1991,0
162,1,27,575,1992,0
162,1,27,575,1993,0
162,1,27,575,1994,0
162,1,27,575,1995,0
162,1,27,575,1996,0
162,1,27,575,1997,0
162,1,27,575,1998,0
162,1,27,575,1999,0
162,1,27,575,2000,0
162,1,27,575,2001,0
162,1,27,575,2002,0
162,1,27,575,2003,0
162,1,27,575,2004,0
162,1,27,575,2005,0
162,1,27,575,2006,0
162,1,27,575,2007,0
162,1,27,575,2008,0
162,1,27,575,2009,0
162,1,27,575,2010,0
162,1,27,575,2011,0
162,1,27,575,2012,0
162,1,27,575,2013,0
162,1,27,575,2014,0
162,1,27,575,2015,0
162,1,27,575,2016,0
162,2,22,575,1990,0
162,2,22,575,1991,0
162,2,22,575,1992,0
162,2,22,575,1993,0
162,2,22,575,1994,0
162,2,22,575,1995,0
162,2,22,575,1996,0
162,2,22,575,1997,0
162,2,22,575,1998,0
162,2,22,575,1999,0
162,2,22,575,2000,0
162,2,22,575,2001,0
162,2,22,575,2002,0
162,2,22,575,2003,0
162,2,22,575,2004,0
162,2,22,575,2005,0
162,2,22,575,2006,0
162,2,22,575,2007,0
162,2,22,575,2008,0
162,2,22,575,2009,0
162,2,22,575,2010,0
162,2,22,575,2011,0
162,2,22,575,2012,0
162,2,22,575,2013,0
162,2,22,575,2014,0
162,2,22,575,2015,0
162,2,22,575,2016,0
162,2,27,575,1990,0
162,2,27,575,1991,0
162,2,27,575,1992,0
162,2,27,575,1993,0
162,2,27,575,1994,0
162,2,27,575,1995,0
162,2,27,575,1996,0
162,2,27,575,1997,0
162,2,27,575,1998,0
162,2,27,575,1999,0
162,2,27,575,2000,0
162,2,27,575,2001,0
162,2,27,575,2002,0
162,2,27,575,2003,0
162,2,27,575,2004,0
162,2,27,575,2005,0
162,2,27,575,2006,0
162,2,27,575,2007,0
162,2,27,575,2008,0
162,2,27,575,2009,0
162,2,27,575,2010,0
162,2,27,575,2011,0
162,2,27,575,2012,0
162,2,27,575,2013,0
162,2,27,575,2014,0
162,2,27,575,2015,0
162,2,27,575,2016,0
162,3,22,575,1990,0
162,3,22,575,1991,0
162,3,22,575,1992,0
162,3,22,575,1993,0
162,3,22,575,1994,0
162,3,22,575,1995,0
162,3,22,575,1996,0
162,3,22,575,1997,0
162,3,22,575,1998,0
162,3,22,575,1999,0
162,3,22,575,2000,0
162,3,22,575,2001,0
162,3,22,575,2002,0
162,3,22,575,2003,0
162,3,22,575,2004,0
162,3,22,575,2005,0
162,3,22,575,2006,0
162,3,22,575,2007,0
162,3,22,575,2008,0
162,3,22,575,2009,0
162,3,22,575,2010,0
162,3,22,575,2011,0
162,3,22,575,2012,0
162,3,22,575,2013,0
162,3,22,575,2014,0
162,3,22,575,2015,0
162,3,22,575,2016,0
162,3,27,575,1990,0
162,3,27,575,1991,0
162,3,27,575,1992,0
162,3,27,575,1993,0
162,3,27,575,1994,0
162,3,27,575,1995,0
162,3,27,575,1996,0
162,3,27,575,1997,0
162,3,27,575,1998,0
162,3,27,575,1999,0
162,3,27,575,2000,0
162,3,27,575,2001,0
162,3,27,575,2002,0
162,3,27,575,2003,0
162,3,27,575,2004,0
162,3,27,575,2005,0
162,3,27,575,2006,0
162,3,27,575,2007,0
162,3,27,575,2008,0
162,3,27,575,2009,0
162,3,27,575,2010,0
162,3,27,575,2011,0
162,3,27,575,2012,0
162,3,27,575,2013,0
162,3,27,575,2014,0
162,3,27,575,2015,0
162,3,27,575,2016,0
163,1,22,575,1990,0
163,1,22,575,1991,0
163,1,22,575,1992,0
163,1,22,575,1993,0
163,1,22,575,1994,0
163,1,22,575,1995,0
163,1,22,575,1996,0
163,1,22,575,1997,0
163,1,22,575,1998,0
163,1,22,575,1999,0
163,1,22,575,2000,0
163,1,22,575,2001,0
163,1,22,575,2002,0
163,1,22,575,2003,0
163,1,22,575,2004,0
163,1,22,575,2005,0
163,1,22,575,2006,0
163,1,22,575,2007,0
163,1,22,575,2008,0
163,1,22,575,2009,0
163,1,22,575,2010,0
163,1,22,575,2011,0
163,1,22,575,2012,0
163,1,22,575,2013,0
163,1,22,575,2014,0
163,1,22,575,2015,0
163,1,22,575,2016,0
163,1,27,575,1990,0
163,1,27,575,1991,0
163,1,27,575,1992,0
163,1,27,575,1993,0
163,1,27,575,1994,0
163,1,27,575,1995,0
163,1,27,575,1996,0
163,1,27,575,1997,0
163,1,27,575,1998,0
163,1,27,575,1999,0
163,1,27,575,2000,0
163,1,27,575,2001,0
163,1,27,575,2002,0
163,1,27,575,2003,0
163,1,27,575,2004,0
163,1,27,575,2005,0
163,1,27,575,2006,0
163,1,27,575,2007,0
163,1,27,575,2008,0
163,1,27,575,2009,0
163,1,27,575,2010,0
163,1,27,575,2011,0
163,1,27,575,2012,0
163,1,27,575,2013,0
163,1,27,575,2014,0
163,1,27,575,2015,0
163,1,27,575,2016,0
163,2,22,575,1990,0
163,2,22,575,1991,0
163,2,22,575,1992,0
163,2,22,575,1993,0
163,2,22,575,1994,0
163,2,22,575,1995,0
163,2,22,575,1996,0
163,2,22,575,1997,0
163,2,22,575,1998,0
163,2,22,575,1999,0
163,2,22,575,2000,0
163,2,22,575,2001,0
163,2,22,575,2002,0
163,2,22,575,2003,0
163,2,22,575,2004,0
163,2,22,575,2005,0
163,2,22,575,2006,0
163,2,22,575,2007,0
163,2,22,575,2008,0
163,2,22,575,2009,0
163,2,22,575,2010,0
163,2,22,575,2011,0
163,2,22,575,2012,0
163,2,22,575,2013,0
163,2,22,575,2014,0
163,2,22,575,2015,0
163,2,22,575,2016,0
163,2,27,575,1990,0
163,2,27,575,1991,0
163,2,27,575,1992,0
163,2,27,575,1993,0
163,2,27,575,1994,0
163,2,27,575,1995,0
163,2,27,575,1996,0
163,2,27,575,1997,0
163,2,27,575,1998,0
163,2,27,575,1999,0
163,2,27,575,2000,0
163,2,27,575,2001,0
163,2,27,575,2002,0
163,2,27,575,2003,0
163,2,27,575,2004,0
163,2,27,575,2005,0
163,2,27,575,2006,0
163,2,27,575,2007,0
163,2,27,575,2008,0
163,2,27,575,2009,0
163,2,27,575,2010,0
163,2,27,575,2011,0
163,2,27,575,2012,0
163,2,27,575,2013,0
163,2,27,575,2014,0
163,2,27,575,2015,0
163,2,27,575,2016,0
163,3,22,575,1990,0
163,3,22,575,1991,0
163,3,22,575,1992,0
163,3,22,575,1993,0
163,3,22,575,1994,0
163,3,22,575,1995,0
163,3,22,575,1996,0
163,3,22,575,1997,0
163,3,22,575,1998,0
163,3,22,575,1999,0
163,3,22,575,2000,0
163,3,22,575,2001,0
163,3,22,575,2002,0
163,3,22,575,2003,0
163,3,22,575,2004,0
163,3,22,575,2005,0
163,3,22,575,2006,0
163,3,22,575,2007,0
163,3,22,575,2008,0
163,3,22,575,2009,0
163,3,22,575,2010,0
163,3,22,575,2011,0
163,3,22,575,2012,0
163,3,22,575,2013,0
163,3,22,575,2014,0
163,3,22,575,2015,0
163,3,22,575,2016,0
163,3,27,575,1990,0
163,3,27,575,1991,0
163,3,27,575,1992,0
163,3,27,575,1993,0
163,3,27,575,1994,0
163,3,27,575,1995,0
163,3,27,575,1996,0
163,3,27,575,1997,0
163,3,27,575,1998,0
163,3,27,575,1999,0
163,3,27,575,2000,0
163,3,27,575,2001,0
163,3,27,575,2002,0
163,3,27,575,2003,0
163,3,27,575,2004,0
163,3,27,575,2005,0
163,3,27,575,2006,0
163,3,27,575,2007,0
163,3,27,575,2008,0
163,3,27,575,2009,0
163,3,27,575,2010,0
163,3,27,575,2011,0
163,3,27,575,2012,0
163,3,27,575,2013,0
163,3,27,575,2014,0
163,3,27,575,2015,0
163,3,27,575,2016,0
164,1,22,575,1990,0
164,1,22,575,1991,0
164,1,22,575,1992,0
164,1,22,575,1993,0
164,1,22,575,1994,0
164,1,22,575,1995,0
164,1,22,575,1996,0
164,1,22,575,1997,0
164,1,22,575,1998,0
164,1,22,575,1999,0
164,1,22,575,2000,0
164,1,22,575,2001,0
164,1,22,575,2002,0
164,1,22,575,2003,0
164,1,22,575,2004,0
164,1,22,575,2005,0
164,1,22,575,2006,0
164,1,22,575,2007,0
164,1,22,575,2008,0
164,1,22,575,2009,0
164,1,22,575,2010,0
164,1,22,575,2011,0
164,1,22,575,2012,0
164,1,22,575,2013,0
164,1,22,575,2014,0
164,1,22,575,2015,0
164,1,22,575,2016,0
164,1,27,575,1990,0
164,1,27,575,1991,0
164,1,27,575,1992,0
164,1,27,575,1993,0
164,1,27,575,1994,0
164,1,27,575,1995,0
164,1,27,575,1996,0
164,1,27,575,1997,0
164,1,27,575,1998,0
164,1,27,575,1999,0
164,1,27,575,2000,0
164,1,27,575,2001,0
164,1,27,575,2002,0
164,1,27,575,2003,0
164,1,27,575,2004,0
164,1,27,575,2005,0
164,1,27,575,2006,0
164,1,27,575,2007,0
164,1,27,575,2008,0
164,1,27,575,2009,0
164,1,27,575,2010,0
164,1,27,575,2011,0
164,1,27,575,2012,0
164,1,27,575,2013,0
164,1,27,575,2014,0
164,1,27,575,2015,0
164,1,27,575,2016,0
164,2,22,575,1990,0
164,2,22,575,1991,0
164,2,22,575,1992,0
164,2,22,575,1993,0
164,2,22,575,1994,0
164,2,22,575,1995,0
164,2,22,575,1996,0
164,2,22,575,1997,0
164,2,22,575,1998,0
164,2,22,575,1999,0
164,2,22,575,2000,0
164,2,22,575,2001,0
164,2,22,575,2002,0
164,2,22,575,2003,0
164,2,22,575,2004,0
164,2,22,575,2005,0
164,2,22,575,2006,0
164,2,22,575,2007,0
164,2,22,575,2008,0
164,2,22,575,2009,0
164,2,22,575,2010,0
164,2,22,575,2011,0
164,2,22,575,2012,0
164,2,22,575,2013,0
164,2,22,575,2014,0
164,2,22,575,2015,0
164,2,22,575,2016,0
164,2,27,575,1990,0
164,2,27,575,1991,0
164,2,27,575,1992,0
164,2,27,575,1993,0
164,2,27,575,1994,0
164,2,27,575,1995,0
164,2,27,575,1996,0
164,2,27,575,1997,0
164,2,27,575,1998,0
164,2,27,575,1999,0
164,2,27,575,2000,0
164,2,27,575,2001,0
164,2,27,575,2002,0
164,2,27,575,2003,0
164,2,27,575,2004,0
164,2,27,575,2005,0
164,2,27,575,2006,0
164,2,27,575,2007,0
164,2,27,575,2008,0
164,2,27,575,2009,0
164,2,27,575,2010,0
164,2,27,575,2011,0
164,2,27,575,2012,0
164,2,27,575,2013,0
164,2,27,575,2014,0
164,2,27,575,2015,0
164,2,27,575,2016,0
164,3,22,575,1990,0
164,3,22,575,1991,0
164,3,22,575,1992,0
164,3,22,575,1993,0
164,3,22,575,1994,0
164,3,22,575,1995,0
164,3,22,575,1996,0
164,3,22,575,1997,0
164,3,22,575,1998,0
164,3,22,575,1999,0
164,3,22,575,2000,0
164,3,22,575,2001,0
164,3,22,575,2002,0
164,3,22,575,2003,0
164,3,22,575,2004,0
164,3,22,575,2005,0
164,3,22,575,2006,0
164,3,22,575,2007,0
164,3,22,575,2008,0
164,3,22,575,2009,0
164,3,22,575,2010,0
164,3,22,575,2011,0
164,3,22,575,2012,0
164,3,22,575,2013,0
164,3,22,575,2014,0
164,3,22,575,2015,0
164,3,22,575,2016,0
164,3,27,575,1990,0
164,3,27,575,1991,0
164,3,27,575,1992,0
164,3,27,575,1993,0
164,3,27,575,1994,0
164,3,27,575,1995,0
164,3,27,575,1996,0
164,3,27,575,1997,0
164,3,27,575,1998,0
164,3,27,575,1999,0
164,3,27,575,2000,0
164,3,27,575,2001,0
164,3,27,575,2002,0
164,3,27,575,2003,0
164,3,27,575,2004,0
164,3,27,575,2005,0
164,3,27,575,2006,0
164,3,27,575,2007,0
164,3,27,575,2008,0
164,3,27,575,2009,0
164,3,27,575,2010,0
164,3,27,575,2011,0
164,3,27,575,2012,0
164,3,27,575,2013,0
164,3,27,575,2014,0
164,3,27,575,2015,0
164,3,27,575,2016,0
165,1,22,575,1990,0
165,1,22,575,1991,0
165,1,22,575,1992,0
165,1,22,575,1993,0
165,1,22,575,1994,0
165,1,22,575,1995,0
165,1,22,575,1996,0
165,1,22,575,1997,0
165,1,22,575,1998,0
165,1,22,575,1999,0
165,1,22,575,2000,0
165,1,22,575,2001,0
165,1,22,575,2002,0
165,1,22,575,2003,0
165,1,22,575,2004,0
165,1,22,575,2005,0
165,1,22,575,2006,0
165,1,22,575,2007,0
165,1,22,575,2008,0
165,1,22,575,2009,0
165,1,22,575,2010,0
165,1,22,575,2011,0
165,1,22,575,2012,0
165,1,22,575,2013,0
165,1,22,575,2014,0
165,1,22,575,2015,0
165,1,22,575,2016,0
165,1,27,575,1990,0
165,1,27,575,1991,0
165,1,27,575,1992,0
165,1,27,575,1993,0
165,1,27,575,1994,0
165,1,27,575,1995,0
165,1,27,575,1996,0
165,1,27,575,1997,0
165,1,27,575,1998,0
165,1,27,575,1999,0
165,1,27,575,2000,0
165,1,27,575,2001,0
165,1,27,575,2002,0
165,1,27,575,2003,0
165,1,27,575,2004,0
165,1,27,575,2005,0
165,1,27,575,2006,0
165,1,27,575,2007,0
165,1,27,575,2008,0
165,1,27,575,2009,0
165,1,27,575,2010,0
165,1,27,575,2011,0
165,1,27,575,2012,0
165,1,27,575,2013,0
165,1,27,575,2014,0
165,1,27,575,2015,0
165,1,27,575,2016,0
165,2,22,575,1990,0
165,2,22,575,1991,0
165,2,22,575,1992,0
165,2,22,575,1993,0
165,2,22,575,1994,0
165,2,22,575,1995,0
165,2,22,575,1996,0
165,2,22,575,1997,0
165,2,22,575,1998,0
165,2,22,575,1999,0
165,2,22,575,2000,0
165,2,22,575,2001,0
165,2,22,575,2002,0
165,2,22,575,2003,0
165,2,22,575,2004,0
165,2,22,575,2005,0
165,2,22,575,2006,0
165,2,22,575,2007,0
165,2,22,575,2008,0
165,2,22,575,2009,0
165,2,22,575,2010,0
165,2,22,575,2011,0
165,2,22,575,2012,0
165,2,22,575,2013,0
165,2,22,575,2014,0
165,2,22,575,2015,0
165,2,22,575,2016,0
165,2,27,575,1990,0
165,2,27,575,1991,0
165,2,27,575,1992,0
165,2,27,575,1993,0
165,2,27,575,1994,0
165,2,27,575,1995,0
165,2,27,575,1996,0
165,2,27,575,1997,0
165,2,27,575,1998,0
165,2,27,575,1999,0
165,2,27,575,2000,0
165,2,27,575,2001,0
165,2,27,575,2002,0
165,2,27,575,2003,0
165,2,27,575,2004,0
165,2,27,575,2005,0
165,2,27,575,2006,0
165,2,27,575,2007,0
165,2,27,575,2008,0
165,2,27,575,2009,0
165,2,27,575,2010,0
165,2,27,575,2011,0
165,2,27,575,2012,0
165,2,27,575,2013,0
165,2,27,575,2014,0
165,2,27,575,2015,0
165,2,27,575,2016,0
165,3,22,575,1990,0
165,3,22,575,1991,0
165,3,22,575,1992,0
165,3,22,575,1993,0
165,3,22,575,1994,0
165,3,22,575,1995,0
165,3,22,575,1996,0
165,3,22,575,1997,0
165,3,22,575,1998,0
165,3,22,575,1999,0
165,3,22,575,2000,0
165,3,22,575,2001,0
165,3,22,575,2002,0
165,3,22,575,2003,0
165,3,22,575,2004,0
165,3,22,575,2005,0
165,3,22,575,2006,0
165,3,22,575,2007,0
165,3,22,575,2008,0
165,3,22,575,2009,0
165,3,22,575,2010,0
165,3,22,575,2011,0
165,3,22,575,2012,0
165,3,22,575,2013,0
165,3,22,575,2014,0
165,3,22,575,2015,0
165,3,22,575,2016,0
165,3,27,575,1990,0
165,3,27,575,1991,0
165,3,27,575,1992,0
165,3,27,575,1993,0
165,3,27,575,1994,0
165,3,27,575,1995,0
165,3,27,575,1996,0
165,3,27,575,1997,0
165,3,27,575,1998,0
165,3,27,575,1999,0
165,3,27,575,2000,0
165,3,27,575,2001,0
165,3,27,575,2002,0
165,3,27,575,2003,0
165,3,27,575,2004,0
165,3,27,575,2005,0
165,3,27,575,2006,0
165,3,27,575,2007,0
165,3,27,575,2008,0
165,3,27,575,2009,0
165,3,27,575,2010,0
165,3,27,575,2011,0
165,3,27,575,2012,0
165,3,27,575,2013,0
165,3,27,575,2014,0
165,3,27,575,2015,0
165,3,27,575,2016,0
168,1,22,575,1990,0
168,1,22,575,1991,0
168,1,22,575,1992,0
168,1,22,575,1993,0
168,1,22,575,1994,0
168,1,22,575,1995,0
168,1,22,575,1996,0
168,1,22,575,1997,0
168,1,22,575,1998,0
168,1,22,575,1999,0
168,1,22,575,2000,0
168,1,22,575,2001,0
168,1,22,575,2002,0
168,1,22,575,2003,0
168,1,22,575,2004,0
168,1,22,575,2005,0
168,1,22,575,2006,0
168,1,22,575,2007,0
168,1,22,575,2008,0
168,1,22,575,2009,0
168,1,22,575,2010,0
168,1,22,575,2011,0
168,1,22,575,2012,0
168,1,22,575,2013,0
168,1,22,575,2014,0
168,1,22,575,2015,0
168,1,22,575,2016,0
168,1,27,575,1990,0
168,1,27,575,1991,0
168,1,27,575,1992,0
168,1,27,575,1993,0
168,1,27,575,1994,0
168,1,27,575,1995,0
168,1,27,575,1996,0
168,1,27,575,1997,0
168,1,27,575,1998,0
168,1,27,575,1999,0
168,1,27,575,2000,0
168,1,27,575,2001,0
168,1,27,575,2002,0
168,1,27,575,2003,0
168,1,27,575,2004,0
168,1,27,575,2005,0
168,1,27,575,2006,0
168,1,27,575,2007,0
168,1,27,575,2008,0
168,1,27,575,2009,0
168,1,27,575,2010,0
168,1,27,575,2011,0
168,1,27,575,2012,0
168,1,27,575,2013,0
168,1,27,575,2014,0
168,1,27,575,2015,0
168,1,27,575,2016,0
168,2,22,575,1990,0
168,2,22,575,1991,0
168,2,22,575,1992,0
168,2,22,575,1993,0
168,2,22,575,1994,0
168,2,22,575,1995,0
168,2,22,575,1996,0
168,2,22,575,1997,0
168,2,22,575,1998,0
168,2,22,575,1999,0
168,2,22,575,2000,0
168,2,22,575,2001,0
168,2,22,575,2002,0
168,2,22,575,2003,0
168,2,22,575,2004,0
168,2,22,575,2005,0
168,2,22,575,2006,0
168,2,22,575,2007,0
168,2,22,575,2008,0
168,2,22,575,2009,0
168,2,22,575,2010,0
168,2,22,575,2011,0
168,2,22,575,2012,0
168,2,22,575,2013,0
168,2,22,575,2014,0
168,2,22,575,2015,0
168,2,22,575,2016,0
168,2,27,575,1990,0
168,2,27,575,1991,0
168,2,27,575,1992,0
168,2,27,575,1993,0
168,2,27,575,1994,0
168,2,27,575,1995,0
168,2,27,575,1996,0
168,2,27,575,1997,0
168,2,27,575,1998,0
168,2,27,575,1999,0
168,2,27,575,2000,0
168,2,27,575,2001,0
168,2,27,575,2002,0
168,2,27,575,2003,0
168,2,27,575,2004,0
168,2,27,575,2005,0
168,2,27,575,2006,0
168,2,27,575,2007,0
168,2,27,575,2008,0
168,2,27,575,2009,0
168,2,27,575,2010,0
168,2,27,575,2011,0
168,2,27,575,2012,0
168,2,27,575,2013,0
168,2,27,575,2014,0
168,2,27,575,2015,0
168,2,27,575,2016,0
168,3,22,575,1990,0
168,3,22,575,1991,0
168,3,22,575,1992,0
168,3,22,575,1993,0
168,3,22,575,1994,0
168,3,22,575,1995,0
168,3,22,575,1996,0
168,3,22,575,1997,0
168,3,22,575,1998,0
168,3,22,575,1999,0
168,3,22,575,2000,0
168,3,22,575,2001,0
168,3,22,575,2002,0
168,3,22,575,2003,0
168,3,22,575,2004,0
168,3,22,575,2005,0
168,3,22,575,2006,0
168,3,22,575,2007,0
168,3,22,575,2008,0
168,3,22,575,2009,0
168,3,22,575,2010,0
168,3,22,575,2011,0
168,3,22,575,2012,0
168,3,22,575,2013,0
168,3,22,575,2014,0
168,3,22,575,2015,0
168,3,22,575,2016,0
168,3,27,575,1990,0
168,3,27,575,1991,0
168,3,27,575,1992,0
168,3,27,575,1993,0
168,3,27,575,1994,0
168,3,27,575,1995,0
168,3,27,575,1996,0
168,3,27,575,1997,0
168,3,27,575,1998,0
168,3,27,575,1999,0
168,3,27,575,2000,0
168,3,27,575,2001,0
168,3,27,575,2002,0
168,3,27,575,2003,0
168,3,27,575,2004,0
168,3,27,575,2005,0
168,3,27,575,2006,0
168,3,27,575,2007,0
168,3,27,575,2008,0
168,3,27,575,2009,0
168,3,27,575,2010,0
168,3,27,575,2011,0
168,3,27,575,2012,0
168,3,27,575,2013,0
168,3,27,575,2014,0
168,3,27,575,2015,0
168,3,27,575,2016,0
169,1,22,575,1990,0
169,1,22,575,1991,0
169,1,22,575,1992,0
169,1,22,575,1993,0
169,1,22,575,1994,0
169,1,22,575,1995,0
169,1,22,575,1996,0
169,1,22,575,1997,0
169,1,22,575,1998,0
169,1,22,575,1999,0
169,1,22,575,2000,0
169,1,22,575,2001,0
169,1,22,575,2002,0
169,1,22,575,2003,0
169,1,22,575,2004,0
169,1,22,575,2005,0
169,1,22,575,2006,0
169,1,22,575,2007,0
169,1,22,575,2008,0
169,1,22,575,2009,0
169,1,22,575,2010,0
169,1,22,575,2011,0
169,1,22,575,2012,0
169,1,22,575,2013,0
169,1,22,575,2014,0
169,1,22,575,2015,0
169,1,22,575,2016,0
169,1,27,575,1990,0
169,1,27,575,1991,0
169,1,27,575,1992,0
169,1,27,575,1993,0
169,1,27,575,1994,0
169,1,27,575,1995,0
169,1,27,575,1996,0
169,1,27,575,1997,0
169,1,27,575,1998,0
169,1,27,575,1999,0
169,1,27,575,2000,0
169,1,27,575,2001,0
169,1,27,575,2002,0
169,1,27,575,2003,0
169,1,27,575,2004,0
169,1,27,575,2005,0
169,1,27,575,2006,0
169,1,27,575,2007,0
169,1,27,575,2008,0
169,1,27,575,2009,0
169,1,27,575,2010,0
169,1,27,575,2011,0
169,1,27,575,2012,0
169,1,27,575,2013,0
169,1,27,575,2014,0
169,1,27,575,2015,0
169,1,27,575,2016,0
169,2,22,575,1990,0
169,2,22,575,1991,0
169,2,22,575,1992,0
169,2,22,575,1993,0
169,2,22,575,1994,0
169,2,22,575,1995,0
169,2,22,575,1996,0
169,2,22,575,1997,0
169,2,22,575,1998,0
169,2,22,575,1999,0
169,2,22,575,2000,0
169,2,22,575,2001,0
169,2,22,575,2002,0
169,2,22,575,2003,0
169,2,22,575,2004,0
169,2,22,575,2005,0
169,2,22,575,2006,0
169,2,22,575,2007,0
169,2,22,575,2008,0
169,2,22,575,2009,0
169,2,22,575,2010,0
169,2,22,575,2011,0
169,2,22,575,2012,0
169,2,22,575,2013,0
169,2,22,575,2014,0
169,2,22,575,2015,0
169,2,22,575,2016,0
169,2,27,575,1990,0
169,2,27,575,1991,0
169,2,27,575,1992,0
169,2,27,575,1993,0
169,2,27,575,1994,0
169,2,27,575,1995,0
169,2,27,575,1996,0
169,2,27,575,1997,0
169,2,27,575,1998,0
169,2,27,575,1999,0
169,2,27,575,2000,0
169,2,27,575,2001,0
169,2,27,575,2002,0
169,2,27,575,2003,0
169,2,27,575,2004,0
169,2,27,575,2005,0
169,2,27,575,2006,0
169,2,27,575,2007,0
169,2,27,575,2008,0
169,2,27,575,2009,0
169,2,27,575,2010,0
169,2,27,575,2011,0
169,2,27,575,2012,0
169,2,27,575,2013,0
169,2,27,575,2014,0
169,2,27,575,2015,0
169,2,27,575,2016,0
169,3,22,575,1990,0
169,3,22,575,1991,0
169,3,22,575,1992,0
169,3,22,575,1993,0
169,3,22,575,1994,0
169,3,22,575,1995,0
169,3,22,575,1996,0
169,3,22,575,1997,0
169,3,22,575,1998,0
169,3,22,575,1999,0
169,3,22,575,2000,0
169,3,22,575,2001,0
169,3,22,575,2002,0
169,3,22,575,2003,0
169,3,22,575,2004,0
169,3,22,575,2005,0
169,3,22,575,2006,0
169,3,22,575,2007,0
169,3,22,575,2008,0
169,3,22,575,2009,0
169,3,22,575,2010,0
169,3,22,575,2011,0
169,3,22,575,2012,0
169,3,22,575,2013,0
169,3,22,575,2014,0
169,3,22,575,2015,0
169,3,22,575,2016,0
169,3,27,575,1990,0
169,3,27,575,1991,0
169,3,27,575,1992,0
169,3,27,575,1993,0
169,3,27,575,1994,0
169,3,27,575,1995,0
169,3,27,575,1996,0
169,3,27,575,1997,0
169,3,27,575,1998,0
169,3,27,575,1999,0
169,3,27,575,2000,0
169,3,27,575,2001,0
169,3,27,575,2002,0
169,3,27,575,2003,0
169,3,27,575,2004,0
169,3,27,575,2005,0
169,3,27,575,2006,0
169,3,27,575,2007,0
169,3,27,575,2008,0
169,3,27,575,2009,0
169,3,27,575,2010,0
169,3,27,575,2011,0
169,3,27,575,2012,0
169,3,27,575,2013,0
169,3,27,575,2014,0
169,3,27,575,2015,0
169,3,27,575,2016,0
170,1,22,575,1990,0
170,1,22,575,1991,0
170,1,22,575,1992,0
170,1,22,575,1993,0
170,1,22,575,1994,0
170,1,22,575,1995,0
170,1,22,575,1996,0
170,1,22,575,1997,0
170,1,22,575,1998,0
170,1,22,575,1999,0
170,1,22,575,2000,0
170,1,22,575,2001,0
170,1,22,575,2002,0
170,1,22,575,2003,0
170,1,22,575,2004,0
170,1,22,575,2005,0
170,1,22,575,2006,0
170,1,22,575,2007,0
170,1,22,575,2008,0
170,1,22,575,2009,0
170,1,22,575,2010,0
170,1,22,575,2011,0
170,1,22,575,2012,0
170,1,22,575,2013,0
170,1,22,575,2014,0
170,1,22,575,2015,0
170,1,22,575,2016,0
170,1,27,575,1990,0
170,1,27,575,1991,0
170,1,27,575,1992,0
170,1,27,575,1993,0
170,1,27,575,1994,0
170,1,27,575,1995,0
170,1,27,575,1996,0
170,1,27,575,1997,0
170,1,27,575,1998,0
170,1,27,575,1999,0
170,1,27,575,2000,0
170,1,27,575,2001,0
170,1,27,575,2002,0
170,1,27,575,2003,0
170,1,27,575,2004,0
170,1,27,575,2005,0
170,1,27,575,2006,0
170,1,27,575,2007,0
170,1,27,575,2008,0
170,1,27,575,2009,0
170,1,27,575,2010,0
170,1,27,575,2011,0
170,1,27,575,2012,0
170,1,27,575,2013,0
170,1,27,575,2014,0
170,1,27,575,2015,0
170,1,27,575,2016,0
170,2,22,575,1990,0
170,2,22,575,1991,0
170,2,22,575,1992,0
170,2,22,575,1993,0
170,2,22,575,1994,0
170,2,22,575,1995,0
170,2,22,575,1996,0
170,2,22,575,1997,0
170,2,22,575,1998,0
170,2,22,575,1999,0
170,2,22,575,2000,0
170,2,22,575,2001,0
170,2,22,575,2002,0
170,2,22,575,2003,0
170,2,22,575,2004,0
170,2,22,575,2005,0
170,2,22,575,2006,0
170,2,22,575,2007,0
170,2,22,575,2008,0
170,2,22,575,2009,0
170,2,22,575,2010,0
170,2,22,575,2011,0
170,2,22,575,2012,0
170,2,22,575,2013,0
170,2,22,575,2014,0
170,2,22,575,2015,0
170,2,22,575,2016,0
170,2,27,575,1990,0
170,2,27,575,1991,0
170,2,27,575,1992,0
170,2,27,575,1993,0
170,2,27,575,1994,0
170,2,27,575,1995,0
170,2,27,575,1996,0
170,2,27,575,1997,0
170,2,27,575,1998,0
170,2,27,575,1999,0
170,2,27,575,2000,0
170,2,27,575,2001,0
170,2,27,575,2002,0
170,2,27,575,2003,0
170,2,27,575,2004,0
170,2,27,575,2005,0
170,2,27,575,2006,0
170,2,27,575,2007,0
170,2,27,575,2008,0
170,2,27,575,2009,0
170,2,27,575,2010,0
170,2,27,575,2011,0
170,2,27,575,2012,0
170,2,27,575,2013,0
170,2,27,575,2014,0
170,2,27,575,2015,0
170,2,27,575,2016,0
170,3,22,575,1990,0
170,3,22,575,1991,0
170,3,22,575,1992,0
170,3,22,575,1993,0
170,3,22,575,1994,0
170,3,22,575,1995,0
170,3,22,575,1996,0
170,3,22,575,1997,0
170,3,22,575,1998,0
170,3,22,575,1999,0
170,3,22,575,2000,0
170,3,22,575,2001,0
170,3,22,575,2002,0
170,3,22,575,2003,0
170,3,22,575,2004,0
170,3,22,575,2005,0
170,3,22,575,2006,0
170,3,22,575,2007,0
170,3,22,575,2008,0
170,3,22,575,2009,0
170,3,22,575,2010,0
170,3,22,575,2011,0
170,3,22,575,2012,0
170,3,22,575,2013,0
170,3,22,575,2014,0
170,3,22,575,2015,0
170,3,22,575,2016,0
170,3,27,575,1990,0
170,3,27,575,1991,0
170,3,27,575,1992,0
170,3,27,575,1993,0
170,3,27,575,1994,0
170,3,27,575,1995,0
170,3,27,575,1996,0
170,3,27,575,1997,0
170,3,27,575,1998,0
170,3,27,575,1999,0
170,3,27,575,2000,0
170,3,27,575,2001,0
170,3,27,575,2002,0
170,3,27,575,2003,0
170,3,27,575,2004,0
170,3,27,575,2005,0
170,3,27,575,2006,0
170,3,27,575,2007,0
170,3,27,575,2008,0
170,3,27,575,2009,0
170,3,27,575,2010,0
170,3,27,575,2011,0
170,3,27,575,2012,0
170,3,27,575,2013,0
170,3,27,575,2014,0
170,3,27,575,2015,0
170,3,27,575,2016,0
171,1,22,575,1990,0
171,1,22,575,1991,0
171,1,22,575,1992,0
171,1,22,575,1993,0
171,1,22,575,1994,0
171,1,22,575,1995,0
171,1,22,575,1996,0
171,1,22,575,1997,0
171,1,22,575,1998,0
171,1,22,575,1999,0
171,1,22,575,2000,0
171,1,22,575,2001,0
171,1,22,575,2002,0
171,1,22,575,2003,0
171,1,22,575,2004,0
171,1,22,575,2005,0
171,1,22,575,2006,0
171,1,22,575,2007,0
171,1,22,575,2008,0
171,1,22,575,2009,0
171,1,22,575,2010,0
171,1,22,575,2011,0
171,1,22,575,2012,0
171,1,22,575,2013,0
171,1,22,575,2014,0
171,1,22,575,2015,0
171,1,22,575,2016,0
171,1,27,575,1990,0
171,1,27,575,1991,0
171,1,27,575,1992,0
171,1,27,575,1993,0
171,1,27,575,1994,0
171,1,27,575,1995,0
171,1,27,575,1996,0
171,1,27,575,1997,0
171,1,27,575,1998,0
171,1,27,575,1999,0
171,1,27,575,2000,0
171,1,27,575,2001,0
171,1,27,575,2002,0
171,1,27,575,2003,0
171,1,27,575,2004,0
171,1,27,575,2005,0
171,1,27,575,2006,0
171,1,27,575,2007,0
171,1,27,575,2008,0
171,1,27,575,2009,0
171,1,27,575,2010,0
171,1,27,575,2011,0
171,1,27,575,2012,0
171,1,27,575,2013,0
171,1,27,575,2014,0
171,1,27,575,2015,0
171,1,27,575,2016,0
171,2,22,575,1990,0
171,2,22,575,1991,0
171,2,22,575,1992,0
171,2,22,575,1993,0
171,2,22,575,1994,0
171,2,22,575,1995,0
171,2,22,575,1996,0
171,2,22,575,1997,0
171,2,22,575,1998,0
171,2,22,575,1999,0
171,2,22,575,2000,0
171,2,22,575,2001,0
171,2,22,575,2002,0
171,2,22,575,2003,0
171,2,22,575,2004,0
171,2,22,575,2005,0
171,2,22,575,2006,0
171,2,22,575,2007,0
171,2,22,575,2008,0
171,2,22,575,2009,0
171,2,22,575,2010,0
171,2,22,575,2011,0
171,2,22,575,2012,0
171,2,22,575,2013,0
171,2,22,575,2014,0
171,2,22,575,2015,0
171,2,22,575,2016,0
171,2,27,575,1990,0
171,2,27,575,1991,0
171,2,27,575,1992,0
171,2,27,575,1993,0
171,2,27,575,1994,0
171,2,27,575,1995,0
171,2,27,575,1996,0
171,2,27,575,1997,0
171,2,27,575,1998,0
171,2,27,575,1999,0
171,2,27,575,2000,0
171,2,27,575,2001,0
171,2,27,575,2002,0
171,2,27,575,2003,0
171,2,27,575,2004,0
171,2,27,575,2005,0
171,2,27,575,2006,0
171,2,27,575,2007,0
171,2,27,575,2008,0
171,2,27,575,2009,0
171,2,27,575,2010,0
171,2,27,575,2011,0
171,2,27,575,2012,0
171,2,27,575,2013,0
171,2,27,575,2014,0
171,2,27,575,2015,0
171,2,27,575,2016,0
171,3,22,575,1990,0
171,3,22,575,1991,0
171,3,22,575,1992,0
171,3,22,575,1993,0
171,3,22,575,1994,0
171,3,22,575,1995,0
171,3,22,575,1996,0
171,3,22,575,1997,0
171,3,22,575,1998,0
171,3,22,575,1999,0
171,3,22,575,2000,0
171,3,22,575,2001,0
171,3,22,575,2002,0
171,3,22,575,2003,0
171,3,22,575,2004,0
171,3,22,575,2005,0
171,3,22,575,2006,0
171,3,22,575,2007,0
171,3,22,575,2008,0
171,3,22,575,2009,0
171,3,22,575,2010,0
171,3,22,575,2011,0
171,3,22,575,2012,0
171,3,22,575,2013,0
171,3,22,575,2014,0
171,3,22,575,2015,0
171,3,22,575,2016,0
171,3,27,575,1990,0
171,3,27,575,1991,0
171,3,27,575,1992,0
171,3,27,575,1993,0
171,3,27,575,1994,0
171,3,27,575,1995,0
171,3,27,575,1996,0
171,3,27,575,1997,0
171,3,27,575,1998,0
171,3,27,575,1999,0
171,3,27,575,2000,0
171,3,27,575,2001,0
171,3,27,575,2002,0
171,3,27,575,2003,0
171,3,27,575,2004,0
171,3,27,575,2005,0
171,3,27,575,2006,0
171,3,27,575,2007,0
171,3,27,575,2008,0
171,3,27,575,2009,0
171,3,27,575,2010,0
171,3,27,575,2011,0
171,3,27,575,2012,0
171,3,27,575,2013,0
171,3,27,575,2014,0
171,3,27,575,2015,0
171,3,27,575,2016,0
172,1,22,575,1990,0
172,1,22,575,1991,0
172,1,22,575,1992,0
172,1,22,575,1993,0
172,1,22,575,1994,0
172,1,22,575,1995,0
172,1,22,575,1996,0
172,1,22,575,1997,0
172,1,22,575,1998,0
172,1,22,575,1999,0
172,1,22,575,2000,0
172,1,22,575,2001,0
172,1,22,575,2002,0
172,1,22,575,2003,0
172,1,22,575,2004,0
172,1,22,575,2005,0
172,1,22,575,2006,0
172,1,22,575,2007,0
172,1,22,575,2008,0
172,1,22,575,2009,0
172,1,22,575,2010,0
172,1,22,575,2011,0
172,1,22,575,2012,0
172,1,22,575,2013,0
172,1,22,575,2014,0
172,1,22,575,2015,0
172,1,22,575,2016,0
172,1,27,575,1990,0
172,1,27,575,1991,0
172,1,27,575,1992,0
172,1,27,575,1993,0
172,1,27,575,1994,0
172,1,27,575,1995,0
172,1,27,575,1996,0
172,1,27,575,1997,0
172,1,27,575,1998,0
172,1,27,575,1999,0
172,1,27,575,2000,0
172,1,27,575,2001,0
172,1,27,575,2002,0
172,1,27,575,2003,0
172,1,27,575,2004,0
172,1,27,575,2005,0
172,1,27,575,2006,0
172,1,27,575,2007,0
172,1,27,575,2008,0
172,1,27,575,2009,0
172,1,27,575,2010,0
172,1,27,575,2011,0
172,1,27,575,2012,0
172,1,27,575,2013,0
172,1,27,575,2014,0
172,1,27,575,2015,0
172,1,27,575,2016,0
172,2,22,575,1990,0
172,2,22,575,1991,0
172,2,22,575,1992,0
172,2,22,575,1993,0
172,2,22,575,1994,0
172,2,22,575,1995,0
172,2,22,575,1996,0
172,2,22,575,1997,0
172,2,22,575,1998,0
172,2,22,575,1999,0
172,2,22,575,2000,0
172,2,22,575,2001,0
172,2,22,575,2002,0
172,2,22,575,2003,0
172,2,22,575,2004,0
172,2,22,575,2005,0
172,2,22,575,2006,0
172,2,22,575,2007,0
172,2,22,575,2008,0
172,2,22,575,2009,0
172,2,22,575,2010,0
172,2,22,575,2011,0
172,2,22,575,2012,0
172,2,22,575,2013,0
172,2,22,575,2014,0
172,2,22,575,2015,0
172,2,22,575,2016,0
172,2,27,575,1990,0
172,2,27,575,1991,0
172,2,27,575,1992,0
172,2,27,575,1993,0
172,2,27,575,1994,0
172,2,27,575,1995,0
172,2,27,575,1996,0
172,2,27,575,1997,0
172,2,27,575,1998,0
172,2,27,575,1999,0
172,2,27,575,2000,0
172,2,27,575,2001,0
172,2,27,575,2002,0
172,2,27,575,2003,0
172,2,27,575,2004,0
172,2,27,575,2005,0
172,2,27,575,2006,0
172,2,27,575,2007,0
172,2,27,575,2008,0
172,2,27,575,2009,0
172,2,27,575,2010,0
172,2,27,575,2011,0
172,2,27,575,2012,0
172,2,27,575,2013,0
172,2,27,575,2014,0
172,2,27,575,2015,0
172,2,27,575,2016,0
172,3,22,575,1990,0
172,3,22,575,1991,0
172,3,22,575,1992,0
172,3,22,575,1993,0
172,3,22,575,1994,0
172,3,22,575,1995,0
172,3,22,575,1996,0
172,3,22,575,1997,0
172,3,22,575,1998,0
172,3,22,575,1999,0
172,3,22,575,2000,0
172,3,22,575,2001,0
172,3,22,575,2002,0
172,3,22,575,2003,0
172,3,22,575,2004,0
172,3,22,575,2005,0
172,3,22,575,2006,0
172,3,22,575,2007,0
172,3,22,575,2008,0
172,3,22,575,2009,0
172,3,22,575,2010,0
172,3,22,575,2011,0
172,3,22,575,2012,0
172,3,22,575,2013,0
172,3,22,575,2014,0
172,3,22,575,2015,0
172,3,22,575,2016,0
172,3,27,575,1990,0
172,3,27,575,1991,0
172,3,27,575,1992,0
172,3,27,575,1993,0
172,3,27,575,1994,0
172,3,27,575,1995,0
172,3,27,575,1996,0
172,3,27,575,1997,0
172,3,27,575,1998,0
172,3,27,575,1999,0
172,3,27,575,2000,0
172,3,27,575,2001,0
172,3,27,575,2002,0
172,3,27,575,2003,0
172,3,27,575,2004,0
172,3,27,575,2005,0
172,3,27,575,2006,0
172,3,27,575,2007,0
172,3,27,575,2008,0
172,3,27,575,2009,0
172,3,27,575,2010,0
172,3,27,575,2011,0
172,3,27,575,2012,0
172,3,27,575,2013,0
172,3,27,575,2014,0
172,3,27,575,2015,0
172,3,27,575,2016,0
173,1,22,575,1990,0
173,1,22,575,1991,0
173,1,22,575,1992,0
173,1,22,575,1993,0
173,1,22,575,1994,0
173,1,22,575,1995,0
173,1,22,575,1996,0
173,1,22,575,1997,0
173,1,22,575,1998,0
173,1,22,575,1999,0
173,1,22,575,2000,0
173,1,22,575,2001,0
173,1,22,575,2002,0
173,1,22,575,2003,0
173,1,22,575,2004,0
173,1,22,575,2005,0
173,1,22,575,2006,0
173,1,22,575,2007,0
173,1,22,575,2008,0
173,1,22,575,2009,0
173,1,22,575,2010,0
173,1,22,575,2011,0
173,1,22,575,2012,0
173,1,22,575,2013,0
173,1,22,575,2014,0
173,1,22,575,2015,0
173,1,22,575,2016,0
173,1,27,575,1990,0
173,1,27,575,1991,0
173,1,27,575,1992,0
173,1,27,575,1993,0
173,1,27,575,1994,0
173,1,27,575,1995,0
173,1,27,575,1996,0
173,1,27,575,1997,0
173,1,27,575,1998,0
173,1,27,575,1999,0
173,1,27,575,2000,0
173,1,27,575,2001,0
173,1,27,575,2002,0
173,1,27,575,2003,0
173,1,27,575,2004,0
173,1,27,575,2005,0
173,1,27,575,2006,0
173,1,27,575,2007,0
173,1,27,575,2008,0
173,1,27,575,2009,0
173,1,27,575,2010,0
173,1,27,575,2011,0
173,1,27,575,2012,0
173,1,27,575,2013,0
173,1,27,575,2014,0
173,1,27,575,2015,0
173,1,27,575,2016,0
173,2,22,575,1990,0
173,2,22,575,1991,0
173,2,22,575,1992,0
173,2,22,575,1993,0
173,2,22,575,1994,0
173,2,22,575,1995,0
173,2,22,575,1996,0
173,2,22,575,1997,0
173,2,22,575,1998,0
173,2,22,575,1999,0
173,2,22,575,2000,0
173,2,22,575,2001,0
173,2,22,575,2002,0
173,2,22,575,2003,0
173,2,22,575,2004,0
173,2,22,575,2005,0
173,2,22,575,2006,0
173,2,22,575,2007,0
173,2,22,575,2008,0
173,2,22,575,2009,0
173,2,22,575,2010,0
173,2,22,575,2011,0
173,2,22,575,2012,0
173,2,22,575,2013,0
173,2,22,575,2014,0
173,2,22,575,2015,0
173,2,22,575,2016,0
173,2,27,575,1990,0
173,2,27,575,1991,0
173,2,27,575,1992,0
173,2,27,575,1993,0
173,2,27,575,1994,0
173,2,27,575,1995,0
173,2,27,575,1996,0
173,2,27,575,1997,0
173,2,27,575,1998,0
173,2,27,575,1999,0
173,2,27,575,2000,0
173,2,27,575,2001,0
173,2,27,575,2002,0
173,2,27,575,2003,0
173,2,27,575,2004,0
173,2,27,575,2005,0
173,2,27,575,2006,0
173,2,27,575,2007,0
173,2,27,575,2008,0
173,2,27,575,2009,0
173,2,27,575,2010,0
173,2,27,575,2011,0
173,2,27,575,2012,0
173,2,27,575,2013,0
173,2,27,575,2014,0
173,2,27,575,2015,0
173,2,27,575,2016,0
173,3,22,575,1990,0
173,3,22,575,1991,0
173,3,22,575,1992,0
173,3,22,575,1993,0
173,3,22,575,1994,0
173,3,22,575,1995,0
173,3,22,575,1996,0
173,3,22,575,1997,0
173,3,22,575,1998,0
173,3,22,575,1999,0
173,3,22,575,2000,0
173,3,22,575,2001,0
173,3,22,575,2002,0
173,3,22,575,2003,0
173,3,22,575,2004,0
173,3,22,575,2005,0
173,3,22,575,2006,0
173,3,22,575,2007,0
173,3,22,575,2008,0
173,3,22,575,2009,0
173,3,22,575,2010,0
173,3,22,575,2011,0
173,3,22,575,2012,0
173,3,22,575,2013,0
173,3,22,575,2014,0
173,3,22,575,2015,0
173,3,22,575,2016,0
173,3,27,575,1990,0
173,3,27,575,1991,0
173,3,27,575,1992,0
173,3,27,575,1993,0
173,3,27,575,1994,0
173,3,27,575,1995,0
173,3,27,575,1996,0
173,3,27,575,1997,0
173,3,27,575,1998,0
173,3,27,575,1999,0
173,3,27,575,2000,0
173,3,27,575,2001,0
173,3,27,575,2002,0
173,3,27,575,2003,0
173,3,27,575,2004,0
173,3,27,575,2005,0
173,3,27,575,2006,0
173,3,27,575,2007,0
173,3,27,575,2008,0
173,3,27,575,2009,0
173,3,27,575,2010,0
173,3,27,575,2011,0
173,3,27,575,2012,0
173,3,27,575,2013,0
173,3,27,575,2014,0
173,3,27,575,2015,0
173,3,27,575,2016,0
175,1,22,575,1990,0
175,1,22,575,1991,0
175,1,22,575,1992,0
175,1,22,575,1993,0
175,1,22,575,1994,0
175,1,22,575,1995,0
175,1,22,575,1996,0
175,1,22,575,1997,0
175,1,22,575,1998,0
175,1,22,575,1999,0
175,1,22,575,2000,0
175,1,22,575,2001,0
175,1,22,575,2002,0
175,1,22,575,2003,0
175,1,22,575,2004,0
175,1,22,575,2005,0
175,1,22,575,2006,0
175,1,22,575,2007,0
175,1,22,575,2008,0
175,1,22,575,2009,0
175,1,22,575,2010,0
175,1,22,575,2011,0
175,1,22,575,2012,0
175,1,22,575,2013,0
175,1,22,575,2014,0
175,1,22,575,2015,0
175,1,22,575,2016,0
175,1,27,575,1990,0
175,1,27,575,1991,0
175,1,27,575,1992,0
175,1,27,575,1993,0
175,1,27,575,1994,0
175,1,27,575,1995,0
175,1,27,575,1996,0
175,1,27,575,1997,0
175,1,27,575,1998,0
175,1,27,575,1999,0
175,1,27,575,2000,0
175,1,27,575,2001,0
175,1,27,575,2002,0
175,1,27,575,2003,0
175,1,27,575,2004,0
175,1,27,575,2005,0
175,1,27,575,2006,0
175,1,27,575,2007,0
175,1,27,575,2008,0
175,1,27,575,2009,0
175,1,27,575,2010,0
175,1,27,575,2011,0
175,1,27,575,2012,0
175,1,27,575,2013,0
175,1,27,575,2014,0
175,1,27,575,2015,0
175,1,27,575,2016,0
175,2,22,575,1990,0
175,2,22,575,1991,0
175,2,22,575,1992,0
175,2,22,575,1993,0
175,2,22,575,1994,0
175,2,22,575,1995,0
175,2,22,575,1996,0
175,2,22,575,1997,0
175,2,22,575,1998,0
175,2,22,575,1999,0
175,2,22,575,2000,0
175,2,22,575,2001,0
175,2,22,575,2002,0
175,2,22,575,2003,0
175,2,22,575,2004,0
175,2,22,575,2005,0
175,2,22,575,2006,0
175,2,22,575,2007,0
175,2,22,575,2008,0
175,2,22,575,2009,0
175,2,22,575,2010,0
175,2,22,575,2011,0
175,2,22,575,2012,0
175,2,22,575,2013,0
175,2,22,575,2014,0
175,2,22,575,2015,0
175,2,22,575,2016,0
175,2,27,575,1990,0
175,2,27,575,1991,0
175,2,27,575,1992,0
175,2,27,575,1993,0
175,2,27,575,1994,0
175,2,27,575,1995,0
175,2,27,575,1996,0
175,2,27,575,1997,0
175,2,27,575,1998,0
175,2,27,575,1999,0
175,2,27,575,2000,0
175,2,27,575,2001,0
175,2,27,575,2002,0
175,2,27,575,2003,0
175,2,27,575,2004,0
175,2,27,575,2005,0
175,2,27,575,2006,0
175,2,27,575,2007,0
175,2,27,575,2008,0
175,2,27,575,2009,0
175,2,27,575,2010,0
175,2,27,575,2011,0
175,2,27,575,2012,0
175,2,27,575,2013,0
175,2,27,575,2014,0
175,2,27,575,2015,0
175,2,27,575,2016,0
175,3,22,575,1990,0
175,3,22,575,1991,0
175,3,22,575,1992,0
175,3,22,575,1993,0
175,3,22,575,1994,0
175,3,22,575,1995,0
175,3,22,575,1996,0
175,3,22,575,1997,0
175,3,22,575,1998,0
175,3,22,575,1999,0
175,3,22,575,2000,0
175,3,22,575,2001,0
175,3,22,575,2002,0
175,3,22,575,2003,0
175,3,22,575,2004,0
175,3,22,575,2005,0
175,3,22,575,2006,0
175,3,22,575,2007,0
175,3,22,575,2008,0
175,3,22,575,2009,0
175,3,22,575,2010,0
175,3,22,575,2011,0
175,3,22,575,2012,0
175,3,22,575,2013,0
175,3,22,575,2014,0
175,3,22,575,2015,0
175,3,22,575,2016,0
175,3,27,575,1990,0
175,3,27,575,1991,0
175,3,27,575,1992,0
175,3,27,575,1993,0
175,3,27,575,1994,0
175,3,27,575,1995,0
175,3,27,575,1996,0
175,3,27,575,1997,0
175,3,27,575,1998,0
175,3,27,575,1999,0
175,3,27,575,2000,0
175,3,27,575,2001,0
175,3,27,575,2002,0
175,3,27,575,2003,0
175,3,27,575,2004,0
175,3,27,575,2005,0
175,3,27,575,2006,0
175,3,27,575,2007,0
175,3,27,575,2008,0
175,3,27,575,2009,0
175,3,27,575,2010,0
175,3,27,575,2011,0
175,3,27,575,2012,0
175,3,27,575,2013,0
175,3,27,575,2014,0
175,3,27,575,2015,0
175,3,27,575,2016,0
176,1,22,575,1990,0
176,1,22,575,1991,0
176,1,22,575,1992,0
176,1,22,575,1993,0
176,1,22,575,1994,0
176,1,22,575,1995,0
176,1,22,575,1996,0
176,1,22,575,1997,0
176,1,22,575,1998,0
176,1,22,575,1999,0
176,1,22,575,2000,0
176,1,22,575,2001,0
176,1,22,575,2002,0
176,1,22,575,2003,0
176,1,22,575,2004,0
176,1,22,575,2005,0
176,1,22,575,2006,0
176,1,22,575,2007,0
176,1,22,575,2008,0
176,1,22,575,2009,0
176,1,22,575,2010,0
176,1,22,575,2011,0
176,1,22,575,2012,0
176,1,22,575,2013,0
176,1,22,575,2014,0
176,1,22,575,2015,0
176,1,22,575,2016,0
176,1,27,575,1990,0
176,1,27,575,1991,0
176,1,27,575,1992,0
176,1,27,575,1993,0
176,1,27,575,1994,0
176,1,27,575,1995,0
176,1,27,575,1996,0
176,1,27,575,1997,0
176,1,27,575,1998,0
176,1,27,575,1999,0
176,1,27,575,2000,0
176,1,27,575,2001,0
176,1,27,575,2002,0
176,1,27,575,2003,0
176,1,27,575,2004,0
176,1,27,575,2005,0
176,1,27,575,2006,0
176,1,27,575,2007,0
176,1,27,575,2008,0
176,1,27,575,2009,0
176,1,27,575,2010,0
176,1,27,575,2011,0
176,1,27,575,2012,0
176,1,27,575,2013,0
176,1,27,575,2014,0
176,1,27,575,2015,0
176,1,27,575,2016,0
176,2,22,575,1990,0
176,2,22,575,1991,0
176,2,22,575,1992,0
176,2,22,575,1993,0
176,2,22,575,1994,0
176,2,22,575,1995,0
176,2,22,575,1996,0
176,2,22,575,1997,0
176,2,22,575,1998,0
176,2,22,575,1999,0
176,2,22,575,2000,0
176,2,22,575,2001,0
176,2,22,575,2002,0
176,2,22,575,2003,0
176,2,22,575,2004,0
176,2,22,575,2005,0
176,2,22,575,2006,0
176,2,22,575,2007,0
176,2,22,575,2008,0
176,2,22,575,2009,0
176,2,22,575,2010,0
176,2,22,575,2011,0
176,2,22,575,2012,0
176,2,22,575,2013,0
176,2,22,575,2014,0
176,2,22,575,2015,0
176,2,22,575,2016,0
176,2,27,575,1990,0
176,2,27,575,1991,0
176,2,27,575,1992,0
176,2,27,575,1993,0
176,2,27,575,1994,0
176,2,27,575,1995,0
176,2,27,575,1996,0
176,2,27,575,1997,0
176,2,27,575,1998,0
176,2,27,575,1999,0
176,2,27,575,2000,0
176,2,27,575,2001,0
176,2,27,575,2002,0
176,2,27,575,2003,0
176,2,27,575,2004,0
176,2,27,575,2005,0
176,2,27,575,2006,0
176,2,27,575,2007,0
176,2,27,575,2008,0
176,2,27,575,2009,0
176,2,27,575,2010,0
176,2,27,575,2011,0
176,2,27,575,2012,0
176,2,27,575,2013,0
176,2,27,575,2014,0
176,2,27,575,2015,0
176,2,27,575,2016,0
176,3,22,575,1990,0
176,3,22,575,1991,0
176,3,22,575,1992,0
176,3,22,575,1993,0
176,3,22,575,1994,0
176,3,22,575,1995,0
176,3,22,575,1996,0
176,3,22,575,1997,0
176,3,22,575,1998,0
176,3,22,575,1999,0
176,3,22,575,2000,0
176,3,22,575,2001,0
176,3,22,575,2002,0
176,3,22,575,2003,0
176,3,22,575,2004,0
176,3,22,575,2005,0
176,3,22,575,2006,0
176,3,22,575,2007,0
176,3,22,575,2008,0
176,3,22,575,2009,0
176,3,22,575,2010,0
176,3,22,575,2011,0
176,3,22,575,2012,0
176,3,22,575,2013,0
176,3,22,575,2014,0
176,3,22,575,2015,0
176,3,22,575,2016,0
176,3,27,575,1990,0
176,3,27,575,1991,0
176,3,27,575,1992,0
176,3,27,575,1993,0
176,3,27,575,1994,0
176,3,27,575,1995,0
176,3,27,575,1996,0
176,3,27,575,1997,0
176,3,27,575,1998,0
176,3,27,575,1999,0
176,3,27,575,2000,0
176,3,27,575,2001,0
176,3,27,575,2002,0
176,3,27,575,2003,0
176,3,27,575,2004,0
176,3,27,575,2005,0
176,3,27,575,2006,0
176,3,27,575,2007,0
176,3,27,575,2008,0
176,3,27,575,2009,0
176,3,27,575,2010,0
176,3,27,575,2011,0
176,3,27,575,2012,0
176,3,27,575,2013,0
176,3,27,575,2014,0
176,3,27,575,2015,0
176,3,27,575,2016,0
177,1,22,575,1990,0
177,1,22,575,1991,0
177,1,22,575,1992,0
177,1,22,575,1993,0
177,1,22,575,1994,0
177,1,22,575,1995,0
177,1,22,575,1996,0
177,1,22,575,1997,0
177,1,22,575,1998,0
177,1,22,575,1999,0
177,1,22,575,2000,0
177,1,22,575,2001,0
177,1,22,575,2002,0
177,1,22,575,2003,0
177,1,22,575,2004,0
177,1,22,575,2005,0
177,1,22,575,2006,0
177,1,22,575,2007,0
177,1,22,575,2008,0
177,1,22,575,2009,0
177,1,22,575,2010,0
177,1,22,575,2011,0
177,1,22,575,2012,0
177,1,22,575,2013,0
177,1,22,575,2014,0
177,1,22,575,2015,0
177,1,22,575,2016,0
177,1,27,575,1990,0
177,1,27,575,1991,0
177,1,27,575,1992,0
177,1,27,575,1993,0
177,1,27,575,1994,0
177,1,27,575,1995,0
177,1,27,575,1996,0
177,1,27,575,1997,0
177,1,27,575,1998,0
177,1,27,575,1999,0
177,1,27,575,2000,0
177,1,27,575,2001,0
177,1,27,575,2002,0
177,1,27,575,2003,0
177,1,27,575,2004,0
177,1,27,575,2005,0
177,1,27,575,2006,0
177,1,27,575,2007,0
177,1,27,575,2008,0
177,1,27,575,2009,0
177,1,27,575,2010,0
177,1,27,575,2011,0
177,1,27,575,2012,0
177,1,27,575,2013,0
177,1,27,575,2014,0
177,1,27,575,2015,0
177,1,27,575,2016,0
177,2,22,575,1990,0
177,2,22,575,1991,0
177,2,22,575,1992,0
177,2,22,575,1993,0
177,2,22,575,1994,0
177,2,22,575,1995,0
177,2,22,575,1996,0
177,2,22,575,1997,0
177,2,22,575,1998,0
177,2,22,575,1999,0
177,2,22,575,2000,0
177,2,22,575,2001,0
177,2,22,575,2002,0
177,2,22,575,2003,0
177,2,22,575,2004,0
177,2,22,575,2005,0
177,2,22,575,2006,0
177,2,22,575,2007,0
177,2,22,575,2008,0
177,2,22,575,2009,0
177,2,22,575,2010,0
177,2,22,575,2011,0
177,2,22,575,2012,0
177,2,22,575,2013,0
177,2,22,575,2014,0
177,2,22,575,2015,0
177,2,22,575,2016,0
177,2,27,575,1990,0
177,2,27,575,1991,0
177,2,27,575,1992,0
177,2,27,575,1993,0
177,2,27,575,1994,0
177,2,27,575,1995,0
177,2,27,575,1996,0
177,2,27,575,1997,0
177,2,27,575,1998,0
177,2,27,575,1999,0
177,2,27,575,2000,0
177,2,27,575,2001,0
177,2,27,575,2002,0
177,2,27,575,2003,0
177,2,27,575,2004,0
177,2,27,575,2005,0
177,2,27,575,2006,0
177,2,27,575,2007,0
177,2,27,575,2008,0
177,2,27,575,2009,0
177,2,27,575,2010,0
177,2,27,575,2011,0
177,2,27,575,2012,0
177,2,27,575,2013,0
177,2,27,575,2014,0
177,2,27,575,2015,0
177,2,27,575,2016,0
177,3,22,575,1990,0
177,3,22,575,1991,0
177,3,22,575,1992,0
177,3,22,575,1993,0
177,3,22,575,1994,0
177,3,22,575,1995,0
177,3,22,575,1996,0
177,3,22,575,1997,0
177,3,22,575,1998,0
177,3,22,575,1999,0
177,3,22,575,2000,0
177,3,22,575,2001,0
177,3,22,575,2002,0
177,3,22,575,2003,0
177,3,22,575,2004,0
177,3,22,575,2005,0
177,3,22,575,2006,0
177,3,22,575,2007,0
177,3,22,575,2008,0
177,3,22,575,2009,0
177,3,22,575,2010,0
177,3,22,575,2011,0
177,3,22,575,2012,0
177,3,22,575,2013,0
177,3,22,575,2014,0
177,3,22,575,2015,0
177,3,22,575,2016,0
177,3,27,575,1990,0
177,3,27,575,1991,0
177,3,27,575,1992,0
177,3,27,575,1993,0
177,3,27,575,1994,0
177,3,27,575,1995,0
177,3,27,575,1996,0
177,3,27,575,1997,0
177,3,27,575,1998,0
177,3,27,575,1999,0
177,3,27,575,2000,0
177,3,27,575,2001,0
177,3,27,575,2002,0
177,3,27,575,2003,0
177,3,27,575,2004,0
177,3,27,575,2005,0
177,3,27,575,2006,0
177,3,27,575,2007,0
177,3,27,575,2008,0
177,3,27,575,2009,0
177,3,27,575,2010,0
177,3,27,575,2011,0
177,3,27,575,2012,0
177,3,27,575,2013,0
177,3,27,575,2014,0
177,3,27,575,2015,0
177,3,27,575,2016,0
178,1,22,575,1990,0
178,1,22,575,1991,0
178,1,22,575,1992,0
178,1,22,575,1993,0
178,1,22,575,1994,0
178,1,22,575,1995,0
178,1,22,575,1996,0
178,1,22,575,1997,0
178,1,22,575,1998,0
178,1,22,575,1999,0
178,1,22,575,2000,0
178,1,22,575,2001,0
178,1,22,575,2002,0
178,1,22,575,2003,0
178,1,22,575,2004,0
178,1,22,575,2005,0
178,1,22,575,2006,0
178,1,22,575,2007,0
178,1,22,575,2008,0
178,1,22,575,2009,0
178,1,22,575,2010,0
178,1,22,575,2011,0
178,1,22,575,2012,0
178,1,22,575,2013,0
178,1,22,575,2014,0
178,1,22,575,2015,0
178,1,22,575,2016,0
178,1,27,575,1990,0
178,1,27,575,1991,0
178,1,27,575,1992,0
178,1,27,575,1993,0
178,1,27,575,1994,0
178,1,27,575,1995,0
178,1,27,575,1996,0
178,1,27,575,1997,0
178,1,27,575,1998,0
178,1,27,575,1999,0
178,1,27,575,2000,0
178,1,27,575,2001,0
178,1,27,575,2002,0
178,1,27,575,2003,0
178,1,27,575,2004,0
178,1,27,575,2005,0
178,1,27,575,2006,0
178,1,27,575,2007,0
178,1,27,575,2008,0
178,1,27,575,2009,0
178,1,27,575,2010,0
178,1,27,575,2011,0
178,1,27,575,2012,0
178,1,27,575,2013,0
178,1,27,575,2014,0
178,1,27,575,2015,0
178,1,27,575,2016,0
178,2,22,575,1990,0
178,2,22,575,1991,0
178,2,22,575,1992,0
178,2,22,575,1993,0
178,2,22,575,1994,0
178,2,22,575,1995,0
178,2,22,575,1996,0
178,2,22,575,1997,0
178,2,22,575,1998,0
178,2,22,575,1999,0
178,2,22,575,2000,0
178,2,22,575,2001,0
178,2,22,575,2002,0
178,2,22,575,2003,0
178,2,22,575,2004,0
178,2,22,575,2005,0
178,2,22,575,2006,0
178,2,22,575,2007,0
178,2,22,575,2008,0
178,2,22,575,2009,0
178,2,22,575,2010,0
178,2,22,575,2011,0
178,2,22,575,2012,0
178,2,22,575,2013,0
178,2,22,575,2014,0
178,2,22,575,2015,0
178,2,22,575,2016,0
178,2,27,575,1990,0
178,2,27,575,1991,0
178,2,27,575,1992,0
178,2,27,575,1993,0
178,2,27,575,1994,0
178,2,27,575,1995,0
178,2,27,575,1996,0
178,2,27,575,1997,0
178,2,27,575,1998,0
178,2,27,575,1999,0
178,2,27,575,2000,0
178,2,27,575,2001,0
178,2,27,575,2002,0
178,2,27,575,2003,0
178,2,27,575,2004,0
178,2,27,575,2005,0
178,2,27,575,2006,0
178,2,27,575,2007,0
178,2,27,575,2008,0
178,2,27,575,2009,0
178,2,27,575,2010,0
178,2,27,575,2011,0
178,2,27,575,2012,0
178,2,27,575,2013,0
178,2,27,575,2014,0
178,2,27,575,2015,0
178,2,27,575,2016,0
178,3,22,575,1990,0
178,3,22,575,1991,0
178,3,22,575,1992,0
178,3,22,575,1993,0
178,3,22,575,1994,0
178,3,22,575,1995,0
178,3,22,575,1996,0
178,3,22,575,1997,0
178,3,22,575,1998,0
178,3,22,575,1999,0
178,3,22,575,2000,0
178,3,22,575,2001,0
178,3,22,575,2002,0
178,3,22,575,2003,0
178,3,22,575,2004,0
178,3,22,575,2005,0
178,3,22,575,2006,0
178,3,22,575,2007,0
178,3,22,575,2008,0
178,3,22,575,2009,0
178,3,22,575,2010,0
178,3,22,575,2011,0
178,3,22,575,2012,0
178,3,22,575,2013,0
178,3,22,575,2014,0
178,3,22,575,2015,0
178,3,22,575,2016,0
178,3,27,575,1990,0
178,3,27,575,1991,0
178,3,27,575,1992,0
178,3,27,575,1993,0
178,3,27,575,1994,0
178,3,27,575,1995,0
178,3,27,575,1996,0
178,3,27,575,1997,0
178,3,27,575,1998,0
178,3,27,575,1999,0
178,3,27,575,2000,0
178,3,27,575,2001,0
178,3,27,575,2002,0
178,3,27,575,2003,0
178,3,27,575,2004,0
178,3,27,575,2005,0
178,3,27,575,2006,0
178,3,27,575,2007,0
178,3,27,575,2008,0
178,3,27,575,2009,0
178,3,27,575,2010,0
178,3,27,575,2011,0
178,3,27,575,2012,0
178,3,27,575,2013,0
178,3,27,575,2014,0
178,3,27,575,2015,0
178,3,27,575,2016,0
179,1,22,575,1990,0
179,1,22,575,1991,0
179,1,22,575,1992,0
179,1,22,575,1993,0
179,1,22,575,1994,0
179,1,22,575,1995,0
179,1,22,575,1996,0
179,1,22,575,1997,0
179,1,22,575,1998,0
179,1,22,575,1999,0
179,1,22,575,2000,0
179,1,22,575,2001,0
179,1,22,575,2002,0
179,1,22,575,2003,0
179,1,22,575,2004,0
179,1,22,575,2005,0
179,1,22,575,2006,0
179,1,22,575,2007,0
179,1,22,575,2008,0
179,1,22,575,2009,0
179,1,22,575,2010,0
179,1,22,575,2011,0
179,1,22,575,2012,0
179,1,22,575,2013,0
179,1,22,575,2014,0
179,1,22,575,2015,0
179,1,22,575,2016,0
179,1,27,575,1990,0
179,1,27,575,1991,0
179,1,27,575,1992,0
179,1,27,575,1993,0
179,1,27,575,1994,0
179,1,27,575,1995,0
179,1,27,575,1996,0
179,1,27,575,1997,0
179,1,27,575,1998,0
179,1,27,575,1999,0
179,1,27,575,2000,0
179,1,27,575,2001,0
179,1,27,575,2002,0
179,1,27,575,2003,0
179,1,27,575,2004,0
179,1,27,575,2005,0
179,1,27,575,2006,0
179,1,27,575,2007,0
179,1,27,575,2008,0
179,1,27,575,2009,0
179,1,27,575,2010,0
179,1,27,575,2011,0
179,1,27,575,2012,0
179,1,27,575,2013,0
179,1,27,575,2014,0
179,1,27,575,2015,0
179,1,27,575,2016,0
179,2,22,575,1990,0
179,2,22,575,1991,0
179,2,22,575,1992,0
179,2,22,575,1993,0
179,2,22,575,1994,0
179,2,22,575,1995,0
179,2,22,575,1996,0
179,2,22,575,1997,0
179,2,22,575,1998,0
179,2,22,575,1999,0
179,2,22,575,2000,0
179,2,22,575,2001,0
179,2,22,575,2002,0
179,2,22,575,2003,0
179,2,22,575,2004,0
179,2,22,575,2005,0
179,2,22,575,2006,0
179,2,22,575,2007,0
179,2,22,575,2008,0
179,2,22,575,2009,0
179,2,22,575,2010,0
179,2,22,575,2011,0
179,2,22,575,2012,0
179,2,22,575,2013,0
179,2,22,575,2014,0
179,2,22,575,2015,0
179,2,22,575,2016,0
179,2,27,575,1990,0
179,2,27,575,1991,0
179,2,27,575,1992,0
179,2,27,575,1993,0
179,2,27,575,1994,0
179,2,27,575,1995,0
179,2,27,575,1996,0
179,2,27,575,1997,0
179,2,27,575,1998,0
179,2,27,575,1999,0
179,2,27,575,2000,0
179,2,27,575,2001,0
179,2,27,575,2002,0
179,2,27,575,2003,0
179,2,27,575,2004,0
179,2,27,575,2005,0
179,2,27,575,2006,0
179,2,27,575,2007,0
179,2,27,575,2008,0
179,2,27,575,2009,0
179,2,27,575,2010,0
179,2,27,575,2011,0
179,2,27,575,2012,0
179,2,27,575,2013,0
179,2,27,575,2014,0
179,2,27,575,2015,0
179,2,27,575,2016,0
179,3,22,575,1990,0
179,3,22,575,1991,0
179,3,22,575,1992,0
179,3,22,575,1993,0
179,3,22,575,1994,0
179,3,22,575,1995,0
179,3,22,575,1996,0
179,3,22,575,1997,0
179,3,22,575,1998,0
179,3,22,575,1999,0
179,3,22,575,2000,0
179,3,22,575,2001,0
179,3,22,575,2002,0
179,3,22,575,2003,0
179,3,22,575,2004,0
179,3,22,575,2005,0
179,3,22,575,2006,0
179,3,22,575,2007,0
179,3,22,575,2008,0
179,3,22,575,2009,0
179,3,22,575,2010,0
179,3,22,575,2011,0
179,3,22,575,2012,0
179,3,22,575,2013,0
179,3,22,575,2014,0
179,3,22,575,2015,0
179,3,22,575,2016,0
179,3,27,575,1990,0
179,3,27,575,1991,0
179,3,27,575,1992,0
179,3,27,575,1993,0
179,3,27,575,1994,0
179,3,27,575,1995,0
179,3,27,575,1996,0
179,3,27,575,1997,0
179,3,27,575,1998,0
179,3,27,575,1999,0
179,3,27,575,2000,0
179,3,27,575,2001,0
179,3,27,575,2002,0
179,3,27,575,2003,0
179,3,27,575,2004,0
179,3,27,575,2005,0
179,3,27,575,2006,0
179,3,27,575,2007,0
179,3,27,575,2008,0
179,3,27,575,2009,0
179,3,27,575,2010,0
179,3,27,575,2011,0
179,3,27,575,2012,0
179,3,27,575,2013,0
179,3,27,575,2014,0
179,3,27,575,2015,0
179,3,27,575,2016,0
180,1,22,575,1990,0
180,1,22,575,1991,0
180,1,22,575,1992,0
180,1,22,575,1993,0
180,1,22,575,1994,0
180,1,22,575,1995,0
180,1,22,575,1996,0
180,1,22,575,1997,0
180,1,22,575,1998,0
180,1,22,575,1999,0
180,1,22,575,2000,0
180,1,22,575,2001,0
180,1,22,575,2002,0
180,1,22,575,2003,0
180,1,22,575,2004,0
180,1,22,575,2005,0
180,1,22,575,2006,0
180,1,22,575,2007,0
180,1,22,575,2008,0
180,1,22,575,2009,0
180,1,22,575,2010,0
180,1,22,575,2011,0
180,1,22,575,2012,0
180,1,22,575,2013,0
180,1,22,575,2014,0
180,1,22,575,2015,0
180,1,22,575,2016,0
180,1,27,575,1990,0
180,1,27,575,1991,0
180,1,27,575,1992,0
180,1,27,575,1993,0
180,1,27,575,1994,0
180,1,27,575,1995,0
180,1,27,575,1996,0
180,1,27,575,1997,0
180,1,27,575,1998,0
180,1,27,575,1999,0
180,1,27,575,2000,0
180,1,27,575,2001,0
180,1,27,575,2002,0
180,1,27,575,2003,0
180,1,27,575,2004,0
180,1,27,575,2005,0
180,1,27,575,2006,0
180,1,27,575,2007,0
180,1,27,575,2008,0
180,1,27,575,2009,0
180,1,27,575,2010,0
180,1,27,575,2011,0
180,1,27,575,2012,0
180,1,27,575,2013,0
180,1,27,575,2014,0
180,1,27,575,2015,0
180,1,27,575,2016,0
180,2,22,575,1990,0
180,2,22,575,1991,0
180,2,22,575,1992,0
180,2,22,575,1993,0
180,2,22,575,1994,0
180,2,22,575,1995,0
180,2,22,575,1996,0
180,2,22,575,1997,0
180,2,22,575,1998,0
180,2,22,575,1999,0
180,2,22,575,2000,0
180,2,22,575,2001,0
180,2,22,575,2002,0
180,2,22,575,2003,0
180,2,22,575,2004,0
180,2,22,575,2005,0
180,2,22,575,2006,0
180,2,22,575,2007,0
180,2,22,575,2008,0
180,2,22,575,2009,0
180,2,22,575,2010,0
180,2,22,575,2011,0
180,2,22,575,2012,0
180,2,22,575,2013,0
180,2,22,575,2014,0
180,2,22,575,2015,0
180,2,22,575,2016,0
180,2,27,575,1990,0
180,2,27,575,1991,0
180,2,27,575,1992,0
180,2,27,575,1993,0
180,2,27,575,1994,0
180,2,27,575,1995,0
180,2,27,575,1996,0
180,2,27,575,1997,0
180,2,27,575,1998,0
180,2,27,575,1999,0
180,2,27,575,2000,0
180,2,27,575,2001,0
180,2,27,575,2002,0
180,2,27,575,2003,0
180,2,27,575,2004,0
180,2,27,575,2005,0
180,2,27,575,2006,0
180,2,27,575,2007,0
180,2,27,575,2008,0
180,2,27,575,2009,0
180,2,27,575,2010,0
180,2,27,575,2011,0
180,2,27,575,2012,0
180,2,27,575,2013,0
180,2,27,575,2014,0
180,2,27,575,2015,0
180,2,27,575,2016,0
180,3,22,575,1990,0
180,3,22,575,1991,0
180,3,22,575,1992,0
180,3,22,575,1993,0
180,3,22,575,1994,0
180,3,22,575,1995,0
180,3,22,575,1996,0
180,3,22,575,1997,0
180,3,22,575,1998,0
180,3,22,575,1999,0
180,3,22,575,2000,0
180,3,22,575,2001,0
180,3,22,575,2002,0
180,3,22,575,2003,0
180,3,22,575,2004,0
180,3,22,575,2005,0
180,3,22,575,2006,0
180,3,22,575,2007,0
180,3,22,575,2008,0
180,3,22,575,2009,0
180,3,22,575,2010,0
180,3,22,575,2011,0
180,3,22,575,2012,0
180,3,22,575,2013,0
180,3,22,575,2014,0
180,3,22,575,2015,0
180,3,22,575,2016,0
180,3,27,575,1990,0
180,3,27,575,1991,0
180,3,27,575,1992,0
180,3,27,575,1993,0
180,3,27,575,1994,0
180,3,27,575,1995,0
180,3,27,575,1996,0
180,3,27,575,1997,0
180,3,27,575,1998,0
180,3,27,575,1999,0
180,3,27,575,2000,0
180,3,27,575,2001,0
180,3,27,575,2002,0
180,3,27,575,2003,0
180,3,27,575,2004,0
180,3,27,575,2005,0
180,3,27,575,2006,0
180,3,27,575,2007,0
180,3,27,575,2008,0
180,3,27,575,2009,0
180,3,27,575,2010,0
180,3,27,575,2011,0
180,3,27,575,2012,0
180,3,27,575,2013,0
180,3,27,575,2014,0
180,3,27,575,2015,0
180,3,27,575,2016,0
181,1,22,575,1990,0
181,1,22,575,1991,0
181,1,22,575,1992,0
181,1,22,575,1993,0
181,1,22,575,1994,0
181,1,22,575,1995,0
181,1,22,575,1996,0
181,1,22,575,1997,0
181,1,22,575,1998,0
181,1,22,575,1999,0
181,1,22,575,2000,0
181,1,22,575,2001,0
181,1,22,575,2002,0
181,1,22,575,2003,0
181,1,22,575,2004,0
181,1,22,575,2005,0
181,1,22,575,2006,0
181,1,22,575,2007,0
181,1,22,575,2008,0
181,1,22,575,2009,0
181,1,22,575,2010,0
181,1,22,575,2011,0
181,1,22,575,2012,0
181,1,22,575,2013,0
181,1,22,575,2014,0
181,1,22,575,2015,0
181,1,22,575,2016,0
181,1,27,575,1990,0
181,1,27,575,1991,0
181,1,27,575,1992,0
181,1,27,575,1993,0
181,1,27,575,1994,0
181,1,27,575,1995,0
181,1,27,575,1996,0
181,1,27,575,1997,0
181,1,27,575,1998,0
181,1,27,575,1999,0
181,1,27,575,2000,0
181,1,27,575,2001,0
181,1,27,575,2002,0
181,1,27,575,2003,0
181,1,27,575,2004,0
181,1,27,575,2005,0
181,1,27,575,2006,0
181,1,27,575,2007,0
181,1,27,575,2008,0
181,1,27,575,2009,0
181,1,27,575,2010,0
181,1,27,575,2011,0
181,1,27,575,2012,0
181,1,27,575,2013,0
181,1,27,575,2014,0
181,1,27,575,2015,0
181,1,27,575,2016,0
181,2,22,575,1990,0
181,2,22,575,1991,0
181,2,22,575,1992,0
181,2,22,575,1993,0
181,2,22,575,1994,0
181,2,22,575,1995,0
181,2,22,575,1996,0
181,2,22,575,1997,0
181,2,22,575,1998,0
181,2,22,575,1999,0
181,2,22,575,2000,0
181,2,22,575,2001,0
181,2,22,575,2002,0
181,2,22,575,2003,0
181,2,22,575,2004,0
181,2,22,575,2005,0
181,2,22,575,2006,0
181,2,22,575,2007,0
181,2,22,575,2008,0
181,2,22,575,2009,0
181,2,22,575,2010,0
181,2,22,575,2011,0
181,2,22,575,2012,0
181,2,22,575,2013,0
181,2,22,575,2014,0
181,2,22,575,2015,0
181,2,22,575,2016,0
181,2,27,575,1990,0
181,2,27,575,1991,0
181,2,27,575,1992,0
181,2,27,575,1993,0
181,2,27,575,1994,0
181,2,27,575,1995,0
181,2,27,575,1996,0
181,2,27,575,1997,0
181,2,27,575,1998,0
181,2,27,575,1999,0
181,2,27,575,2000,0
181,2,27,575,2001,0
181,2,27,575,2002,0
181,2,27,575,2003,0
181,2,27,575,2004,0
181,2,27,575,2005,0
181,2,27,575,2006,0
181,2,27,575,2007,0
181,2,27,575,2008,0
181,2,27,575,2009,0
181,2,27,575,2010,0
181,2,27,575,2011,0
181,2,27,575,2012,0
181,2,27,575,2013,0
181,2,27,575,2014,0
181,2,27,575,2015,0
181,2,27,575,2016,0
181,3,22,575,1990,0
181,3,22,575,1991,0
181,3,22,575,1992,0
181,3,22,575,1993,0
181,3,22,575,1994,0
181,3,22,575,1995,0
181,3,22,575,1996,0
181,3,22,575,1997,0
181,3,22,575,1998,0
181,3,22,575,1999,0
181,3,22,575,2000,0
181,3,22,575,2001,0
181,3,22,575,2002,0
181,3,22,575,2003,0
181,3,22,575,2004,0
181,3,22,575,2005,0
181,3,22,575,2006,0
181,3,22,575,2007,0
181,3,22,575,2008,0
181,3,22,575,2009,0
181,3,22,575,2010,0
181,3,22,575,2011,0
181,3,22,575,2012,0
181,3,22,575,2013,0
181,3,22,575,2014,0
181,3,22,575,2015,0
181,3,22,575,2016,0
181,3,27,575,1990,0
181,3,27,575,1991,0
181,3,27,575,1992,0
181,3,27,575,1993,0
181,3,27,575,1994,0
181,3,27,575,1995,0
181,3,27,575,1996,0
181,3,27,575,1997,0
181,3,27,575,1998,0
181,3,27,575,1999,0
181,3,27,575,2000,0
181,3,27,575,2001,0
181,3,27,575,2002,0
181,3,27,575,2003,0
181,3,27,575,2004,0
181,3,27,575,2005,0
181,3,27,575,2006,0
181,3,27,575,2007,0
181,3,27,575,2008,0
181,3,27,575,2009,0
181,3,27,575,2010,0
181,3,27,575,2011,0
181,3,27,575,2012,0
181,3,27,575,2013,0
181,3,27,575,2014,0
181,3,27,575,2015,0
181,3,27,575,2016,0
182,1,22,575,1990,0
182,1,22,575,1991,0
182,1,22,575,1992,0
182,1,22,575,1993,0
182,1,22,575,1994,0
182,1,22,575,1995,0
182,1,22,575,1996,0
182,1,22,575,1997,0
182,1,22,575,1998,0
182,1,22,575,1999,0
182,1,22,575,2000,0
182,1,22,575,2001,0
182,1,22,575,2002,0
182,1,22,575,2003,0
182,1,22,575,2004,0
182,1,22,575,2005,0
182,1,22,575,2006,0
182,1,22,575,2007,0
182,1,22,575,2008,0
182,1,22,575,2009,0
182,1,22,575,2010,0
182,1,22,575,2011,0
182,1,22,575,2012,0
182,1,22,575,2013,0
182,1,22,575,2014,0
182,1,22,575,2015,0
182,1,22,575,2016,0
182,1,27,575,1990,0
182,1,27,575,1991,0
182,1,27,575,1992,0
182,1,27,575,1993,0
182,1,27,575,1994,0
182,1,27,575,1995,0
182,1,27,575,1996,0
182,1,27,575,1997,0
182,1,27,575,1998,0
182,1,27,575,1999,0
182,1,27,575,2000,0
182,1,27,575,2001,0
182,1,27,575,2002,0
182,1,27,575,2003,0
182,1,27,575,2004,0
182,1,27,575,2005,0
182,1,27,575,2006,0
182,1,27,575,2007,0
182,1,27,575,2008,0
182,1,27,575,2009,0
182,1,27,575,2010,0
182,1,27,575,2011,0
182,1,27,575,2012,0
182,1,27,575,2013,0
182,1,27,575,2014,0
182,1,27,575,2015,0
182,1,27,575,2016,0
182,2,22,575,1990,0
182,2,22,575,1991,0
182,2,22,575,1992,0
182,2,22,575,1993,0
182,2,22,575,1994,0
182,2,22,575,1995,0
182,2,22,575,1996,0
182,2,22,575,1997,0
182,2,22,575,1998,0
182,2,22,575,1999,0
182,2,22,575,2000,0
182,2,22,575,2001,0
182,2,22,575,2002,0
182,2,22,575,2003,0
182,2,22,575,2004,0
182,2,22,575,2005,0
182,2,22,575,2006,0
182,2,22,575,2007,0
182,2,22,575,2008,0
182,2,22,575,2009,0
182,2,22,575,2010,0
182,2,22,575,2011,0
182,2,22,575,2012,0
182,2,22,575,2013,0
182,2,22,575,2014,0
182,2,22,575,2015,0
182,2,22,575,2016,0
182,2,27,575,1990,0
182,2,27,575,1991,0
182,2,27,575,1992,0
182,2,27,575,1993,0
182,2,27,575,1994,0
182,2,27,575,1995,0
182,2,27,575,1996,0
182,2,27,575,1997,0
182,2,27,575,1998,0
182,2,27,575,1999,0
182,2,27,575,2000,0
182,2,27,575,2001,0
182,2,27,575,2002,0
182,2,27,575,2003,0
182,2,27,575,2004,0
182,2,27,575,2005,0
182,2,27,575,2006,0
182,2,27,575,2007,0
182,2,27,575,2008,0
182,2,27,575,2009,0
182,2,27,575,2010,0
182,2,27,575,2011,0
182,2,27,575,2012,0
182,2,27,575,2013,0
182,2,27,575,2014,0
182,2,27,575,2015,0
182,2,27,575,2016,0
182,3,22,575,1990,0
182,3,22,575,1991,0
182,3,22,575,1992,0
182,3,22,575,1993,0
182,3,22,575,1994,0
182,3,22,575,1995,0
182,3,22,575,1996,0
182,3,22,575,1997,0
182,3,22,575,1998,0
182,3,22,575,1999,0
182,3,22,575,2000,0
182,3,22,575,2001,0
182,3,22,575,2002,0
182,3,22,575,2003,0
182,3,22,575,2004,0
182,3,22,575,2005,0
182,3,22,575,2006,0
182,3,22,575,2007,0
182,3,22,575,2008,0
182,3,22,575,2009,0
182,3,22,575,2010,0
182,3,22,575,2011,0
182,3,22,575,2012,0
182,3,22,575,2013,0
182,3,22,575,2014,0
182,3,22,575,2015,0
182,3,22,575,2016,0
182,3,27,575,1990,0
182,3,27,575,1991,0
182,3,27,575,1992,0
182,3,27,575,1993,0
182,3,27,575,1994,0
182,3,27,575,1995,0
182,3,27,575,1996,0
182,3,27,575,1997,0
182,3,27,575,1998,0
182,3,27,575,1999,0
182,3,27,575,2000,0
182,3,27,575,2001,0
182,3,27,575,2002,0
182,3,27,575,2003,0
182,3,27,575,2004,0
182,3,27,575,2005,0
182,3,27,575,2006,0
182,3,27,575,2007,0
182,3,27,575,2008,0
182,3,27,575,2009,0
182,3,27,575,2010,0
182,3,27,575,2011,0
182,3,27,575,2012,0
182,3,27,575,2013,0
182,3,27,575,2014,0
182,3,27,575,2015,0
182,3,27,575,2016,0
183,1,22,575,1990,0
183,1,22,575,1991,0
183,1,22,575,1992,0
183,1,22,575,1993,0
183,1,22,575,1994,0
183,1,22,575,1995,0
183,1,22,575,1996,0
183,1,22,575,1997,0
183,1,22,575,1998,0
183,1,22,575,1999,0
183,1,22,575,2000,0
183,1,22,575,2001,0
183,1,22,575,2002,0
183,1,22,575,2003,0
183,1,22,575,2004,0
183,1,22,575,2005,0
183,1,22,575,2006,0
183,1,22,575,2007,0
183,1,22,575,2008,0
183,1,22,575,2009,0
183,1,22,575,2010,0
183,1,22,575,2011,0
183,1,22,575,2012,0
183,1,22,575,2013,0
183,1,22,575,2014,0
183,1,22,575,2015,0
183,1,22,575,2016,0
183,1,27,575,1990,0
183,1,27,575,1991,0
183,1,27,575,1992,0
183,1,27,575,1993,0
183,1,27,575,1994,0
183,1,27,575,1995,0
183,1,27,575,1996,0
183,1,27,575,1997,0
183,1,27,575,1998,0
183,1,27,575,1999,0
183,1,27,575,2000,0
183,1,27,575,2001,0
183,1,27,575,2002,0
183,1,27,575,2003,0
183,1,27,575,2004,0
183,1,27,575,2005,0
183,1,27,575,2006,0
183,1,27,575,2007,0
183,1,27,575,2008,0
183,1,27,575,2009,0
183,1,27,575,2010,0
183,1,27,575,2011,0
183,1,27,575,2012,0
183,1,27,575,2013,0
183,1,27,575,2014,0
183,1,27,575,2015,0
183,1,27,575,2016,0
183,2,22,575,1990,0
183,2,22,575,1991,0
183,2,22,575,1992,0
183,2,22,575,1993,0
183,2,22,575,1994,0
183,2,22,575,1995,0
183,2,22,575,1996,0
183,2,22,575,1997,0
183,2,22,575,1998,0
183,2,22,575,1999,0
183,2,22,575,2000,0
183,2,22,575,2001,0
183,2,22,575,2002,0
183,2,22,575,2003,0
183,2,22,575,2004,0
183,2,22,575,2005,0
183,2,22,575,2006,0
183,2,22,575,2007,0
183,2,22,575,2008,0
183,2,22,575,2009,0
183,2,22,575,2010,0
183,2,22,575,2011,0
183,2,22,575,2012,0
183,2,22,575,2013,0
183,2,22,575,2014,0
183,2,22,575,2015,0
183,2,22,575,2016,0
183,2,27,575,1990,0
183,2,27,575,1991,0
183,2,27,575,1992,0
183,2,27,575,1993,0
183,2,27,575,1994,0
183,2,27,575,1995,0
183,2,27,575,1996,0
183,2,27,575,1997,0
183,2,27,575,1998,0
183,2,27,575,1999,0
183,2,27,575,2000,0
183,2,27,575,2001,0
183,2,27,575,2002,0
183,2,27,575,2003,0
183,2,27,575,2004,0
183,2,27,575,2005,0
183,2,27,575,2006,0
183,2,27,575,2007,0
183,2,27,575,2008,0
183,2,27,575,2009,0
183,2,27,575,2010,0
183,2,27,575,2011,0
183,2,27,575,2012,0
183,2,27,575,2013,0
183,2,27,575,2014,0
183,2,27,575,2015,0
183,2,27,575,2016,0
183,3,22,575,1990,0
183,3,22,575,1991,0
183,3,22,575,1992,0
183,3,22,575,1993,0
183,3,22,575,1994,0
183,3,22,575,1995,0
183,3,22,575,1996,0
183,3,22,575,1997,0
183,3,22,575,1998,0
183,3,22,575,1999,0
183,3,22,575,2000,0
183,3,22,575,2001,0
183,3,22,575,2002,0
183,3,22,575,2003,0
183,3,22,575,2004,0
183,3,22,575,2005,0
183,3,22,575,2006,0
183,3,22,575,2007,0
183,3,22,575,2008,0
183,3,22,575,2009,0
183,3,22,575,2010,0
183,3,22,575,2011,0
183,3,22,575,2012,0
183,3,22,575,2013,0
183,3,22,575,2014,0
183,3,22,575,2015,0
183,3,22,575,2016,0
183,3,27,575,1990,0
183,3,27,575,1991,0
183,3,27,575,1992,0
183,3,27,575,1993,0
183,3,27,575,1994,0
183,3,27,575,1995,0
183,3,27,575,1996,0
183,3,27,575,1997,0
183,3,27,575,1998,0
183,3,27,575,1999,0
183,3,27,575,2000,0
183,3,27,575,2001,0
183,3,27,575,2002,0
183,3,27,575,2003,0
183,3,27,575,2004,0
183,3,27,575,2005,0
183,3,27,575,2006,0
183,3,27,575,2007,0
183,3,27,575,2008,0
183,3,27,575,2009,0
183,3,27,575,2010,0
183,3,27,575,2011,0
183,3,27,575,2012,0
183,3,27,575,2013,0
183,3,27,575,2014,0
183,3,27,575,2015,0
183,3,27,575,2016,0
184,1,22,575,1990,0
184,1,22,575,1991,0
184,1,22,575,1992,0
184,1,22,575,1993,0
184,1,22,575,1994,0
184,1,22,575,1995,0
184,1,22,575,1996,0
184,1,22,575,1997,0
184,1,22,575,1998,0
184,1,22,575,1999,0
184,1,22,575,2000,0
184,1,22,575,2001,0
184,1,22,575,2002,0
184,1,22,575,2003,0
184,1,22,575,2004,0
184,1,22,575,2005,0
184,1,22,575,2006,0
184,1,22,575,2007,0
184,1,22,575,2008,0
184,1,22,575,2009,0
184,1,22,575,2010,0
184,1,22,575,2011,0
184,1,22,575,2012,0
184,1,22,575,2013,0
184,1,22,575,2014,0
184,1,22,575,2015,0
184,1,22,575,2016,0
184,1,27,575,1990,0
184,1,27,575,1991,0
184,1,27,575,1992,0
184,1,27,575,1993,0
184,1,27,575,1994,0
184,1,27,575,1995,0
184,1,27,575,1996,0
184,1,27,575,1997,0
184,1,27,575,1998,0
184,1,27,575,1999,0
184,1,27,575,2000,0
184,1,27,575,2001,0
184,1,27,575,2002,0
184,1,27,575,2003,0
184,1,27,575,2004,0
184,1,27,575,2005,0
184,1,27,575,2006,0
184,1,27,575,2007,0
184,1,27,575,2008,0
184,1,27,575,2009,0
184,1,27,575,2010,0
184,1,27,575,2011,0
184,1,27,575,2012,0
184,1,27,575,2013,0
184,1,27,575,2014,0
184,1,27,575,2015,0
184,1,27,575,2016,0
184,2,22,575,1990,0
184,2,22,575,1991,0
184,2,22,575,1992,0
184,2,22,575,1993,0
184,2,22,575,1994,0
184,2,22,575,1995,0
184,2,22,575,1996,0
184,2,22,575,1997,0
184,2,22,575,1998,0
184,2,22,575,1999,0
184,2,22,575,2000,0
184,2,22,575,2001,0
184,2,22,575,2002,0
184,2,22,575,2003,0
184,2,22,575,2004,0
184,2,22,575,2005,0
184,2,22,575,2006,0
184,2,22,575,2007,0
184,2,22,575,2008,0
184,2,22,575,2009,0
184,2,22,575,2010,0
184,2,22,575,2011,0
184,2,22,575,2012,0
184,2,22,575,2013,0
184,2,22,575,2014,0
184,2,22,575,2015,0
184,2,22,575,2016,0
184,2,27,575,1990,0
184,2,27,575,1991,0
184,2,27,575,1992,0
184,2,27,575,1993,0
184,2,27,575,1994,0
184,2,27,575,1995,0
184,2,27,575,1996,0
184,2,27,575,1997,0
184,2,27,575,1998,0
184,2,27,575,1999,0
184,2,27,575,2000,0
184,2,27,575,2001,0
184,2,27,575,2002,0
184,2,27,575,2003,0
184,2,27,575,2004,0
184,2,27,575,2005,0
184,2,27,575,2006,0
184,2,27,575,2007,0
184,2,27,575,2008,0
184,2,27,575,2009,0
184,2,27,575,2010,0
184,2,27,575,2011,0
184,2,27,575,2012,0
184,2,27,575,2013,0
184,2,27,575,2014,0
184,2,27,575,2015,0
184,2,27,575,2016,0
184,3,22,575,1990,0
184,3,22,575,1991,0
184,3,22,575,1992,0
184,3,22,575,1993,0
184,3,22,575,1994,0
184,3,22,575,1995,0
184,3,22,575,1996,0
184,3,22,575,1997,0
184,3,22,575,1998,0
184,3,22,575,1999,0
184,3,22,575,2000,0
184,3,22,575,2001,0
184,3,22,575,2002,0
184,3,22,575,2003,0
184,3,22,575,2004,0
184,3,22,575,2005,0
184,3,22,575,2006,0
184,3,22,575,2007,0
184,3,22,575,2008,0
184,3,22,575,2009,0
184,3,22,575,2010,0
184,3,22,575,2011,0
184,3,22,575,2012,0
184,3,22,575,2013,0
184,3,22,575,2014,0
184,3,22,575,2015,0
184,3,22,575,2016,0
184,3,27,575,1990,0
184,3,27,575,1991,0
184,3,27,575,1992,0
184,3,27,575,1993,0
184,3,27,575,1994,0
184,3,27,575,1995,0
184,3,27,575,1996,0
184,3,27,575,1997,0
184,3,27,575,1998,0
184,3,27,575,1999,0
184,3,27,575,2000,0
184,3,27,575,2001,0
184,3,27,575,2002,0
184,3,27,575,2003,0
184,3,27,575,2004,0
184,3,27,575,2005,0
184,3,27,575,2006,0
184,3,27,575,2007,0
184,3,27,575,2008,0
184,3,27,575,2009,0
184,3,27,575,2010,0
184,3,27,575,2011,0
184,3,27,575,2012,0
184,3,27,575,2013,0
184,3,27,575,2014,0
184,3,27,575,2015,0
184,3,27,575,2016,0
185,1,22,575,1990,0
185,1,22,575,1991,0
185,1,22,575,1992,0
185,1,22,575,1993,0
185,1,22,575,1994,0
185,1,22,575,1995,0
185,1,22,575,1996,0
185,1,22,575,1997,0
185,1,22,575,1998,0
185,1,22,575,1999,0
185,1,22,575,2000,0
185,1,22,575,2001,0
185,1,22,575,2002,0
185,1,22,575,2003,0
185,1,22,575,2004,0
185,1,22,575,2005,0
185,1,22,575,2006,0
185,1,22,575,2007,0
185,1,22,575,2008,0
185,1,22,575,2009,0
185,1,22,575,2010,0
185,1,22,575,2011,0
185,1,22,575,2012,0
185,1,22,575,2013,0
185,1,22,575,2014,0
185,1,22,575,2015,0
185,1,22,575,2016,0
185,1,27,575,1990,0
185,1,27,575,1991,0
185,1,27,575,1992,0
185,1,27,575,1993,0
185,1,27,575,1994,0
185,1,27,575,1995,0
185,1,27,575,1996,0
185,1,27,575,1997,0
185,1,27,575,1998,0
185,1,27,575,1999,0
185,1,27,575,2000,0
185,1,27,575,2001,0
185,1,27,575,2002,0
185,1,27,575,2003,0
185,1,27,575,2004,0
185,1,27,575,2005,0
185,1,27,575,2006,0
185,1,27,575,2007,0
185,1,27,575,2008,0
185,1,27,575,2009,0
185,1,27,575,2010,0
185,1,27,575,2011,0
185,1,27,575,2012,0
185,1,27,575,2013,0
185,1,27,575,2014,0
185,1,27,575,2015,0
185,1,27,575,2016,0
185,2,22,575,1990,0
185,2,22,575,1991,0
185,2,22,575,1992,0
185,2,22,575,1993,0
185,2,22,575,1994,0
185,2,22,575,1995,0
185,2,22,575,1996,0
185,2,22,575,1997,0
185,2,22,575,1998,0
185,2,22,575,1999,0
185,2,22,575,2000,0
185,2,22,575,2001,0
185,2,22,575,2002,0
185,2,22,575,2003,0
185,2,22,575,2004,0
185,2,22,575,2005,0
185,2,22,575,2006,0
185,2,22,575,2007,0
185,2,22,575,2008,0
185,2,22,575,2009,0
185,2,22,575,2010,0
185,2,22,575,2011,0
185,2,22,575,2012,0
185,2,22,575,2013,0
185,2,22,575,2014,0
185,2,22,575,2015,0
185,2,22,575,2016,0
185,2,27,575,1990,0
185,2,27,575,1991,0
185,2,27,575,1992,0
185,2,27,575,1993,0
185,2,27,575,1994,0
185,2,27,575,1995,0
185,2,27,575,1996,0
185,2,27,575,1997,0
185,2,27,575,1998,0
185,2,27,575,1999,0
185,2,27,575,2000,0
185,2,27,575,2001,0
185,2,27,575,2002,0
185,2,27,575,2003,0
185,2,27,575,2004,0
185,2,27,575,2005,0
185,2,27,575,2006,0
185,2,27,575,2007,0
185,2,27,575,2008,0
185,2,27,575,2009,0
185,2,27,575,2010,0
185,2,27,575,2011,0
185,2,27,575,2012,0
185,2,27,575,2013,0
185,2,27,575,2014,0
185,2,27,575,2015,0
185,2,27,575,2016,0
185,3,22,575,1990,0
185,3,22,575,1991,0
185,3,22,575,1992,0
185,3,22,575,1993,0
185,3,22,575,1994,0
185,3,22,575,1995,0
185,3,22,575,1996,0
185,3,22,575,1997,0
185,3,22,575,1998,0
185,3,22,575,1999,0
185,3,22,575,2000,0
185,3,22,575,2001,0
185,3,22,575,2002,0
185,3,22,575,2003,0
185,3,22,575,2004,0
185,3,22,575,2005,0
185,3,22,575,2006,0
185,3,22,575,2007,0
185,3,22,575,2008,0
185,3,22,575,2009,0
185,3,22,575,2010,0
185,3,22,575,2011,0
185,3,22,575,2012,0
185,3,22,575,2013,0
185,3,22,575,2014,0
185,3,22,575,2015,0
185,3,22,575,2016,0
185,3,27,575,1990,0
185,3,27,575,1991,0
185,3,27,575,1992,0
185,3,27,575,1993,0
185,3,27,575,1994,0
185,3,27,575,1995,0
185,3,27,575,1996,0
185,3,27,575,1997,0
185,3,27,575,1998,0
185,3,27,575,1999,0
185,3,27,575,2000,0
185,3,27,575,2001,0
185,3,27,575,2002,0
185,3,27,575,2003,0
185,3,27,575,2004,0
185,3,27,575,2005,0
185,3,27,575,2006,0
185,3,27,575,2007,0
185,3,27,575,2008,0
185,3,27,575,2009,0
185,3,27,575,2010,0
185,3,27,575,2011,0
185,3,27,575,2012,0
185,3,27,575,2013,0
185,3,27,575,2014,0
185,3,27,575,2015,0
185,3,27,575,2016,0
186,1,22,575,1990,0
186,1,22,575,1991,0
186,1,22,575,1992,0
186,1,22,575,1993,0
186,1,22,575,1994,0
186,1,22,575,1995,0
186,1,22,575,1996,0
186,1,22,575,1997,0
186,1,22,575,1998,0
186,1,22,575,1999,0
186,1,22,575,2000,0
186,1,22,575,2001,0
186,1,22,575,2002,0
186,1,22,575,2003,0
186,1,22,575,2004,0
186,1,22,575,2005,0
186,1,22,575,2006,0
186,1,22,575,2007,0
186,1,22,575,2008,0
186,1,22,575,2009,0
186,1,22,575,2010,0
186,1,22,575,2011,0
186,1,22,575,2012,0
186,1,22,575,2013,0
186,1,22,575,2014,0
186,1,22,575,2015,0
186,1,22,575,2016,0
186,1,27,575,1990,0
186,1,27,575,1991,0
186,1,27,575,1992,0
186,1,27,575,1993,0
186,1,27,575,1994,0
186,1,27,575,1995,0
186,1,27,575,1996,0
186,1,27,575,1997,0
186,1,27,575,1998,0
186,1,27,575,1999,0
186,1,27,575,2000,0
186,1,27,575,2001,0
186,1,27,575,2002,0
186,1,27,575,2003,0
186,1,27,575,2004,0
186,1,27,575,2005,0
186,1,27,575,2006,0
186,1,27,575,2007,0
186,1,27,575,2008,0
186,1,27,575,2009,0
186,1,27,575,2010,0
186,1,27,575,2011,0
186,1,27,575,2012,0
186,1,27,575,2013,0
186,1,27,575,2014,0
186,1,27,575,2015,0
186,1,27,575,2016,0
186,2,22,575,1990,0
186,2,22,575,1991,0
186,2,22,575,1992,0
186,2,22,575,1993,0
186,2,22,575,1994,0
186,2,22,575,1995,0
186,2,22,575,1996,0
186,2,22,575,1997,0
186,2,22,575,1998,0
186,2,22,575,1999,0
186,2,22,575,2000,0
186,2,22,575,2001,0
186,2,22,575,2002,0
186,2,22,575,2003,0
186,2,22,575,2004,0
186,2,22,575,2005,0
186,2,22,575,2006,0
186,2,22,575,2007,0
186,2,22,575,2008,0
186,2,22,575,2009,0
186,2,22,575,2010,0
186,2,22,575,2011,0
186,2,22,575,2012,0
186,2,22,575,2013,0
186,2,22,575,2014,0
186,2,22,575,2015,0
186,2,22,575,2016,0
186,2,27,575,1990,0
186,2,27,575,1991,0
186,2,27,575,1992,0
186,2,27,575,1993,0
186,2,27,575,1994,0
186,2,27,575,1995,0
186,2,27,575,1996,0
186,2,27,575,1997,0
186,2,27,575,1998,0
186,2,27,575,1999,0
186,2,27,575,2000,0
186,2,27,575,2001,0
186,2,27,575,2002,0
186,2,27,575,2003,0
186,2,27,575,2004,0
186,2,27,575,2005,0
186,2,27,575,2006,0
186,2,27,575,2007,0
186,2,27,575,2008,0
186,2,27,575,2009,0
186,2,27,575,2010,0
186,2,27,575,2011,0
186,2,27,575,2012,0
186,2,27,575,2013,0
186,2,27,575,2014,0
186,2,27,575,2015,0
186,2,27,575,2016,0
186,3,22,575,1990,0
186,3,22,575,1991,0
186,3,22,575,1992,0
186,3,22,575,1993,0
186,3,22,575,1994,0
186,3,22,575,1995,0
186,3,22,575,1996,0
186,3,22,575,1997,0
186,3,22,575,1998,0
186,3,22,575,1999,0
186,3,22,575,2000,0
186,3,22,575,2001,0
186,3,22,575,2002,0
186,3,22,575,2003,0
186,3,22,575,2004,0
186,3,22,575,2005,0
186,3,22,575,2006,0
186,3,22,575,2007,0
186,3,22,575,2008,0
186,3,22,575,2009,0
186,3,22,575,2010,0
186,3,22,575,2011,0
186,3,22,575,2012,0
186,3,22,575,2013,0
186,3,22,575,2014,0
186,3,22,575,2015,0
186,3,22,575,2016,0
186,3,27,575,1990,0
186,3,27,575,1991,0
186,3,27,575,1992,0
186,3,27,575,1993,0
186,3,27,575,1994,0
186,3,27,575,1995,0
186,3,27,575,1996,0
186,3,27,575,1997,0
186,3,27,575,1998,0
186,3,27,575,1999,0
186,3,27,575,2000,0
186,3,27,575,2001,0
186,3,27,575,2002,0
186,3,27,575,2003,0
186,3,27,575,2004,0
186,3,27,575,2005,0
186,3,27,575,2006,0
186,3,27,575,2007,0
186,3,27,575,2008,0
186,3,27,575,2009,0
186,3,27,575,2010,0
186,3,27,575,2011,0
186,3,27,575,2012,0
186,3,27,575,2013,0
186,3,27,575,2014,0
186,3,27,575,2015,0
186,3,27,575,2016,0
187,1,22,575,1990,0
187,1,22,575,1991,0
187,1,22,575,1992,0
187,1,22,575,1993,0
187,1,22,575,1994,0
187,1,22,575,1995,0
187,1,22,575,1996,0
187,1,22,575,1997,0
187,1,22,575,1998,0
187,1,22,575,1999,0
187,1,22,575,2000,0
187,1,22,575,2001,0
187,1,22,575,2002,0
187,1,22,575,2003,0
187,1,22,575,2004,0
187,1,22,575,2005,0
187,1,22,575,2006,0
187,1,22,575,2007,0
187,1,22,575,2008,0
187,1,22,575,2009,0
187,1,22,575,2010,0
187,1,22,575,2011,0
187,1,22,575,2012,0
187,1,22,575,2013,0
187,1,22,575,2014,0
187,1,22,575,2015,0
187,1,22,575,2016,0
187,1,27,575,1990,0
187,1,27,575,1991,0
187,1,27,575,1992,0
187,1,27,575,1993,0
187,1,27,575,1994,0
187,1,27,575,1995,0
187,1,27,575,1996,0
187,1,27,575,1997,0
187,1,27,575,1998,0
187,1,27,575,1999,0
187,1,27,575,2000,0
187,1,27,575,2001,0
187,1,27,575,2002,0
187,1,27,575,2003,0
187,1,27,575,2004,0
187,1,27,575,2005,0
187,1,27,575,2006,0
187,1,27,575,2007,0
187,1,27,575,2008,0
187,1,27,575,2009,0
187,1,27,575,2010,0
187,1,27,575,2011,0
187,1,27,575,2012,0
187,1,27,575,2013,0
187,1,27,575,2014,0
187,1,27,575,2015,0
187,1,27,575,2016,0
187,2,22,575,1990,0
187,2,22,575,1991,0
187,2,22,575,1992,0
187,2,22,575,1993,0
187,2,22,575,1994,0
187,2,22,575,1995,0
187,2,22,575,1996,0
187,2,22,575,1997,0
187,2,22,575,1998,0
187,2,22,575,1999,0
187,2,22,575,2000,0
187,2,22,575,2001,0
187,2,22,575,2002,0
187,2,22,575,2003,0
187,2,22,575,2004,0
187,2,22,575,2005,0
187,2,22,575,2006,0
187,2,22,575,2007,0
187,2,22,575,2008,0
187,2,22,575,2009,0
187,2,22,575,2010,0
187,2,22,575,2011,0
187,2,22,575,2012,0
187,2,22,575,2013,0
187,2,22,575,2014,0
187,2,22,575,2015,0
187,2,22,575,2016,0
187,2,27,575,1990,0
187,2,27,575,1991,0
187,2,27,575,1992,0
187,2,27,575,1993,0
187,2,27,575,1994,0
187,2,27,575,1995,0
187,2,27,575,1996,0
187,2,27,575,1997,0
187,2,27,575,1998,0
187,2,27,575,1999,0
187,2,27,575,2000,0
187,2,27,575,2001,0
187,2,27,575,2002,0
187,2,27,575,2003,0
187,2,27,575,2004,0
187,2,27,575,2005,0
187,2,27,575,2006,0
187,2,27,575,2007,0
187,2,27,575,2008,0
187,2,27,575,2009,0
187,2,27,575,2010,0
187,2,27,575,2011,0
187,2,27,575,2012,0
187,2,27,575,2013,0
187,2,27,575,2014,0
187,2,27,575,2015,0
187,2,27,575,2016,0
187,3,22,575,1990,0
187,3,22,575,1991,0
187,3,22,575,1992,0
187,3,22,575,1993,0
187,3,22,575,1994,0
187,3,22,575,1995,0
187,3,22,575,1996,0
187,3,22,575,1997,0
187,3,22,575,1998,0
187,3,22,575,1999,0
187,3,22,575,2000,0
187,3,22,575,2001,0
187,3,22,575,2002,0
187,3,22,575,2003,0
187,3,22,575,2004,0
187,3,22,575,2005,0
187,3,22,575,2006,0
187,3,22,575,2007,0
187,3,22,575,2008,0
187,3,22,575,2009,0
187,3,22,575,2010,0
187,3,22,575,2011,0
187,3,22,575,2012,0
187,3,22,575,2013,0
187,3,22,575,2014,0
187,3,22,575,2015,0
187,3,22,575,2016,0
187,3,27,575,1990,0
187,3,27,575,1991,0
187,3,27,575,1992,0
187,3,27,575,1993,0
187,3,27,575,1994,0
187,3,27,575,1995,0
187,3,27,575,1996,0
187,3,27,575,1997,0
187,3,27,575,1998,0
187,3,27,575,1999,0
187,3,27,575,2000,0
187,3,27,575,2001,0
187,3,27,575,2002,0
187,3,27,575,2003,0
187,3,27,575,2004,0
187,3,27,575,2005,0
187,3,27,575,2006,0
187,3,27,575,2007,0
187,3,27,575,2008,0
187,3,27,575,2009,0
187,3,27,575,2010,0
187,3,27,575,2011,0
187,3,27,575,2012,0
187,3,27,575,2013,0
187,3,27,575,2014,0
187,3,27,575,2015,0
187,3,27,575,2016,0
189,1,22,575,1990,0
189,1,22,575,1991,0
189,1,22,575,1992,0
189,1,22,575,1993,0
189,1,22,575,1994,0
189,1,22,575,1995,0
189,1,22,575,1996,0
189,1,22,575,1997,0
189,1,22,575,1998,0
189,1,22,575,1999,0
189,1,22,575,2000,0
189,1,22,575,2001,0
189,1,22,575,2002,0
189,1,22,575,2003,0
189,1,22,575,2004,0
189,1,22,575,2005,0
189,1,22,575,2006,0
189,1,22,575,2007,0
189,1,22,575,2008,0
189,1,22,575,2009,0
189,1,22,575,2010,0
189,1,22,575,2011,0
189,1,22,575,2012,0
189,1,22,575,2013,0
189,1,22,575,2014,0
189,1,22,575,2015,0
189,1,22,575,2016,0
189,1,27,575,1990,0
189,1,27,575,1991,0
189,1,27,575,1992,0
189,1,27,575,1993,0
189,1,27,575,1994,0
189,1,27,575,1995,0
189,1,27,575,1996,0
189,1,27,575,1997,0
189,1,27,575,1998,0
189,1,27,575,1999,0
189,1,27,575,2000,0
189,1,27,575,2001,0
189,1,27,575,2002,0
189,1,27,575,2003,0
189,1,27,575,2004,0
189,1,27,575,2005,0
189,1,27,575,2006,0
189,1,27,575,2007,0
189,1,27,575,2008,0
189,1,27,575,2009,0
189,1,27,575,2010,0
189,1,27,575,2011,0
189,1,27,575,2012,0
189,1,27,575,2013,0
189,1,27,575,2014,0
189,1,27,575,2015,0
189,1,27,575,2016,0
189,2,22,575,1990,0
189,2,22,575,1991,0
189,2,22,575,1992,0
189,2,22,575,1993,0
189,2,22,575,1994,0
189,2,22,575,1995,0
189,2,22,575,1996,0
189,2,22,575,1997,0
189,2,22,575,1998,0
189,2,22,575,1999,0
189,2,22,575,2000,0
189,2,22,575,2001,0
189,2,22,575,2002,0
189,2,22,575,2003,0
189,2,22,575,2004,0
189,2,22,575,2005,0
189,2,22,575,2006,0
189,2,22,575,2007,0
189,2,22,575,2008,0
189,2,22,575,2009,0
189,2,22,575,2010,0
189,2,22,575,2011,0
189,2,22,575,2012,0
189,2,22,575,2013,0
189,2,22,575,2014,0
189,2,22,575,2015,0
189,2,22,575,2016,0
189,2,27,575,1990,0
189,2,27,575,1991,0
189,2,27,575,1992,0
189,2,27,575,1993,0
189,2,27,575,1994,0
189,2,27,575,1995,0
189,2,27,575,1996,0
189,2,27,575,1997,0
189,2,27,575,1998,0
189,2,27,575,1999,0
189,2,27,575,2000,0
189,2,27,575,2001,0
189,2,27,575,2002,0
189,2,27,575,2003,0
189,2,27,575,2004,0
189,2,27,575,2005,0
189,2,27,575,2006,0
189,2,27,575,2007,0
189,2,27,575,2008,0
189,2,27,575,2009,0
189,2,27,575,2010,0
189,2,27,575,2011,0
189,2,27,575,2012,0
189,2,27,575,2013,0
189,2,27,575,2014,0
189,2,27,575,2015,0
189,2,27,575,2016,0
189,3,22,575,1990,0
189,3,22,575,1991,0
189,3,22,575,1992,0
189,3,22,575,1993,0
189,3,22,575,1994,0
189,3,22,575,1995,0
189,3,22,575,1996,0
189,3,22,575,1997,0
189,3,22,575,1998,0
189,3,22,575,1999,0
189,3,22,575,2000,0
189,3,22,575,2001,0
189,3,22,575,2002,0
189,3,22,575,2003,0
189,3,22,575,2004,0
189,3,22,575,2005,0
189,3,22,575,2006,0
189,3,22,575,2007,0
189,3,22,575,2008,0
189,3,22,575,2009,0
189,3,22,575,2010,0
189,3,22,575,2011,0
189,3,22,575,2012,0
189,3,22,575,2013,0
189,3,22,575,2014,0
189,3,22,575,2015,0
189,3,22,575,2016,0
189,3,27,575,1990,0
189,3,27,575,1991,0
189,3,27,575,1992,0
189,3,27,575,1993,0
189,3,27,575,1994,0
189,3,27,575,1995,0
189,3,27,575,1996,0
189,3,27,575,1997,0
189,3,27,575,1998,0
189,3,27,575,1999,0
189,3,27,575,2000,0
189,3,27,575,2001,0
189,3,27,575,2002,0
189,3,27,575,2003,0
189,3,27,575,2004,0
189,3,27,575,2005,0
189,3,27,575,2006,0
189,3,27,575,2007,0
189,3,27,575,2008,0
189,3,27,575,2009,0
189,3,27,575,2010,0
189,3,27,575,2011,0
189,3,27,575,2012,0
189,3,27,575,2013,0
189,3,27,575,2014,0
189,3,27,575,2015,0
189,3,27,575,2016,0
190,1,22,575,1990,0
190,1,22,575,1991,0
190,1,22,575,1992,0
190,1,22,575,1993,0
190,1,22,575,1994,0
190,1,22,575,1995,0
190,1,22,575,1996,0
190,1,22,575,1997,0
190,1,22,575,1998,0
190,1,22,575,1999,0
190,1,22,575,2000,0
190,1,22,575,2001,0
190,1,22,575,2002,0
190,1,22,575,2003,0
190,1,22,575,2004,0
190,1,22,575,2005,0
190,1,22,575,2006,0
190,1,22,575,2007,0
190,1,22,575,2008,0
190,1,22,575,2009,0
190,1,22,575,2010,0
190,1,22,575,2011,0
190,1,22,575,2012,0
190,1,22,575,2013,0
190,1,22,575,2014,0
190,1,22,575,2015,0
190,1,22,575,2016,0
190,1,27,575,1990,0
190,1,27,575,1991,0
190,1,27,575,1992,0
190,1,27,575,1993,0
190,1,27,575,1994,0
190,1,27,575,1995,0
190,1,27,575,1996,0
190,1,27,575,1997,0
190,1,27,575,1998,0
190,1,27,575,1999,0
190,1,27,575,2000,0
190,1,27,575,2001,0
190,1,27,575,2002,0
190,1,27,575,2003,0
190,1,27,575,2004,0
190,1,27,575,2005,0
190,1,27,575,2006,0
190,1,27,575,2007,0
190,1,27,575,2008,0
190,1,27,575,2009,0
190,1,27,575,2010,0
190,1,27,575,2011,0
190,1,27,575,2012,0
190,1,27,575,2013,0
190,1,27,575,2014,0
190,1,27,575,2015,0
190,1,27,575,2016,0
190,2,22,575,1990,0
190,2,22,575,1991,0
190,2,22,575,1992,0
190,2,22,575,1993,0
190,2,22,575,1994,0
190,2,22,575,1995,0
190,2,22,575,1996,0
190,2,22,575,1997,0
190,2,22,575,1998,0
190,2,22,575,1999,0
190,2,22,575,2000,0
190,2,22,575,2001,0
190,2,22,575,2002,0
190,2,22,575,2003,0
190,2,22,575,2004,0
190,2,22,575,2005,0
190,2,22,575,2006,0
190,2,22,575,2007,0
190,2,22,575,2008,0
190,2,22,575,2009,0
190,2,22,575,2010,0
190,2,22,575,2011,0
190,2,22,575,2012,0
190,2,22,575,2013,0
190,2,22,575,2014,0
190,2,22,575,2015,0
190,2,22,575,2016,0
190,2,27,575,1990,0
190,2,27,575,1991,0
190,2,27,575,1992,0
190,2,27,575,1993,0
190,2,27,575,1994,0
190,2,27,575,1995,0
190,2,27,575,1996,0
190,2,27,575,1997,0
190,2,27,575,1998,0
190,2,27,575,1999,0
190,2,27,575,2000,0
190,2,27,575,2001,0
190,2,27,575,2002,0
190,2,27,575,2003,0
190,2,27,575,2004,0
190,2,27,575,2005,0
190,2,27,575,2006,0
190,2,27,575,2007,0
190,2,27,575,2008,0
190,2,27,575,2009,0
190,2,27,575,2010,0
190,2,27,575,2011,0
190,2,27,575,2012,0
190,2,27,575,2013,0
190,2,27,575,2014,0
190,2,27,575,2015,0
190,2,27,575,2016,0
190,3,22,575,1990,0
190,3,22,575,1991,0
190,3,22,575,1992,0
190,3,22,575,1993,0
190,3,22,575,1994,0
190,3,22,575,1995,0
190,3,22,575,1996,0
190,3,22,575,1997,0
190,3,22,575,1998,0
190,3,22,575,1999,0
190,3,22,575,2000,0
190,3,22,575,2001,0
190,3,22,575,2002,0
190,3,22,575,2003,0
190,3,22,575,2004,0
190,3,22,575,2005,0
190,3,22,575,2006,0
190,3,22,575,2007,0
190,3,22,575,2008,0
190,3,22,575,2009,0
190,3,22,575,2010,0
190,3,22,575,2011,0
190,3,22,575,2012,0
190,3,22,575,2013,0
190,3,22,575,2014,0
190,3,22,575,2015,0
190,3,22,575,2016,0
190,3,27,575,1990,0
190,3,27,575,1991,0
190,3,27,575,1992,0
190,3,27,575,1993,0
190,3,27,575,1994,0
190,3,27,575,1995,0
190,3,27,575,1996,0
190,3,27,575,1997,0
190,3,27,575,1998,0
190,3,27,575,1999,0
190,3,27,575,2000,0
190,3,27,575,2001,0
190,3,27,575,2002,0
190,3,27,575,2003,0
190,3,27,575,2004,0
190,3,27,575,2005,0
190,3,27,575,2006,0
190,3,27,575,2007,0
190,3,27,575,2008,0
190,3,27,575,2009,0
190,3,27,575,2010,0
190,3,27,575,2011,0
190,3,27,575,2012,0
190,3,27,575,2013,0
190,3,27,575,2014,0
190,3,27,575,2015,0
190,3,27,575,2016,0
191,1,22,575,1990,0
191,1,22,575,1991,0
191,1,22,575,1992,0
191,1,22,575,1993,0
191,1,22,575,1994,0
191,1,22,575,1995,0
191,1,22,575,1996,0
191,1,22,575,1997,0
191,1,22,575,1998,0
191,1,22,575,1999,0
191,1,22,575,2000,0
191,1,22,575,2001,0
191,1,22,575,2002,0
191,1,22,575,2003,0
191,1,22,575,2004,0
191,1,22,575,2005,0
191,1,22,575,2006,0
191,1,22,575,2007,0
191,1,22,575,2008,0
191,1,22,575,2009,0
191,1,22,575,2010,0
191,1,22,575,2011,0
191,1,22,575,2012,0
191,1,22,575,2013,0
191,1,22,575,2014,0
191,1,22,575,2015,0
191,1,22,575,2016,0
191,1,27,575,1990,0
191,1,27,575,1991,0
191,1,27,575,1992,0
191,1,27,575,1993,0
191,1,27,575,1994,0
191,1,27,575,1995,0
191,1,27,575,1996,0
191,1,27,575,1997,0
191,1,27,575,1998,0
191,1,27,575,1999,0
191,1,27,575,2000,0
191,1,27,575,2001,0
191,1,27,575,2002,0
191,1,27,575,2003,0
191,1,27,575,2004,0
191,1,27,575,2005,0
191,1,27,575,2006,0
191,1,27,575,2007,0
191,1,27,575,2008,0
191,1,27,575,2009,0
191,1,27,575,2010,0
191,1,27,575,2011,0
191,1,27,575,2012,0
191,1,27,575,2013,0
191,1,27,575,2014,0
191,1,27,575,2015,0
191,1,27,575,2016,0
191,2,22,575,1990,0
191,2,22,575,1991,0
191,2,22,575,1992,0
191,2,22,575,1993,0
191,2,22,575,1994,0
191,2,22,575,1995,0
191,2,22,575,1996,0
191,2,22,575,1997,0
191,2,22,575,1998,0
191,2,22,575,1999,0
191,2,22,575,2000,0
191,2,22,575,2001,0
191,2,22,575,2002,0
191,2,22,575,2003,0
191,2,22,575,2004,0
191,2,22,575,2005,0
191,2,22,575,2006,0
191,2,22,575,2007,0
191,2,22,575,2008,0
191,2,22,575,2009,0
191,2,22,575,2010,0
191,2,22,575,2011,0
191,2,22,575,2012,0
191,2,22,575,2013,0
191,2,22,575,2014,0
191,2,22,575,2015,0
191,2,22,575,2016,0
191,2,27,575,1990,0
191,2,27,575,1991,0
191,2,27,575,1992,0
191,2,27,575,1993,0
191,2,27,575,1994,0
191,2,27,575,1995,0
191,2,27,575,1996,0
191,2,27,575,1997,0
191,2,27,575,1998,0
191,2,27,575,1999,0
191,2,27,575,2000,0
191,2,27,575,2001,0
191,2,27,575,2002,0
191,2,27,575,2003,0
191,2,27,575,2004,0
191,2,27,575,2005,0
191,2,27,575,2006,0
191,2,27,575,2007,0
191,2,27,575,2008,0
191,2,27,575,2009,0
191,2,27,575,2010,0
191,2,27,575,2011,0
191,2,27,575,2012,0
191,2,27,575,2013,0
191,2,27,575,2014,0
191,2,27,575,2015,0
191,2,27,575,2016,0
191,3,22,575,1990,0
191,3,22,575,1991,0
191,3,22,575,1992,0
191,3,22,575,1993,0
191,3,22,575,1994,0
191,3,22,575,1995,0
191,3,22,575,1996,0
191,3,22,575,1997,0
191,3,22,575,1998,0
191,3,22,575,1999,0
191,3,22,575,2000,0
191,3,22,575,2001,0
191,3,22,575,2002,0
191,3,22,575,2003,0
191,3,22,575,2004,0
191,3,22,575,2005,0
191,3,22,575,2006,0
191,3,22,575,2007,0
191,3,22,575,2008,0
191,3,22,575,2009,0
191,3,22,575,2010,0
191,3,22,575,2011,0
191,3,22,575,2012,0
191,3,22,575,2013,0
191,3,22,575,2014,0
191,3,22,575,2015,0
191,3,22,575,2016,0
191,3,27,575,1990,0
191,3,27,575,1991,0
191,3,27,575,1992,0
191,3,27,575,1993,0
191,3,27,575,1994,0
191,3,27,575,1995,0
191,3,27,575,1996,0
191,3,27,575,1997,0
191,3,27,575,1998,0
191,3,27,575,1999,0
191,3,27,575,2000,0
191,3,27,575,2001,0
191,3,27,575,2002,0
191,3,27,575,2003,0
191,3,27,575,2004,0
191,3,27,575,2005,0
191,3,27,575,2006,0
191,3,27,575,2007,0
191,3,27,575,2008,0
191,3,27,575,2009,0
191,3,27,575,2010,0
191,3,27,575,2011,0
191,3,27,575,2012,0
191,3,27,575,2013,0
191,3,27,575,2014,0
191,3,27,575,2015,0
191,3,27,575,2016,0
193,1,22,575,1990,0
193,1,22,575,1991,0
193,1,22,575,1992,0
193,1,22,575,1993,0
193,1,22,575,1994,0
193,1,22,575,1995,0
193,1,22,575,1996,0
193,1,22,575,1997,0
193,1,22,575,1998,0
193,1,22,575,1999,0
193,1,22,575,2000,0
193,1,22,575,2001,0
193,1,22,575,2002,0
193,1,22,575,2003,0
193,1,22,575,2004,0
193,1,22,575,2005,0
193,1,22,575,2006,0
193,1,22,575,2007,0
193,1,22,575,2008,0
193,1,22,575,2009,0
193,1,22,575,2010,0
193,1,22,575,2011,0
193,1,22,575,2012,0
193,1,22,575,2013,0
193,1,22,575,2014,0
193,1,22,575,2015,0
193,1,22,575,2016,0
193,1,27,575,1990,0
193,1,27,575,1991,0
193,1,27,575,1992,0
193,1,27,575,1993,0
193,1,27,575,1994,0
193,1,27,575,1995,0
193,1,27,575,1996,0
193,1,27,575,1997,0
193,1,27,575,1998,0
193,1,27,575,1999,0
193,1,27,575,2000,0
193,1,27,575,2001,0
193,1,27,575,2002,0
193,1,27,575,2003,0
193,1,27,575,2004,0
193,1,27,575,2005,0
193,1,27,575,2006,0
193,1,27,575,2007,0
193,1,27,575,2008,0
193,1,27,575,2009,0
193,1,27,575,2010,0
193,1,27,575,2011,0
193,1,27,575,2012,0
193,1,27,575,2013,0
193,1,27,575,2014,0
193,1,27,575,2015,0
193,1,27,575,2016,0
193,2,22,575,1990,0
193,2,22,575,1991,0
193,2,22,575,1992,0
193,2,22,575,1993,0
193,2,22,575,1994,0
193,2,22,575,1995,0
193,2,22,575,1996,0
193,2,22,575,1997,0
193,2,22,575,1998,0
193,2,22,575,1999,0
193,2,22,575,2000,0
193,2,22,575,2001,0
193,2,22,575,2002,0
193,2,22,575,2003,0
193,2,22,575,2004,0
193,2,22,575,2005,0
193,2,22,575,2006,0
193,2,22,575,2007,0
193,2,22,575,2008,0
193,2,22,575,2009,0
193,2,22,575,2010,0
193,2,22,575,2011,0
193,2,22,575,2012,0
193,2,22,575,2013,0
193,2,22,575,2014,0
193,2,22,575,2015,0
193,2,22,575,2016,0
193,2,27,575,1990,0
193,2,27,575,1991,0
193,2,27,575,1992,0
193,2,27,575,1993,0
193,2,27,575,1994,0
193,2,27,575,1995,0
193,2,27,575,1996,0
193,2,27,575,1997,0
193,2,27,575,1998,0
193,2,27,575,1999,0
193,2,27,575,2000,0
193,2,27,575,2001,0
193,2,27,575,2002,0
193,2,27,575,2003,0
193,2,27,575,2004,0
193,2,27,575,2005,0
193,2,27,575,2006,0
193,2,27,575,2007,0
193,2,27,575,2008,0
193,2,27,575,2009,0
193,2,27,575,2010,0
193,2,27,575,2011,0
193,2,27,575,2012,0
193,2,27,575,2013,0
193,2,27,575,2014,0
193,2,27,575,2015,0
193,2,27,575,2016,0
193,3,22,575,1990,0
193,3,22,575,1991,0
193,3,22,575,1992,0
193,3,22,575,1993,0
193,3,22,575,1994,0
193,3,22,575,1995,0
193,3,22,575,1996,0
193,3,22,575,1997,0
193,3,22,575,1998,0
193,3,22,575,1999,0
193,3,22,575,2000,0
193,3,22,575,2001,0
193,3,22,575,2002,0
193,3,22,575,2003,0
193,3,22,575,2004,0
193,3,22,575,2005,0
193,3,22,575,2006,0
193,3,22,575,2007,0
193,3,22,575,2008,0
193,3,22,575,2009,0
193,3,22,575,2010,0
193,3,22,575,2011,0
193,3,22,575,2012,0
193,3,22,575,2013,0
193,3,22,575,2014,0
193,3,22,575,2015,0
193,3,22,575,2016,0
193,3,27,575,1990,0
193,3,27,575,1991,0
193,3,27,575,1992,0
193,3,27,575,1993,0
193,3,27,575,1994,0
193,3,27,575,1995,0
193,3,27,575,1996,0
193,3,27,575,1997,0
193,3,27,575,1998,0
193,3,27,575,1999,0
193,3,27,575,2000,0
193,3,27,575,2001,0
193,3,27,575,2002,0
193,3,27,575,2003,0
193,3,27,575,2004,0
193,3,27,575,2005,0
193,3,27,575,2006,0
193,3,27,575,2007,0
193,3,27,575,2008,0
193,3,27,575,2009,0
193,3,27,575,2010,0
193,3,27,575,2011,0
193,3,27,575,2012,0
193,3,27,575,2013,0
193,3,27,575,2014,0
193,3,27,575,2015,0
193,3,27,575,2016,0
194,1,22,575,1990,0
194,1,22,575,1991,0
194,1,22,575,1992,0
194,1,22,575,1993,0
194,1,22,575,1994,0
194,1,22,575,1995,0
194,1,22,575,1996,0
194,1,22,575,1997,0
194,1,22,575,1998,0
194,1,22,575,1999,0
194,1,22,575,2000,0
194,1,22,575,2001,0
194,1,22,575,2002,0
194,1,22,575,2003,0
194,1,22,575,2004,0
194,1,22,575,2005,0
194,1,22,575,2006,0
194,1,22,575,2007,0
194,1,22,575,2008,0
194,1,22,575,2009,0
194,1,22,575,2010,0
194,1,22,575,2011,0
194,1,22,575,2012,0
194,1,22,575,2013,0
194,1,22,575,2014,0
194,1,22,575,2015,0
194,1,22,575,2016,0
194,1,27,575,1990,0
194,1,27,575,1991,0
194,1,27,575,1992,0
194,1,27,575,1993,0
194,1,27,575,1994,0
194,1,27,575,1995,0
194,1,27,575,1996,0
194,1,27,575,1997,0
194,1,27,575,1998,0
194,1,27,575,1999,0
194,1,27,575,2000,0
194,1,27,575,2001,0
194,1,27,575,2002,0
194,1,27,575,2003,0
194,1,27,575,2004,0
194,1,27,575,2005,0
194,1,27,575,2006,0
194,1,27,575,2007,0
194,1,27,575,2008,0
194,1,27,575,2009,0
194,1,27,575,2010,0
194,1,27,575,2011,0
194,1,27,575,2012,0
194,1,27,575,2013,0
194,1,27,575,2014,0
194,1,27,575,2015,0
194,1,27,575,2016,0
194,2,22,575,1990,0
194,2,22,575,1991,0
194,2,22,575,1992,0
194,2,22,575,1993,0
194,2,22,575,1994,0
194,2,22,575,1995,0
194,2,22,575,1996,0
194,2,22,575,1997,0
194,2,22,575,1998,0
194,2,22,575,1999,0
194,2,22,575,2000,0
194,2,22,575,2001,0
194,2,22,575,2002,0
194,2,22,575,2003,0
194,2,22,575,2004,0
194,2,22,575,2005,0
194,2,22,575,2006,0
194,2,22,575,2007,0
194,2,22,575,2008,0
194,2,22,575,2009,0
194,2,22,575,2010,0
194,2,22,575,2011,0
194,2,22,575,2012,0
194,2,22,575,2013,0
194,2,22,575,2014,0
194,2,22,575,2015,0
194,2,22,575,2016,0
194,2,27,575,1990,0
194,2,27,575,1991,0
194,2,27,575,1992,0
194,2,27,575,1993,0
194,2,27,575,1994,0
194,2,27,575,1995,0
194,2,27,575,1996,0
194,2,27,575,1997,0
194,2,27,575,1998,0
194,2,27,575,1999,0
194,2,27,575,2000,0
194,2,27,575,2001,0
194,2,27,575,2002,0
194,2,27,575,2003,0
194,2,27,575,2004,0
194,2,27,575,2005,0
194,2,27,575,2006,0
194,2,27,575,2007,0
194,2,27,575,2008,0
194,2,27,575,2009,0
194,2,27,575,2010,0
194,2,27,575,2011,0
194,2,27,575,2012,0
194,2,27,575,2013,0
194,2,27,575,2014,0
194,2,27,575,2015,0
194,2,27,575,2016,0
194,3,22,575,1990,0
194,3,22,575,1991,0
194,3,22,575,1992,0
194,3,22,575,1993,0
194,3,22,575,1994,0
194,3,22,575,1995,0
194,3,22,575,1996,0
194,3,22,575,1997,0
194,3,22,575,1998,0
194,3,22,575,1999,0
194,3,22,575,2000,0
194,3,22,575,2001,0
194,3,22,575,2002,0
194,3,22,575,2003,0
194,3,22,575,2004,0
194,3,22,575,2005,0
194,3,22,575,2006,0
194,3,22,575,2007,0
194,3,22,575,2008,0
194,3,22,575,2009,0
194,3,22,575,2010,0
194,3,22,575,2011,0
194,3,22,575,2012,0
194,3,22,575,2013,0
194,3,22,575,2014,0
194,3,22,575,2015,0
194,3,22,575,2016,0
194,3,27,575,1990,0
194,3,27,575,1991,0
194,3,27,575,1992,0
194,3,27,575,1993,0
194,3,27,575,1994,0
194,3,27,575,1995,0
194,3,27,575,1996,0
194,3,27,575,1997,0
194,3,27,575,1998,0
194,3,27,575,1999,0
194,3,27,575,2000,0
194,3,27,575,2001,0
194,3,27,575,2002,0
194,3,27,575,2003,0
194,3,27,575,2004,0
194,3,27,575,2005,0
194,3,27,575,2006,0
194,3,27,575,2007,0
194,3,27,575,2008,0
194,3,27,575,2009,0
194,3,27,575,2010,0
194,3,27,575,2011,0
194,3,27,575,2012,0
194,3,27,575,2013,0
194,3,27,575,2014,0
194,3,27,575,2015,0
194,3,27,575,2016,0
195,1,22,575,1990,0
195,1,22,575,1991,0
195,1,22,575,1992,0
195,1,22,575,1993,0
195,1,22,575,1994,0
195,1,22,575,1995,0
195,1,22,575,1996,0
195,1,22,575,1997,0
195,1,22,575,1998,0
195,1,22,575,1999,0
195,1,22,575,2000,0
195,1,22,575,2001,0
195,1,22,575,2002,0
195,1,22,575,2003,0
195,1,22,575,2004,0
195,1,22,575,2005,0
195,1,22,575,2006,0
195,1,22,575,2007,0
195,1,22,575,2008,0
195,1,22,575,2009,0
195,1,22,575,2010,0
195,1,22,575,2011,0
195,1,22,575,2012,0
195,1,22,575,2013,0
195,1,22,575,2014,0
195,1,22,575,2015,0
195,1,22,575,2016,0
195,1,27,575,1990,0
195,1,27,575,1991,0
195,1,27,575,1992,0
195,1,27,575,1993,0
195,1,27,575,1994,0
195,1,27,575,1995,0
195,1,27,575,1996,0
195,1,27,575,1997,0
195,1,27,575,1998,0
195,1,27,575,1999,0
195,1,27,575,2000,0
195,1,27,575,2001,0
195,1,27,575,2002,0
195,1,27,575,2003,0
195,1,27,575,2004,0
195,1,27,575,2005,0
195,1,27,575,2006,0
195,1,27,575,2007,0
195,1,27,575,2008,0
195,1,27,575,2009,0
195,1,27,575,2010,0
195,1,27,575,2011,0
195,1,27,575,2012,0
195,1,27,575,2013,0
195,1,27,575,2014,0
195,1,27,575,2015,0
195,1,27,575,2016,0
195,2,22,575,1990,0
195,2,22,575,1991,0
195,2,22,575,1992,0
195,2,22,575,1993,0
195,2,22,575,1994,0
195,2,22,575,1995,0
195,2,22,575,1996,0
195,2,22,575,1997,0
195,2,22,575,1998,0
195,2,22,575,1999,0
195,2,22,575,2000,0
195,2,22,575,2001,0
195,2,22,575,2002,0
195,2,22,575,2003,0
195,2,22,575,2004,0
195,2,22,575,2005,0
195,2,22,575,2006,0
195,2,22,575,2007,0
195,2,22,575,2008,0
195,2,22,575,2009,0
195,2,22,575,2010,0
195,2,22,575,2011,0
195,2,22,575,2012,0
195,2,22,575,2013,0
195,2,22,575,2014,0
195,2,22,575,2015,0
195,2,22,575,2016,0
195,2,27,575,1990,0
195,2,27,575,1991,0
195,2,27,575,1992,0
195,2,27,575,1993,0
195,2,27,575,1994,0
195,2,27,575,1995,0
195,2,27,575,1996,0
195,2,27,575,1997,0
195,2,27,575,1998,0
195,2,27,575,1999,0
195,2,27,575,2000,0
195,2,27,575,2001,0
195,2,27,575,2002,0
195,2,27,575,2003,0
195,2,27,575,2004,0
195,2,27,575,2005,0
195,2,27,575,2006,0
195,2,27,575,2007,0
195,2,27,575,2008,0
195,2,27,575,2009,0
195,2,27,575,2010,0
195,2,27,575,2011,0
195,2,27,575,2012,0
195,2,27,575,2013,0
195,2,27,575,2014,0
195,2,27,575,2015,0
195,2,27,575,2016,0
195,3,22,575,1990,0
195,3,22,575,1991,0
195,3,22,575,1992,0
195,3,22,575,1993,0
195,3,22,575,1994,0
195,3,22,575,1995,0
195,3,22,575,1996,0
195,3,22,575,1997,0
195,3,22,575,1998,0
195,3,22,575,1999,0
195,3,22,575,2000,0
195,3,22,575,2001,0
195,3,22,575,2002,0
195,3,22,575,2003,0
195,3,22,575,2004,0
195,3,22,575,2005,0
195,3,22,575,2006,0
195,3,22,575,2007,0
195,3,22,575,2008,0
195,3,22,575,2009,0
195,3,22,575,2010,0
195,3,22,575,2011,0
195,3,22,575,2012,0
195,3,22,575,2013,0
195,3,22,575,2014,0
195,3,22,575,2015,0
195,3,22,575,2016,0
195,3,27,575,1990,0
195,3,27,575,1991,0
195,3,27,575,1992,0
195,3,27,575,1993,0
195,3,27,575,1994,0
195,3,27,575,1995,0
195,3,27,575,1996,0
195,3,27,575,1997,0
195,3,27,575,1998,0
195,3,27,575,1999,0
195,3,27,575,2000,0
195,3,27,575,2001,0
195,3,27,575,2002,0
195,3,27,575,2003,0
195,3,27,575,2004,0
195,3,27,575,2005,0
195,3,27,575,2006,0
195,3,27,575,2007,0
195,3,27,575,2008,0
195,3,27,575,2009,0
195,3,27,575,2010,0
195,3,27,575,2011,0
195,3,27,575,2012,0
195,3,27,575,2013,0
195,3,27,575,2014,0
195,3,27,575,2015,0
195,3,27,575,2016,0
196,1,22,575,1990,0
196,1,22,575,1991,0
196,1,22,575,1992,0
196,1,22,575,1993,0
196,1,22,575,1994,0
196,1,22,575,1995,0
196,1,22,575,1996,0
196,1,22,575,1997,0
196,1,22,575,1998,0
196,1,22,575,1999,0
196,1,22,575,2000,0
196,1,22,575,2001,0
196,1,22,575,2002,0
196,1,22,575,2003,0
196,1,22,575,2004,0
196,1,22,575,2005,0
196,1,22,575,2006,0
196,1,22,575,2007,0
196,1,22,575,2008,0
196,1,22,575,2009,0
196,1,22,575,2010,0
196,1,22,575,2011,0
196,1,22,575,2012,0
196,1,22,575,2013,0
196,1,22,575,2014,0
196,1,22,575,2015,0
196,1,22,575,2016,0
196,1,27,575,1990,0
196,1,27,575,1991,0
196,1,27,575,1992,0
196,1,27,575,1993,0
196,1,27,575,1994,0
196,1,27,575,1995,0
196,1,27,575,1996,0
196,1,27,575,1997,0
196,1,27,575,1998,0
196,1,27,575,1999,0
196,1,27,575,2000,0
196,1,27,575,2001,0
196,1,27,575,2002,0
196,1,27,575,2003,0
196,1,27,575,2004,0
196,1,27,575,2005,0
196,1,27,575,2006,0
196,1,27,575,2007,0
196,1,27,575,2008,0
196,1,27,575,2009,0
196,1,27,575,2010,0
196,1,27,575,2011,0
196,1,27,575,2012,0
196,1,27,575,2013,0
196,1,27,575,2014,0
196,1,27,575,2015,0
196,1,27,575,2016,0
196,2,22,575,1990,0
196,2,22,575,1991,0
196,2,22,575,1992,0
196,2,22,575,1993,0
196,2,22,575,1994,0
196,2,22,575,1995,0
196,2,22,575,1996,0
196,2,22,575,1997,0
196,2,22,575,1998,0
196,2,22,575,1999,0
196,2,22,575,2000,0
196,2,22,575,2001,0
196,2,22,575,2002,0
196,2,22,575,2003,0
196,2,22,575,2004,0
196,2,22,575,2005,0
196,2,22,575,2006,0
196,2,22,575,2007,0
196,2,22,575,2008,0
196,2,22,575,2009,0
196,2,22,575,2010,0
196,2,22,575,2011,0
196,2,22,575,2012,0
196,2,22,575,2013,0
196,2,22,575,2014,0
196,2,22,575,2015,0
196,2,22,575,2016,0
196,2,27,575,1990,0
196,2,27,575,1991,0
196,2,27,575,1992,0
196,2,27,575,1993,0
196,2,27,575,1994,0
196,2,27,575,1995,0
196,2,27,575,1996,0
196,2,27,575,1997,0
196,2,27,575,1998,0
196,2,27,575,1999,0
196,2,27,575,2000,0
196,2,27,575,2001,0
196,2,27,575,2002,0
196,2,27,575,2003,0
196,2,27,575,2004,0
196,2,27,575,2005,0
196,2,27,575,2006,0
196,2,27,575,2007,0
196,2,27,575,2008,0
196,2,27,575,2009,0
196,2,27,575,2010,0
196,2,27,575,2011,0
196,2,27,575,2012,0
196,2,27,575,2013,0
196,2,27,575,2014,0
196,2,27,575,2015,0
196,2,27,575,2016,0
196,3,22,575,1990,0
196,3,22,575,1991,0
196,3,22,575,1992,0
196,3,22,575,1993,0
196,3,22,575,1994,0
196,3,22,575,1995,0
196,3,22,575,1996,0
196,3,22,575,1997,0
196,3,22,575,1998,0
196,3,22,575,1999,0
196,3,22,575,2000,0
196,3,22,575,2001,0
196,3,22,575,2002,0
196,3,22,575,2003,0
196,3,22,575,2004,0
196,3,22,575,2005,0
196,3,22,575,2006,0
196,3,22,575,2007,0
196,3,22,575,2008,0
196,3,22,575,2009,0
196,3,22,575,2010,0
196,3,22,575,2011,0
196,3,22,575,2012,0
196,3,22,575,2013,0
196,3,22,575,2014,0
196,3,22,575,2015,0
196,3,22,575,2016,0
196,3,27,575,1990,0
196,3,27,575,1991,0
196,3,27,575,1992,0
196,3,27,575,1993,0
196,3,27,575,1994,0
196,3,27,575,1995,0
196,3,27,575,1996,0
196,3,27,575,1997,0
196,3,27,575,1998,0
196,3,27,575,1999,0
196,3,27,575,2000,0
196,3,27,575,2001,0
196,3,27,575,2002,0
196,3,27,575,2003,0
196,3,27,575,2004,0
196,3,27,575,2005,0
196,3,27,575,2006,0
196,3,27,575,2007,0
196,3,27,575,2008,0
196,3,27,575,2009,0
196,3,27,575,2010,0
196,3,27,575,2011,0
196,3,27,575,2012,0
196,3,27,575,2013,0
196,3,27,575,2014,0
196,3,27,575,2015,0
196,3,27,575,2016,0
197,1,22,575,1990,0
197,1,22,575,1991,0
197,1,22,575,1992,0
197,1,22,575,1993,0
197,1,22,575,1994,0
197,1,22,575,1995,0
197,1,22,575,1996,0
197,1,22,575,1997,0
197,1,22,575,1998,0
197,1,22,575,1999,0
197,1,22,575,2000,0
197,1,22,575,2001,0
197,1,22,575,2002,0
197,1,22,575,2003,0
197,1,22,575,2004,0
197,1,22,575,2005,0
197,1,22,575,2006,0
197,1,22,575,2007,0
197,1,22,575,2008,0
197,1,22,575,2009,0
197,1,22,575,2010,0
197,1,22,575,2011,0
197,1,22,575,2012,0
197,1,22,575,2013,0
197,1,22,575,2014,0
197,1,22,575,2015,0
197,1,22,575,2016,0
197,1,27,575,1990,0
197,1,27,575,1991,0
197,1,27,575,1992,0
197,1,27,575,1993,0
197,1,27,575,1994,0
197,1,27,575,1995,0
197,1,27,575,1996,0
197,1,27,575,1997,0
197,1,27,575,1998,0
197,1,27,575,1999,0
197,1,27,575,2000,0
197,1,27,575,2001,0
197,1,27,575,2002,0
197,1,27,575,2003,0
197,1,27,575,2004,0
197,1,27,575,2005,0
197,1,27,575,2006,0
197,1,27,575,2007,0
197,1,27,575,2008,0
197,1,27,575,2009,0
197,1,27,575,2010,0
197,1,27,575,2011,0
197,1,27,575,2012,0
197,1,27,575,2013,0
197,1,27,575,2014,0
197,1,27,575,2015,0
197,1,27,575,2016,0
197,2,22,575,1990,0
197,2,22,575,1991,0
197,2,22,575,1992,0
197,2,22,575,1993,0
197,2,22,575,1994,0
197,2,22,575,1995,0
197,2,22,575,1996,0
197,2,22,575,1997,0
197,2,22,575,1998,0
197,2,22,575,1999,0
197,2,22,575,2000,0
197,2,22,575,2001,0
197,2,22,575,2002,0
197,2,22,575,2003,0
197,2,22,575,2004,0
197,2,22,575,2005,0
197,2,22,575,2006,0
197,2,22,575,2007,0
197,2,22,575,2008,0
197,2,22,575,2009,0
197,2,22,575,2010,0
197,2,22,575,2011,0
197,2,22,575,2012,0
197,2,22,575,2013,0
197,2,22,575,2014,0
197,2,22,575,2015,0
197,2,22,575,2016,0
197,2,27,575,1990,0
197,2,27,575,1991,0
197,2,27,575,1992,0
197,2,27,575,1993,0
197,2,27,575,1994,0
197,2,27,575,1995,0
197,2,27,575,1996,0
197,2,27,575,1997,0
197,2,27,575,1998,0
197,2,27,575,1999,0
197,2,27,575,2000,0
197,2,27,575,2001,0
197,2,27,575,2002,0
197,2,27,575,2003,0
197,2,27,575,2004,0
197,2,27,575,2005,0
197,2,27,575,2006,0
197,2,27,575,2007,0
197,2,27,575,2008,0
197,2,27,575,2009,0
197,2,27,575,2010,0
197,2,27,575,2011,0
197,2,27,575,2012,0
197,2,27,575,2013,0
197,2,27,575,2014,0
197,2,27,575,2015,0
197,2,27,575,2016,0
197,3,22,575,1990,0
197,3,22,575,1991,0
197,3,22,575,1992,0
197,3,22,575,1993,0
197,3,22,575,1994,0
197,3,22,575,1995,0
197,3,22,575,1996,0
197,3,22,575,1997,0
197,3,22,575,1998,0
197,3,22,575,1999,0
197,3,22,575,2000,0
197,3,22,575,2001,0
197,3,22,575,2002,0
197,3,22,575,2003,0
197,3,22,575,2004,0
197,3,22,575,2005,0
197,3,22,575,2006,0
197,3,22,575,2007,0
197,3,22,575,2008,0
197,3,22,575,2009,0
197,3,22,575,2010,0
197,3,22,575,2011,0
197,3,22,575,2012,0
197,3,22,575,2013,0
197,3,22,575,2014,0
197,3,22,575,2015,0
197,3,22,575,2016,0
197,3,27,575,1990,0
197,3,27,575,1991,0
197,3,27,575,1992,0
197,3,27,575,1993,0
197,3,27,575,1994,0
197,3,27,575,1995,0
197,3,27,575,1996,0
197,3,27,575,1997,0
197,3,27,575,1998,0
197,3,27,575,1999,0
197,3,27,575,2000,0
197,3,27,575,2001,0
197,3,27,575,2002,0
197,3,27,575,2003,0
197,3,27,575,2004,0
197,3,27,575,2005,0
197,3,27,575,2006,0
197,3,27,575,2007,0
197,3,27,575,2008,0
197,3,27,575,2009,0
197,3,27,575,2010,0
197,3,27,575,2011,0
197,3,27,575,2012,0
197,3,27,575,2013,0
197,3,27,575,2014,0
197,3,27,575,2015,0
197,3,27,575,2016,0
198,1,22,575,1990,0
198,1,22,575,1991,0
198,1,22,575,1992,0
198,1,22,575,1993,0
198,1,22,575,1994,0
198,1,22,575,1995,0
198,1,22,575,1996,0
198,1,22,575,1997,0
198,1,22,575,1998,0
198,1,22,575,1999,0
198,1,22,575,2000,0
198,1,22,575,2001,0
198,1,22,575,2002,0
198,1,22,575,2003,0
198,1,22,575,2004,0
198,1,22,575,2005,0
198,1,22,575,2006,0
198,1,22,575,2007,0
198,1,22,575,2008,0
198,1,22,575,2009,0
198,1,22,575,2010,0
198,1,22,575,2011,0
198,1,22,575,2012,0
198,1,22,575,2013,0
198,1,22,575,2014,0
198,1,22,575,2015,0
198,1,22,575,2016,0
198,1,27,575,1990,0
198,1,27,575,1991,0
198,1,27,575,1992,0
198,1,27,575,1993,0
198,1,27,575,1994,0
198,1,27,575,1995,0
198,1,27,575,1996,0
198,1,27,575,1997,0
198,1,27,575,1998,0
198,1,27,575,1999,0
198,1,27,575,2000,0
198,1,27,575,2001,0
198,1,27,575,2002,0
198,1,27,575,2003,0
198,1,27,575,2004,0
198,1,27,575,2005,0
198,1,27,575,2006,0
198,1,27,575,2007,0
198,1,27,575,2008,0
198,1,27,575,2009,0
198,1,27,575,2010,0
198,1,27,575,2011,0
198,1,27,575,2012,0
198,1,27,575,2013,0
198,1,27,575,2014,0
198,1,27,575,2015,0
198,1,27,575,2016,0
198,2,22,575,1990,0
198,2,22,575,1991,0
198,2,22,575,1992,0
198,2,22,575,1993,0
198,2,22,575,1994,0
198,2,22,575,1995,0
198,2,22,575,1996,0
198,2,22,575,1997,0
198,2,22,575,1998,0
198,2,22,575,1999,0
198,2,22,575,2000,0
198,2,22,575,2001,0
198,2,22,575,2002,0
198,2,22,575,2003,0
198,2,22,575,2004,0
198,2,22,575,2005,0
198,2,22,575,2006,0
198,2,22,575,2007,0
198,2,22,575,2008,0
198,2,22,575,2009,0
198,2,22,575,2010,0
198,2,22,575,2011,0
198,2,22,575,2012,0
198,2,22,575,2013,0
198,2,22,575,2014,0
198,2,22,575,2015,0
198,2,22,575,2016,0
198,2,27,575,1990,0
198,2,27,575,1991,0
198,2,27,575,1992,0
198,2,27,575,1993,0
198,2,27,575,1994,0
198,2,27,575,1995,0
198,2,27,575,1996,0
198,2,27,575,1997,0
198,2,27,575,1998,0
198,2,27,575,1999,0
198,2,27,575,2000,0
198,2,27,575,2001,0
198,2,27,575,2002,0
198,2,27,575,2003,0
198,2,27,575,2004,0
198,2,27,575,2005,0
198,2,27,575,2006,0
198,2,27,575,2007,0
198,2,27,575,2008,0
198,2,27,575,2009,0
198,2,27,575,2010,0
198,2,27,575,2011,0
198,2,27,575,2012,0
198,2,27,575,2013,0
198,2,27,575,2014,0
198,2,27,575,2015,0
198,2,27,575,2016,0
198,3,22,575,1990,0
198,3,22,575,1991,0
198,3,22,575,1992,0
198,3,22,575,1993,0
198,3,22,575,1994,0
198,3,22,575,1995,0
198,3,22,575,1996,0
198,3,22,575,1997,0
198,3,22,575,1998,0
198,3,22,575,1999,0
198,3,22,575,2000,0
198,3,22,575,2001,0
198,3,22,575,2002,0
198,3,22,575,2003,0
198,3,22,575,2004,0
198,3,22,575,2005,0
198,3,22,575,2006,0
198,3,22,575,2007,0
198,3,22,575,2008,0
198,3,22,575,2009,0
198,3,22,575,2010,0
198,3,22,575,2011,0
198,3,22,575,2012,0
198,3,22,575,2013,0
198,3,22,575,2014,0
198,3,22,575,2015,0
198,3,22,575,2016,0
198,3,27,575,1990,0
198,3,27,575,1991,0
198,3,27,575,1992,0
198,3,27,575,1993,0
198,3,27,575,1994,0
198,3,27,575,1995,0
198,3,27,575,1996,0
198,3,27,575,1997,0
198,3,27,575,1998,0
198,3,27,575,1999,0
198,3,27,575,2000,0
198,3,27,575,2001,0
198,3,27,575,2002,0
198,3,27,575,2003,0
198,3,27,575,2004,0
198,3,27,575,2005,0
198,3,27,575,2006,0
198,3,27,575,2007,0
198,3,27,575,2008,0
198,3,27,575,2009,0
198,3,27,575,2010,0
198,3,27,575,2011,0
198,3,27,575,2012,0
198,3,27,575,2013,0
198,3,27,575,2014,0
198,3,27,575,2015,0
198,3,27,575,2016,0
200,1,22,575,1990,0
200,1,22,575,1991,0
200,1,22,575,1992,0
200,1,22,575,1993,0
200,1,22,575,1994,0
200,1,22,575,1995,0
200,1,22,575,1996,0
200,1,22,575,1997,0
200,1,22,575,1998,0
200,1,22,575,1999,0
200,1,22,575,2000,0
200,1,22,575,2001,0
200,1,22,575,2002,0
200,1,22,575,2003,0
200,1,22,575,2004,0
200,1,22,575,2005,0
200,1,22,575,2006,0
200,1,22,575,2007,0
200,1,22,575,2008,0
200,1,22,575,2009,0
200,1,22,575,2010,0
200,1,22,575,2011,0
200,1,22,575,2012,0
200,1,22,575,2013,0
200,1,22,575,2014,0
200,1,22,575,2015,0
200,1,22,575,2016,0
200,1,27,575,1990,0
200,1,27,575,1991,0
200,1,27,575,1992,0
200,1,27,575,1993,0
200,1,27,575,1994,0
200,1,27,575,1995,0
200,1,27,575,1996,0
200,1,27,575,1997,0
200,1,27,575,1998,0
200,1,27,575,1999,0
200,1,27,575,2000,0
200,1,27,575,2001,0
200,1,27,575,2002,0
200,1,27,575,2003,0
200,1,27,575,2004,0
200,1,27,575,2005,0
200,1,27,575,2006,0
200,1,27,575,2007,0
200,1,27,575,2008,0
200,1,27,575,2009,0
200,1,27,575,2010,0
200,1,27,575,2011,0
200,1,27,575,2012,0
200,1,27,575,2013,0
200,1,27,575,2014,0
200,1,27,575,2015,0
200,1,27,575,2016,0
200,2,22,575,1990,0
200,2,22,575,1991,0
200,2,22,575,1992,0
200,2,22,575,1993,0
200,2,22,575,1994,0
200,2,22,575,1995,0
200,2,22,575,1996,0
200,2,22,575,1997,0
200,2,22,575,1998,0
200,2,22,575,1999,0
200,2,22,575,2000,0
200,2,22,575,2001,0
200,2,22,575,2002,0
200,2,22,575,2003,0
200,2,22,575,2004,0
200,2,22,575,2005,0
200,2,22,575,2006,0
200,2,22,575,2007,0
200,2,22,575,2008,0
200,2,22,575,2009,0
200,2,22,575,2010,0
200,2,22,575,2011,0
200,2,22,575,2012,0
200,2,22,575,2013,0
200,2,22,575,2014,0
200,2,22,575,2015,0
200,2,22,575,2016,0
200,2,27,575,1990,0
200,2,27,575,1991,0
200,2,27,575,1992,0
200,2,27,575,1993,0
200,2,27,575,1994,0
200,2,27,575,1995,0
200,2,27,575,1996,0
200,2,27,575,1997,0
200,2,27,575,1998,0
200,2,27,575,1999,0
200,2,27,575,2000,0
200,2,27,575,2001,0
200,2,27,575,2002,0
200,2,27,575,2003,0
200,2,27,575,2004,0
200,2,27,575,2005,0
200,2,27,575,2006,0
200,2,27,575,2007,0
200,2,27,575,2008,0
200,2,27,575,2009,0
200,2,27,575,2010,0
200,2,27,575,2011,0
200,2,27,575,2012,0
200,2,27,575,2013,0
200,2,27,575,2014,0
200,2,27,575,2015,0
200,2,27,575,2016,0
200,3,22,575,1990,0
200,3,22,575,1991,0
200,3,22,575,1992,0
200,3,22,575,1993,0
200,3,22,575,1994,0
200,3,22,575,1995,0
200,3,22,575,1996,0
200,3,22,575,1997,0
200,3,22,575,1998,0
200,3,22,575,1999,0
200,3,22,575,2000,0
200,3,22,575,2001,0
200,3,22,575,2002,0
200,3,22,575,2003,0
200,3,22,575,2004,0
200,3,22,575,2005,0
200,3,22,575,2006,0
200,3,22,575,2007,0
200,3,22,575,2008,0
200,3,22,575,2009,0
200,3,22,575,2010,0
200,3,22,575,2011,0
200,3,22,575,2012,0
200,3,22,575,2013,0
200,3,22,575,2014,0
200,3,22,575,2015,0
200,3,22,575,2016,0
200,3,27,575,1990,0
200,3,27,575,1991,0
200,3,27,575,1992,0
200,3,27,575,1993,0
200,3,27,575,1994,0
200,3,27,575,1995,0
200,3,27,575,1996,0
200,3,27,575,1997,0
200,3,27,575,1998,0
200,3,27,575,1999,0
200,3,27,575,2000,0
200,3,27,575,2001,0
200,3,27,575,2002,0
200,3,27,575,2003,0
200,3,27,575,2004,0
200,3,27,575,2005,0
200,3,27,575,2006,0
200,3,27,575,2007,0
200,3,27,575,2008,0
200,3,27,575,2009,0
200,3,27,575,2010,0
200,3,27,575,2011,0
200,3,27,575,2012,0
200,3,27,575,2013,0
200,3,27,575,2014,0
200,3,27,575,2015,0
200,3,27,575,2016,0
201,1,22,575,1990,0
201,1,22,575,1991,0
201,1,22,575,1992,0
201,1,22,575,1993,0
201,1,22,575,1994,0
201,1,22,575,1995,0
201,1,22,575,1996,0
201,1,22,575,1997,0
201,1,22,575,1998,0
201,1,22,575,1999,0
201,1,22,575,2000,0
201,1,22,575,2001,0
201,1,22,575,2002,0
201,1,22,575,2003,0
201,1,22,575,2004,0
201,1,22,575,2005,0
201,1,22,575,2006,0
201,1,22,575,2007,0
201,1,22,575,2008,0
201,1,22,575,2009,0
201,1,22,575,2010,0
201,1,22,575,2011,0
201,1,22,575,2012,0
201,1,22,575,2013,0
201,1,22,575,2014,0
201,1,22,575,2015,0
201,1,22,575,2016,0
201,1,27,575,1990,0
201,1,27,575,1991,0
201,1,27,575,1992,0
201,1,27,575,1993,0
201,1,27,575,1994,0
201,1,27,575,1995,0
201,1,27,575,1996,0
201,1,27,575,1997,0
201,1,27,575,1998,0
201,1,27,575,1999,0
201,1,27,575,2000,0
201,1,27,575,2001,0
201,1,27,575,2002,0
201,1,27,575,2003,0
201,1,27,575,2004,0
201,1,27,575,2005,0
201,1,27,575,2006,0
201,1,27,575,2007,0
201,1,27,575,2008,0
201,1,27,575,2009,0
201,1,27,575,2010,0
201,1,27,575,2011,0
201,1,27,575,2012,0
201,1,27,575,2013,0
201,1,27,575,2014,0
201,1,27,575,2015,0
201,1,27,575,2016,0
201,2,22,575,1990,0
201,2,22,575,1991,0
201,2,22,575,1992,0
201,2,22,575,1993,0
201,2,22,575,1994,0
201,2,22,575,1995,0
201,2,22,575,1996,0
201,2,22,575,1997,0
201,2,22,575,1998,0
201,2,22,575,1999,0
201,2,22,575,2000,0
201,2,22,575,2001,0
201,2,22,575,2002,0
201,2,22,575,2003,0
201,2,22,575,2004,0
201,2,22,575,2005,0
201,2,22,575,2006,0
201,2,22,575,2007,0
201,2,22,575,2008,0
201,2,22,575,2009,0
201,2,22,575,2010,0
201,2,22,575,2011,0
201,2,22,575,2012,0
201,2,22,575,2013,0
201,2,22,575,2014,0
201,2,22,575,2015,0
201,2,22,575,2016,0
201,2,27,575,1990,0
201,2,27,575,1991,0
201,2,27,575,1992,0
201,2,27,575,1993,0
201,2,27,575,1994,0
201,2,27,575,1995,0
201,2,27,575,1996,0
201,2,27,575,1997,0
201,2,27,575,1998,0
201,2,27,575,1999,0
201,2,27,575,2000,0
201,2,27,575,2001,0
201,2,27,575,2002,0
201,2,27,575,2003,0
201,2,27,575,2004,0
201,2,27,575,2005,0
201,2,27,575,2006,0
201,2,27,575,2007,0
201,2,27,575,2008,0
201,2,27,575,2009,0
201,2,27,575,2010,0
201,2,27,575,2011,0
201,2,27,575,2012,0
201,2,27,575,2013,0
201,2,27,575,2014,0
201,2,27,575,2015,0
201,2,27,575,2016,0
201,3,22,575,1990,0
201,3,22,575,1991,0
201,3,22,575,1992,0
201,3,22,575,1993,0
201,3,22,575,1994,0
201,3,22,575,1995,0
201,3,22,575,1996,0
201,3,22,575,1997,0
201,3,22,575,1998,0
201,3,22,575,1999,0
201,3,22,575,2000,0
201,3,22,575,2001,0
201,3,22,575,2002,0
201,3,22,575,2003,0
201,3,22,575,2004,0
201,3,22,575,2005,0
201,3,22,575,2006,0
201,3,22,575,2007,0
201,3,22,575,2008,0
201,3,22,575,2009,0
201,3,22,575,2010,0
201,3,22,575,2011,0
201,3,22,575,2012,0
201,3,22,575,2013,0
201,3,22,575,2014,0
201,3,22,575,2015,0
201,3,22,575,2016,0
201,3,27,575,1990,0
201,3,27,575,1991,0
201,3,27,575,1992,0
201,3,27,575,1993,0
201,3,27,575,1994,0
201,3,27,575,1995,0
201,3,27,575,1996,0
201,3,27,575,1997,0
201,3,27,575,1998,0
201,3,27,575,1999,0
201,3,27,575,2000,0
201,3,27,575,2001,0
201,3,27,575,2002,0
201,3,27,575,2003,0
201,3,27,575,2004,0
201,3,27,575,2005,0
201,3,27,575,2006,0
201,3,27,575,2007,0
201,3,27,575,2008,0
201,3,27,575,2009,0
201,3,27,575,2010,0
201,3,27,575,2011,0
201,3,27,575,2012,0
201,3,27,575,2013,0
201,3,27,575,2014,0
201,3,27,575,2015,0
201,3,27,575,2016,0
202,1,22,575,1990,0
202,1,22,575,1991,0
202,1,22,575,1992,0
202,1,22,575,1993,0
202,1,22,575,1994,0
202,1,22,575,1995,0
202,1,22,575,1996,0
202,1,22,575,1997,0
202,1,22,575,1998,0
202,1,22,575,1999,0
202,1,22,575,2000,0
202,1,22,575,2001,0
202,1,22,575,2002,0
202,1,22,575,2003,0
202,1,22,575,2004,0
202,1,22,575,2005,0
202,1,22,575,2006,0
202,1,22,575,2007,0
202,1,22,575,2008,0
202,1,22,575,2009,0
202,1,22,575,2010,0
202,1,22,575,2011,0
202,1,22,575,2012,0
202,1,22,575,2013,0
202,1,22,575,2014,0
202,1,22,575,2015,0
202,1,22,575,2016,0
202,1,27,575,1990,0
202,1,27,575,1991,0
202,1,27,575,1992,0
202,1,27,575,1993,0
202,1,27,575,1994,0
202,1,27,575,1995,0
202,1,27,575,1996,0
202,1,27,575,1997,0
202,1,27,575,1998,0
202,1,27,575,1999,0
202,1,27,575,2000,0
202,1,27,575,2001,0
202,1,27,575,2002,0
202,1,27,575,2003,0
202,1,27,575,2004,0
202,1,27,575,2005,0
202,1,27,575,2006,0
202,1,27,575,2007,0
202,1,27,575,2008,0
202,1,27,575,2009,0
202,1,27,575,2010,0
202,1,27,575,2011,0
202,1,27,575,2012,0
202,1,27,575,2013,0
202,1,27,575,2014,0
202,1,27,575,2015,0
202,1,27,575,2016,0
202,2,22,575,1990,0
202,2,22,575,1991,0
202,2,22,575,1992,0
202,2,22,575,1993,0
202,2,22,575,1994,0
202,2,22,575,1995,0
202,2,22,575,1996,0
202,2,22,575,1997,0
202,2,22,575,1998,0
202,2,22,575,1999,0
202,2,22,575,2000,0
202,2,22,575,2001,0
202,2,22,575,2002,0
202,2,22,575,2003,0
202,2,22,575,2004,0
202,2,22,575,2005,0
202,2,22,575,2006,0
202,2,22,575,2007,0
202,2,22,575,2008,0
202,2,22,575,2009,0
202,2,22,575,2010,0
202,2,22,575,2011,0
202,2,22,575,2012,0
202,2,22,575,2013,0
202,2,22,575,2014,0
202,2,22,575,2015,0
202,2,22,575,2016,0
202,2,27,575,1990,0
202,2,27,575,1991,0
202,2,27,575,1992,0
202,2,27,575,1993,0
202,2,27,575,1994,0
202,2,27,575,1995,0
202,2,27,575,1996,0
202,2,27,575,1997,0
202,2,27,575,1998,0
202,2,27,575,1999,0
202,2,27,575,2000,0
202,2,27,575,2001,0
202,2,27,575,2002,0
202,2,27,575,2003,0
202,2,27,575,2004,0
202,2,27,575,2005,0
202,2,27,575,2006,0
202,2,27,575,2007,0
202,2,27,575,2008,0
202,2,27,575,2009,0
202,2,27,575,2010,0
202,2,27,575,2011,0
202,2,27,575,2012,0
202,2,27,575,2013,0
202,2,27,575,2014,0
202,2,27,575,2015,0
202,2,27,575,2016,0
202,3,22,575,1990,0
202,3,22,575,1991,0
202,3,22,575,1992,0
202,3,22,575,1993,0
202,3,22,575,1994,0
202,3,22,575,1995,0
202,3,22,575,1996,0
202,3,22,575,1997,0
202,3,22,575,1998,0
202,3,22,575,1999,0
202,3,22,575,2000,0
202,3,22,575,2001,0
202,3,22,575,2002,0
202,3,22,575,2003,0
202,3,22,575,2004,0
202,3,22,575,2005,0
202,3,22,575,2006,0
202,3,22,575,2007,0
202,3,22,575,2008,0
202,3,22,575,2009,0
202,3,22,575,2010,0
202,3,22,575,2011,0
202,3,22,575,2012,0
202,3,22,575,2013,0
202,3,22,575,2014,0
202,3,22,575,2015,0
202,3,22,575,2016,0
202,3,27,575,1990,0
202,3,27,575,1991,0
202,3,27,575,1992,0
202,3,27,575,1993,0
202,3,27,575,1994,0
202,3,27,575,1995,0
202,3,27,575,1996,0
202,3,27,575,1997,0
202,3,27,575,1998,0
202,3,27,575,1999,0
202,3,27,575,2000,0
202,3,27,575,2001,0
202,3,27,575,2002,0
202,3,27,575,2003,0
202,3,27,575,2004,0
202,3,27,575,2005,0
202,3,27,575,2006,0
202,3,27,575,2007,0
202,3,27,575,2008,0
202,3,27,575,2009,0
202,3,27,575,2010,0
202,3,27,575,2011,0
202,3,27,575,2012,0
202,3,27,575,2013,0
202,3,27,575,2014,0
202,3,27,575,2015,0
202,3,27,575,2016,0
203,1,22,575,1990,0
203,1,22,575,1991,0
203,1,22,575,1992,0
203,1,22,575,1993,0
203,1,22,575,1994,0
203,1,22,575,1995,0
203,1,22,575,1996,0
203,1,22,575,1997,0
203,1,22,575,1998,0
203,1,22,575,1999,0
203,1,22,575,2000,0
203,1,22,575,2001,0
203,1,22,575,2002,0
203,1,22,575,2003,0
203,1,22,575,2004,0
203,1,22,575,2005,0
203,1,22,575,2006,0
203,1,22,575,2007,0
203,1,22,575,2008,0
203,1,22,575,2009,0
203,1,22,575,2010,0
203,1,22,575,2011,0
203,1,22,575,2012,0
203,1,22,575,2013,0
203,1,22,575,2014,0
203,1,22,575,2015,0
203,1,22,575,2016,0
203,1,27,575,1990,0
203,1,27,575,1991,0
203,1,27,575,1992,0
203,1,27,575,1993,0
203,1,27,575,1994,0
203,1,27,575,1995,0
203,1,27,575,1996,0
203,1,27,575,1997,0
203,1,27,575,1998,0
203,1,27,575,1999,0
203,1,27,575,2000,0
203,1,27,575,2001,0
203,1,27,575,2002,0
203,1,27,575,2003,0
203,1,27,575,2004,0
203,1,27,575,2005,0
203,1,27,575,2006,0
203,1,27,575,2007,0
203,1,27,575,2008,0
203,1,27,575,2009,0
203,1,27,575,2010,0
203,1,27,575,2011,0
203,1,27,575,2012,0
203,1,27,575,2013,0
203,1,27,575,2014,0
203,1,27,575,2015,0
203,1,27,575,2016,0
203,2,22,575,1990,0
203,2,22,575,1991,0
203,2,22,575,1992,0
203,2,22,575,1993,0
203,2,22,575,1994,0
203,2,22,575,1995,0
203,2,22,575,1996,0
203,2,22,575,1997,0
203,2,22,575,1998,0
203,2,22,575,1999,0
203,2,22,575,2000,0
203,2,22,575,2001,0
203,2,22,575,2002,0
203,2,22,575,2003,0
203,2,22,575,2004,0
203,2,22,575,2005,0
203,2,22,575,2006,0
203,2,22,575,2007,0
203,2,22,575,2008,0
203,2,22,575,2009,0
203,2,22,575,2010,0
203,2,22,575,2011,0
203,2,22,575,2012,0
203,2,22,575,2013,0
203,2,22,575,2014,0
203,2,22,575,2015,0
203,2,22,575,2016,0
203,2,27,575,1990,0
203,2,27,575,1991,0
203,2,27,575,1992,0
203,2,27,575,1993,0
203,2,27,575,1994,0
203,2,27,575,1995,0
203,2,27,575,1996,0
203,2,27,575,1997,0
203,2,27,575,1998,0
203,2,27,575,1999,0
203,2,27,575,2000,0
203,2,27,575,2001,0
203,2,27,575,2002,0
203,2,27,575,2003,0
203,2,27,575,2004,0
203,2,27,575,2005,0
203,2,27,575,2006,0
203,2,27,575,2007,0
203,2,27,575,2008,0
203,2,27,575,2009,0
203,2,27,575,2010,0
203,2,27,575,2011,0
203,2,27,575,2012,0
203,2,27,575,2013,0
203,2,27,575,2014,0
203,2,27,575,2015,0
203,2,27,575,2016,0
203,3,22,575,1990,0
203,3,22,575,1991,0
203,3,22,575,1992,0
203,3,22,575,1993,0
203,3,22,575,1994,0
203,3,22,575,1995,0
203,3,22,575,1996,0
203,3,22,575,1997,0
203,3,22,575,1998,0
203,3,22,575,1999,0
203,3,22,575,2000,0
203,3,22,575,2001,0
203,3,22,575,2002,0
203,3,22,575,2003,0
203,3,22,575,2004,0
203,3,22,575,2005,0
203,3,22,575,2006,0
203,3,22,575,2007,0
203,3,22,575,2008,0
203,3,22,575,2009,0
203,3,22,575,2010,0
203,3,22,575,2011,0
203,3,22,575,2012,0
203,3,22,575,2013,0
203,3,22,575,2014,0
203,3,22,575,2015,0
203,3,22,575,2016,0
203,3,27,575,1990,0
203,3,27,575,1991,0
203,3,27,575,1992,0
203,3,27,575,1993,0
203,3,27,575,1994,0
203,3,27,575,1995,0
203,3,27,575,1996,0
203,3,27,575,1997,0
203,3,27,575,1998,0
203,3,27,575,1999,0
203,3,27,575,2000,0
203,3,27,575,2001,0
203,3,27,575,2002,0
203,3,27,575,2003,0
203,3,27,575,2004,0
203,3,27,575,2005,0
203,3,27,575,2006,0
203,3,27,575,2007,0
203,3,27,575,2008,0
203,3,27,575,2009,0
203,3,27,575,2010,0
203,3,27,575,2011,0
203,3,27,575,2012,0
203,3,27,575,2013,0
203,3,27,575,2014,0
203,3,27,575,2015,0
203,3,27,575,2016,0
204,1,22,575,1990,0
204,1,22,575,1991,0
204,1,22,575,1992,0
204,1,22,575,1993,0
204,1,22,575,1994,0
204,1,22,575,1995,0
204,1,22,575,1996,0
204,1,22,575,1997,0
204,1,22,575,1998,0
204,1,22,575,1999,0
204,1,22,575,2000,0
204,1,22,575,2001,0
204,1,22,575,2002,0
204,1,22,575,2003,0
204,1,22,575,2004,0
204,1,22,575,2005,0
204,1,22,575,2006,0
204,1,22,575,2007,0
204,1,22,575,2008,0
204,1,22,575,2009,0
204,1,22,575,2010,0
204,1,22,575,2011,0
204,1,22,575,2012,0
204,1,22,575,2013,0
204,1,22,575,2014,0
204,1,22,575,2015,0
204,1,22,575,2016,0
204,1,27,575,1990,0
204,1,27,575,1991,0
204,1,27,575,1992,0
204,1,27,575,1993,0
204,1,27,575,1994,0
204,1,27,575,1995,0
204,1,27,575,1996,0
204,1,27,575,1997,0
204,1,27,575,1998,0
204,1,27,575,1999,0
204,1,27,575,2000,0
204,1,27,575,2001,0
204,1,27,575,2002,0
204,1,27,575,2003,0
204,1,27,575,2004,0
204,1,27,575,2005,0
204,1,27,575,2006,0
204,1,27,575,2007,0
204,1,27,575,2008,0
204,1,27,575,2009,0
204,1,27,575,2010,0
204,1,27,575,2011,0
204,1,27,575,2012,0
204,1,27,575,2013,0
204,1,27,575,2014,0
204,1,27,575,2015,0
204,1,27,575,2016,0
204,2,22,575,1990,0
204,2,22,575,1991,0
204,2,22,575,1992,0
204,2,22,575,1993,0
204,2,22,575,1994,0
204,2,22,575,1995,0
204,2,22,575,1996,0
204,2,22,575,1997,0
204,2,22,575,1998,0
204,2,22,575,1999,0
204,2,22,575,2000,0
204,2,22,575,2001,0
204,2,22,575,2002,0
204,2,22,575,2003,0
204,2,22,575,2004,0
204,2,22,575,2005,0
204,2,22,575,2006,0
204,2,22,575,2007,0
204,2,22,575,2008,0
204,2,22,575,2009,0
204,2,22,575,2010,0
204,2,22,575,2011,0
204,2,22,575,2012,0
204,2,22,575,2013,0
204,2,22,575,2014,0
204,2,22,575,2015,0
204,2,22,575,2016,0
204,2,27,575,1990,0
204,2,27,575,1991,0
204,2,27,575,1992,0
204,2,27,575,1993,0
204,2,27,575,1994,0
204,2,27,575,1995,0
204,2,27,575,1996,0
204,2,27,575,1997,0
204,2,27,575,1998,0
204,2,27,575,1999,0
204,2,27,575,2000,0
204,2,27,575,2001,0
204,2,27,575,2002,0
204,2,27,575,2003,0
204,2,27,575,2004,0
204,2,27,575,2005,0
204,2,27,575,2006,0
204,2,27,575,2007,0
204,2,27,575,2008,0
204,2,27,575,2009,0
204,2,27,575,2010,0
204,2,27,575,2011,0
204,2,27,575,2012,0
204,2,27,575,2013,0
204,2,27,575,2014,0
204,2,27,575,2015,0
204,2,27,575,2016,0
204,3,22,575,1990,0
204,3,22,575,1991,0
204,3,22,575,1992,0
204,3,22,575,1993,0
204,3,22,575,1994,0
204,3,22,575,1995,0
204,3,22,575,1996,0
204,3,22,575,1997,0
204,3,22,575,1998,0
204,3,22,575,1999,0
204,3,22,575,2000,0
204,3,22,575,2001,0
204,3,22,575,2002,0
204,3,22,575,2003,0
204,3,22,575,2004,0
204,3,22,575,2005,0
204,3,22,575,2006,0
204,3,22,575,2007,0
204,3,22,575,2008,0
204,3,22,575,2009,0
204,3,22,575,2010,0
204,3,22,575,2011,0
204,3,22,575,2012,0
204,3,22,575,2013,0
204,3,22,575,2014,0
204,3,22,575,2015,0
204,3,22,575,2016,0
204,3,27,575,1990,0
204,3,27,575,1991,0
204,3,27,575,1992,0
204,3,27,575,1993,0
204,3,27,575,1994,0
204,3,27,575,1995,0
204,3,27,575,1996,0
204,3,27,575,1997,0
204,3,27,575,1998,0
204,3,27,575,1999,0
204,3,27,575,2000,0
204,3,27,575,2001,0
204,3,27,575,2002,0
204,3,27,575,2003,0
204,3,27,575,2004,0
204,3,27,575,2005,0
204,3,27,575,2006,0
204,3,27,575,2007,0
204,3,27,575,2008,0
204,3,27,575,2009,0
204,3,27,575,2010,0
204,3,27,575,2011,0
204,3,27,575,2012,0
204,3,27,575,2013,0
204,3,27,575,2014,0
204,3,27,575,2015,0
204,3,27,575,2016,0
205,1,22,575,1990,0
205,1,22,575,1991,0
205,1,22,575,1992,0
205,1,22,575,1993,0
205,1,22,575,1994,0
205,1,22,575,1995,0
205,1,22,575,1996,0
205,1,22,575,1997,0
205,1,22,575,1998,0
205,1,22,575,1999,0
205,1,22,575,2000,0
205,1,22,575,2001,0
205,1,22,575,2002,0
205,1,22,575,2003,0
205,1,22,575,2004,0
205,1,22,575,2005,0
205,1,22,575,2006,0
205,1,22,575,2007,0
205,1,22,575,2008,0
205,1,22,575,2009,0
205,1,22,575,2010,0
205,1,22,575,2011,0
205,1,22,575,2012,0
205,1,22,575,2013,0
205,1,22,575,2014,0
205,1,22,575,2015,0
205,1,22,575,2016,0
205,1,27,575,1990,0
205,1,27,575,1991,0
205,1,27,575,1992,0
205,1,27,575,1993,0
205,1,27,575,1994,0
205,1,27,575,1995,0
205,1,27,575,1996,0
205,1,27,575,1997,0
205,1,27,575,1998,0
205,1,27,575,1999,0
205,1,27,575,2000,0
205,1,27,575,2001,0
205,1,27,575,2002,0
205,1,27,575,2003,0
205,1,27,575,2004,0
205,1,27,575,2005,0
205,1,27,575,2006,0
205,1,27,575,2007,0
205,1,27,575,2008,0
205,1,27,575,2009,0
205,1,27,575,2010,0
205,1,27,575,2011,0
205,1,27,575,2012,0
205,1,27,575,2013,0
205,1,27,575,2014,0
205,1,27,575,2015,0
205,1,27,575,2016,0
205,2,22,575,1990,0
205,2,22,575,1991,0
205,2,22,575,1992,0
205,2,22,575,1993,0
205,2,22,575,1994,0
205,2,22,575,1995,0
205,2,22,575,1996,0
205,2,22,575,1997,0
205,2,22,575,1998,0
205,2,22,575,1999,0
205,2,22,575,2000,0
205,2,22,575,2001,0
205,2,22,575,2002,0
205,2,22,575,2003,0
205,2,22,575,2004,0
205,2,22,575,2005,0
205,2,22,575,2006,0
205,2,22,575,2007,0
205,2,22,575,2008,0
205,2,22,575,2009,0
205,2,22,575,2010,0
205,2,22,575,2011,0
205,2,22,575,2012,0
205,2,22,575,2013,0
205,2,22,575,2014,0
205,2,22,575,2015,0
205,2,22,575,2016,0
205,2,27,575,1990,0
205,2,27,575,1991,0
205,2,27,575,1992,0
205,2,27,575,1993,0
205,2,27,575,1994,0
205,2,27,575,1995,0
205,2,27,575,1996,0
205,2,27,575,1997,0
205,2,27,575,1998,0
205,2,27,575,1999,0
205,2,27,575,2000,0
205,2,27,575,2001,0
205,2,27,575,2002,0
205,2,27,575,2003,0
205,2,27,575,2004,0
205,2,27,575,2005,0
205,2,27,575,2006,0
205,2,27,575,2007,0
205,2,27,575,2008,0
205,2,27,575,2009,0
205,2,27,575,2010,0
205,2,27,575,2011,0
205,2,27,575,2012,0
205,2,27,575,2013,0
205,2,27,575,2014,0
205,2,27,575,2015,0
205,2,27,575,2016,0
205,3,22,575,1990,0
205,3,22,575,1991,0
205,3,22,575,1992,0
205,3,22,575,1993,0
205,3,22,575,1994,0
205,3,22,575,1995,0
205,3,22,575,1996,0
205,3,22,575,1997,0
205,3,22,575,1998,0
205,3,22,575,1999,0
205,3,22,575,2000,0
205,3,22,575,2001,0
205,3,22,575,2002,0
205,3,22,575,2003,0
205,3,22,575,2004,0
205,3,22,575,2005,0
205,3,22,575,2006,0
205,3,22,575,2007,0
205,3,22,575,2008,0
205,3,22,575,2009,0
205,3,22,575,2010,0
205,3,22,575,2011,0
205,3,22,575,2012,0
205,3,22,575,2013,0
205,3,22,575,2014,0
205,3,22,575,2015,0
205,3,22,575,2016,0
205,3,27,575,1990,0
205,3,27,575,1991,0
205,3,27,575,1992,0
205,3,27,575,1993,0
205,3,27,575,1994,0
205,3,27,575,1995,0
205,3,27,575,1996,0
205,3,27,575,1997,0
205,3,27,575,1998,0
205,3,27,575,1999,0
205,3,27,575,2000,0
205,3,27,575,2001,0
205,3,27,575,2002,0
205,3,27,575,2003,0
205,3,27,575,2004,0
205,3,27,575,2005,0
205,3,27,575,2006,0
205,3,27,575,2007,0
205,3,27,575,2008,0
205,3,27,575,2009,0
205,3,27,575,2010,0
205,3,27,575,2011,0
205,3,27,575,2012,0
205,3,27,575,2013,0
205,3,27,575,2014,0
205,3,27,575,2015,0
205,3,27,575,2016,0
206,1,22,575,1990,0
206,1,22,575,1991,0
206,1,22,575,1992,0
206,1,22,575,1993,0
206,1,22,575,1994,0
206,1,22,575,1995,0
206,1,22,575,1996,0
206,1,22,575,1997,0
206,1,22,575,1998,0
206,1,22,575,1999,0
206,1,22,575,2000,0
206,1,22,575,2001,0
206,1,22,575,2002,0
206,1,22,575,2003,0
206,1,22,575,2004,0
206,1,22,575,2005,0
206,1,22,575,2006,0
206,1,22,575,2007,0
206,1,22,575,2008,0
206,1,22,575,2009,0
206,1,22,575,2010,0
206,1,22,575,2011,0
206,1,22,575,2012,0
206,1,22,575,2013,0
206,1,22,575,2014,0
206,1,22,575,2015,0
206,1,22,575,2016,0
206,1,27,575,1990,0
206,1,27,575,1991,0
206,1,27,575,1992,0
206,1,27,575,1993,0
206,1,27,575,1994,0
206,1,27,575,1995,0
206,1,27,575,1996,0
206,1,27,575,1997,0
206,1,27,575,1998,0
206,1,27,575,1999,0
206,1,27,575,2000,0
206,1,27,575,2001,0
206,1,27,575,2002,0
206,1,27,575,2003,0
206,1,27,575,2004,0
206,1,27,575,2005,0
206,1,27,575,2006,0
206,1,27,575,2007,0
206,1,27,575,2008,0
206,1,27,575,2009,0
206,1,27,575,2010,0
206,1,27,575,2011,0
206,1,27,575,2012,0
206,1,27,575,2013,0
206,1,27,575,2014,0
206,1,27,575,2015,0
206,1,27,575,2016,0
206,2,22,575,1990,0
206,2,22,575,1991,0
206,2,22,575,1992,0
206,2,22,575,1993,0
206,2,22,575,1994,0
206,2,22,575,1995,0
206,2,22,575,1996,0
206,2,22,575,1997,0
206,2,22,575,1998,0
206,2,22,575,1999,0
206,2,22,575,2000,0
206,2,22,575,2001,0
206,2,22,575,2002,0
206,2,22,575,2003,0
206,2,22,575,2004,0
206,2,22,575,2005,0
206,2,22,575,2006,0
206,2,22,575,2007,0
206,2,22,575,2008,0
206,2,22,575,2009,0
206,2,22,575,2010,0
206,2,22,575,2011,0
206,2,22,575,2012,0
206,2,22,575,2013,0
206,2,22,575,2014,0
206,2,22,575,2015,0
206,2,22,575,2016,0
206,2,27,575,1990,0
206,2,27,575,1991,0
206,2,27,575,1992,0
206,2,27,575,1993,0
206,2,27,575,1994,0
206,2,27,575,1995,0
206,2,27,575,1996,0
206,2,27,575,1997,0
206,2,27,575,1998,0
206,2,27,575,1999,0
206,2,27,575,2000,0
206,2,27,575,2001,0
206,2,27,575,2002,0
206,2,27,575,2003,0
206,2,27,575,2004,0
206,2,27,575,2005,0
206,2,27,575,2006,0
206,2,27,575,2007,0
206,2,27,575,2008,0
206,2,27,575,2009,0
206,2,27,575,2010,0
206,2,27,575,2011,0
206,2,27,575,2012,0
206,2,27,575,2013,0
206,2,27,575,2014,0
206,2,27,575,2015,0
206,2,27,575,2016,0
206,3,22,575,1990,0
206,3,22,575,1991,0
206,3,22,575,1992,0
206,3,22,575,1993,0
206,3,22,575,1994,0
206,3,22,575,1995,0
206,3,22,575,1996,0
206,3,22,575,1997,0
206,3,22,575,1998,0
206,3,22,575,1999,0
206,3,22,575,2000,0
206,3,22,575,2001,0
206,3,22,575,2002,0
206,3,22,575,2003,0
206,3,22,575,2004,0
206,3,22,575,2005,0
206,3,22,575,2006,0
206,3,22,575,2007,0
206,3,22,575,2008,0
206,3,22,575,2009,0
206,3,22,575,2010,0
206,3,22,575,2011,0
206,3,22,575,2012,0
206,3,22,575,2013,0
206,3,22,575,2014,0
206,3,22,575,2015,0
206,3,22,575,2016,0
206,3,27,575,1990,0
206,3,27,575,1991,0
206,3,27,575,1992,0
206,3,27,575,1993,0
206,3,27,575,1994,0
206,3,27,575,1995,0
206,3,27,575,1996,0
206,3,27,575,1997,0
206,3,27,575,1998,0
206,3,27,575,1999,0
206,3,27,575,2000,0
206,3,27,575,2001,0
206,3,27,575,2002,0
206,3,27,575,2003,0
206,3,27,575,2004,0
206,3,27,575,2005,0
206,3,27,575,2006,0
206,3,27,575,2007,0
206,3,27,575,2008,0
206,3,27,575,2009,0
206,3,27,575,2010,0
206,3,27,575,2011,0
206,3,27,575,2012,0
206,3,27,575,2013,0
206,3,27,575,2014,0
206,3,27,575,2015,0
206,3,27,575,2016,0
207,1,22,575,1990,0
207,1,22,575,1991,0
207,1,22,575,1992,0
207,1,22,575,1993,0
207,1,22,575,1994,0
207,1,22,575,1995,0
207,1,22,575,1996,0
207,1,22,575,1997,0
207,1,22,575,1998,0
207,1,22,575,1999,0
207,1,22,575,2000,0
207,1,22,575,2001,0
207,1,22,575,2002,0
207,1,22,575,2003,0
207,1,22,575,2004,0
207,1,22,575,2005,0
207,1,22,575,2006,0
207,1,22,575,2007,0
207,1,22,575,2008,0
207,1,22,575,2009,0
207,1,22,575,2010,0
207,1,22,575,2011,0
207,1,22,575,2012,0
207,1,22,575,2013,0
207,1,22,575,2014,0
207,1,22,575,2015,0
207,1,22,575,2016,0
207,1,27,575,1990,0
207,1,27,575,1991,0
207,1,27,575,1992,0
207,1,27,575,1993,0
207,1,27,575,1994,0
207,1,27,575,1995,0
207,1,27,575,1996,0
207,1,27,575,1997,0
207,1,27,575,1998,0
207,1,27,575,1999,0
207,1,27,575,2000,0
207,1,27,575,2001,0
207,1,27,575,2002,0
207,1,27,575,2003,0
207,1,27,575,2004,0
207,1,27,575,2005,0
207,1,27,575,2006,0
207,1,27,575,2007,0
207,1,27,575,2008,0
207,1,27,575,2009,0
207,1,27,575,2010,0
207,1,27,575,2011,0
207,1,27,575,2012,0
207,1,27,575,2013,0
207,1,27,575,2014,0
207,1,27,575,2015,0
207,1,27,575,2016,0
207,2,22,575,1990,0
207,2,22,575,1991,0
207,2,22,575,1992,0
207,2,22,575,1993,0
207,2,22,575,1994,0
207,2,22,575,1995,0
207,2,22,575,1996,0
207,2,22,575,1997,0
207,2,22,575,1998,0
207,2,22,575,1999,0
207,2,22,575,2000,0
207,2,22,575,2001,0
207,2,22,575,2002,0
207,2,22,575,2003,0
207,2,22,575,2004,0
207,2,22,575,2005,0
207,2,22,575,2006,0
207,2,22,575,2007,0
207,2,22,575,2008,0
207,2,22,575,2009,0
207,2,22,575,2010,0
207,2,22,575,2011,0
207,2,22,575,2012,0
207,2,22,575,2013,0
207,2,22,575,2014,0
207,2,22,575,2015,0
207,2,22,575,2016,0
207,2,27,575,1990,0
207,2,27,575,1991,0
207,2,27,575,1992,0
207,2,27,575,1993,0
207,2,27,575,1994,0
207,2,27,575,1995,0
207,2,27,575,1996,0
207,2,27,575,1997,0
207,2,27,575,1998,0
207,2,27,575,1999,0
207,2,27,575,2000,0
207,2,27,575,2001,0
207,2,27,575,2002,0
207,2,27,575,2003,0
207,2,27,575,2004,0
207,2,27,575,2005,0
207,2,27,575,2006,0
207,2,27,575,2007,0
207,2,27,575,2008,0
207,2,27,575,2009,0
207,2,27,575,2010,0
207,2,27,575,2011,0
207,2,27,575,2012,0
207,2,27,575,2013,0
207,2,27,575,2014,0
207,2,27,575,2015,0
207,2,27,575,2016,0
207,3,22,575,1990,0
207,3,22,575,1991,0
207,3,22,575,1992,0
207,3,22,575,1993,0
207,3,22,575,1994,0
207,3,22,575,1995,0
207,3,22,575,1996,0
207,3,22,575,1997,0
207,3,22,575,1998,0
207,3,22,575,1999,0
207,3,22,575,2000,0
207,3,22,575,2001,0
207,3,22,575,2002,0
207,3,22,575,2003,0
207,3,22,575,2004,0
207,3,22,575,2005,0
207,3,22,575,2006,0
207,3,22,575,2007,0
207,3,22,575,2008,0
207,3,22,575,2009,0
207,3,22,575,2010,0
207,3,22,575,2011,0
207,3,22,575,2012,0
207,3,22,575,2013,0
207,3,22,575,2014,0
207,3,22,575,2015,0
207,3,22,575,2016,0
207,3,27,575,1990,0
207,3,27,575,1991,0
207,3,27,575,1992,0
207,3,27,575,1993,0
207,3,27,575,1994,0
207,3,27,575,1995,0
207,3,27,575,1996,0
207,3,27,575,1997,0
207,3,27,575,1998,0
207,3,27,575,1999,0
207,3,27,575,2000,0
207,3,27,575,2001,0
207,3,27,575,2002,0
207,3,27,575,2003,0
207,3,27,575,2004,0
207,3,27,575,2005,0
207,3,27,575,2006,0
207,3,27,575,2007,0
207,3,27,575,2008,0
207,3,27,575,2009,0
207,3,27,575,2010,0
207,3,27,575,2011,0
207,3,27,575,2012,0
207,3,27,575,2013,0
207,3,27,575,2014,0
207,3,27,575,2015,0
207,3,27,575,2016,0
208,1,22,575,1990,0
208,1,22,575,1991,0
208,1,22,575,1992,0
208,1,22,575,1993,0
208,1,22,575,1994,0
208,1,22,575,1995,0
208,1,22,575,1996,0
208,1,22,575,1997,0
208,1,22,575,1998,0
208,1,22,575,1999,0
208,1,22,575,2000,0
208,1,22,575,2001,0
208,1,22,575,2002,0
208,1,22,575,2003,0
208,1,22,575,2004,0
208,1,22,575,2005,0
208,1,22,575,2006,0
208,1,22,575,2007,0
208,1,22,575,2008,0
208,1,22,575,2009,0
208,1,22,575,2010,0
208,1,22,575,2011,0
208,1,22,575,2012,0
208,1,22,575,2013,0
208,1,22,575,2014,0
208,1,22,575,2015,0
208,1,22,575,2016,0
208,1,27,575,1990,0
208,1,27,575,1991,0
208,1,27,575,1992,0
208,1,27,575,1993,0
208,1,27,575,1994,0
208,1,27,575,1995,0
208,1,27,575,1996,0
208,1,27,575,1997,0
208,1,27,575,1998,0
208,1,27,575,1999,0
208,1,27,575,2000,0
208,1,27,575,2001,0
208,1,27,575,2002,0
208,1,27,575,2003,0
208,1,27,575,2004,0
208,1,27,575,2005,0
208,1,27,575,2006,0
208,1,27,575,2007,0
208,1,27,575,2008,0
208,1,27,575,2009,0
208,1,27,575,2010,0
208,1,27,575,2011,0
208,1,27,575,2012,0
208,1,27,575,2013,0
208,1,27,575,2014,0
208,1,27,575,2015,0
208,1,27,575,2016,0
208,2,22,575,1990,0
208,2,22,575,1991,0
208,2,22,575,1992,0
208,2,22,575,1993,0
208,2,22,575,1994,0
208,2,22,575,1995,0
208,2,22,575,1996,0
208,2,22,575,1997,0
208,2,22,575,1998,0
208,2,22,575,1999,0
208,2,22,575,2000,0
208,2,22,575,2001,0
208,2,22,575,2002,0
208,2,22,575,2003,0
208,2,22,575,2004,0
208,2,22,575,2005,0
208,2,22,575,2006,0
208,2,22,575,2007,0
208,2,22,575,2008,0
208,2,22,575,2009,0
208,2,22,575,2010,0
208,2,22,575,2011,0
208,2,22,575,2012,0
208,2,22,575,2013,0
208,2,22,575,2014,0
208,2,22,575,2015,0
208,2,22,575,2016,0
208,2,27,575,1990,0
208,2,27,575,1991,0
208,2,27,575,1992,0
208,2,27,575,1993,0
208,2,27,575,1994,0
208,2,27,575,1995,0
208,2,27,575,1996,0
208,2,27,575,1997,0
208,2,27,575,1998,0
208,2,27,575,1999,0
208,2,27,575,2000,0
208,2,27,575,2001,0
208,2,27,575,2002,0
208,2,27,575,2003,0
208,2,27,575,2004,0
208,2,27,575,2005,0
208,2,27,575,2006,0
208,2,27,575,2007,0
208,2,27,575,2008,0
208,2,27,575,2009,0
208,2,27,575,2010,0
208,2,27,575,2011,0
208,2,27,575,2012,0
208,2,27,575,2013,0
208,2,27,575,2014,0
208,2,27,575,2015,0
208,2,27,575,2016,0
208,3,22,575,1990,0
208,3,22,575,1991,0
208,3,22,575,1992,0
208,3,22,575,1993,0
208,3,22,575,1994,0
208,3,22,575,1995,0
208,3,22,575,1996,0
208,3,22,575,1997,0
208,3,22,575,1998,0
208,3,22,575,1999,0
208,3,22,575,2000,0
208,3,22,575,2001,0
208,3,22,575,2002,0
208,3,22,575,2003,0
208,3,22,575,2004,0
208,3,22,575,2005,0
208,3,22,575,2006,0
208,3,22,575,2007,0
208,3,22,575,2008,0
208,3,22,575,2009,0
208,3,22,575,2010,0
208,3,22,575,2011,0
208,3,22,575,2012,0
208,3,22,575,2013,0
208,3,22,575,2014,0
208,3,22,575,2015,0
208,3,22,575,2016,0
208,3,27,575,1990,0
208,3,27,575,1991,0
208,3,27,575,1992,0
208,3,27,575,1993,0
208,3,27,575,1994,0
208,3,27,575,1995,0
208,3,27,575,1996,0
208,3,27,575,1997,0
208,3,27,575,1998,0
208,3,27,575,1999,0
208,3,27,575,2000,0
208,3,27,575,2001,0
208,3,27,575,2002,0
208,3,27,575,2003,0
208,3,27,575,2004,0
208,3,27,575,2005,0
208,3,27,575,2006,0
208,3,27,575,2007,0
208,3,27,575,2008,0
208,3,27,575,2009,0
208,3,27,575,2010,0
208,3,27,575,2011,0
208,3,27,575,2012,0
208,3,27,575,2013,0
208,3,27,575,2014,0
208,3,27,575,2015,0
208,3,27,575,2016,0
209,1,22,575,1990,0
209,1,22,575,1991,0
209,1,22,575,1992,0
209,1,22,575,1993,0
209,1,22,575,1994,0
209,1,22,575,1995,0
209,1,22,575,1996,0
209,1,22,575,1997,0
209,1,22,575,1998,0
209,1,22,575,1999,0
209,1,22,575,2000,0
209,1,22,575,2001,0
209,1,22,575,2002,0
209,1,22,575,2003,0
209,1,22,575,2004,0
209,1,22,575,2005,0
209,1,22,575,2006,0
209,1,22,575,2007,0
209,1,22,575,2008,0
209,1,22,575,2009,0
209,1,22,575,2010,0
209,1,22,575,2011,0
209,1,22,575,2012,0
209,1,22,575,2013,0
209,1,22,575,2014,0
209,1,22,575,2015,0
209,1,22,575,2016,0
209,1,27,575,1990,0
209,1,27,575,1991,0
209,1,27,575,1992,0
209,1,27,575,1993,0
209,1,27,575,1994,0
209,1,27,575,1995,0
209,1,27,575,1996,0
209,1,27,575,1997,0
209,1,27,575,1998,0
209,1,27,575,1999,0
209,1,27,575,2000,0
209,1,27,575,2001,0
209,1,27,575,2002,0
209,1,27,575,2003,0
209,1,27,575,2004,0
209,1,27,575,2005,0
209,1,27,575,2006,0
209,1,27,575,2007,0
209,1,27,575,2008,0
209,1,27,575,2009,0
209,1,27,575,2010,0
209,1,27,575,2011,0
209,1,27,575,2012,0
209,1,27,575,2013,0
209,1,27,575,2014,0
209,1,27,575,2015,0
209,1,27,575,2016,0
209,2,22,575,1990,0
209,2,22,575,1991,0
209,2,22,575,1992,0
209,2,22,575,1993,0
209,2,22,575,1994,0
209,2,22,575,1995,0
209,2,22,575,1996,0
209,2,22,575,1997,0
209,2,22,575,1998,0
209,2,22,575,1999,0
209,2,22,575,2000,0
209,2,22,575,2001,0
209,2,22,575,2002,0
209,2,22,575,2003,0
209,2,22,575,2004,0
209,2,22,575,2005,0
209,2,22,575,2006,0
209,2,22,575,2007,0
209,2,22,575,2008,0
209,2,22,575,2009,0
209,2,22,575,2010,0
209,2,22,575,2011,0
209,2,22,575,2012,0
209,2,22,575,2013,0
209,2,22,575,2014,0
209,2,22,575,2015,0
209,2,22,575,2016,0
209,2,27,575,1990,0
209,2,27,575,1991,0
209,2,27,575,1992,0
209,2,27,575,1993,0
209,2,27,575,1994,0
209,2,27,575,1995,0
209,2,27,575,1996,0
209,2,27,575,1997,0
209,2,27,575,1998,0
209,2,27,575,1999,0
209,2,27,575,2000,0
209,2,27,575,2001,0
209,2,27,575,2002,0
209,2,27,575,2003,0
209,2,27,575,2004,0
209,2,27,575,2005,0
209,2,27,575,2006,0
209,2,27,575,2007,0
209,2,27,575,2008,0
209,2,27,575,2009,0
209,2,27,575,2010,0
209,2,27,575,2011,0
209,2,27,575,2012,0
209,2,27,575,2013,0
209,2,27,575,2014,0
209,2,27,575,2015,0
209,2,27,575,2016,0
209,3,22,575,1990,0
209,3,22,575,1991,0
209,3,22,575,1992,0
209,3,22,575,1993,0
209,3,22,575,1994,0
209,3,22,575,1995,0
209,3,22,575,1996,0
209,3,22,575,1997,0
209,3,22,575,1998,0
209,3,22,575,1999,0
209,3,22,575,2000,0
209,3,22,575,2001,0
209,3,22,575,2002,0
209,3,22,575,2003,0
209,3,22,575,2004,0
209,3,22,575,2005,0
209,3,22,575,2006,0
209,3,22,575,2007,0
209,3,22,575,2008,0
209,3,22,575,2009,0
209,3,22,575,2010,0
209,3,22,575,2011,0
209,3,22,575,2012,0
209,3,22,575,2013,0
209,3,22,575,2014,0
209,3,22,575,2015,0
209,3,22,575,2016,0
209,3,27,575,1990,0
209,3,27,575,1991,0
209,3,27,575,1992,0
209,3,27,575,1993,0
209,3,27,575,1994,0
209,3,27,575,1995,0
209,3,27,575,1996,0
209,3,27,575,1997,0
209,3,27,575,1998,0
209,3,27,575,1999,0
209,3,27,575,2000,0
209,3,27,575,2001,0
209,3,27,575,2002,0
209,3,27,575,2003,0
209,3,27,575,2004,0
209,3,27,575,2005,0
209,3,27,575,2006,0
209,3,27,575,2007,0
209,3,27,575,2008,0
209,3,27,575,2009,0
209,3,27,575,2010,0
209,3,27,575,2011,0
209,3,27,575,2012,0
209,3,27,575,2013,0
209,3,27,575,2014,0
209,3,27,575,2015,0
209,3,27,575,2016,0
210,1,22,575,1990,0
210,1,22,575,1991,0
210,1,22,575,1992,0
210,1,22,575,1993,0
210,1,22,575,1994,0
210,1,22,575,1995,0
210,1,22,575,1996,0
210,1,22,575,1997,0
210,1,22,575,1998,0
210,1,22,575,1999,0
210,1,22,575,2000,0
210,1,22,575,2001,0
210,1,22,575,2002,0
210,1,22,575,2003,0
210,1,22,575,2004,0
210,1,22,575,2005,0
210,1,22,575,2006,0
210,1,22,575,2007,0
210,1,22,575,2008,0
210,1,22,575,2009,0
210,1,22,575,2010,0
210,1,22,575,2011,0
210,1,22,575,2012,0
210,1,22,575,2013,0
210,1,22,575,2014,0
210,1,22,575,2015,0
210,1,22,575,2016,0
210,1,27,575,1990,0
210,1,27,575,1991,0
210,1,27,575,1992,0
210,1,27,575,1993,0
210,1,27,575,1994,0
210,1,27,575,1995,0
210,1,27,575,1996,0
210,1,27,575,1997,0
210,1,27,575,1998,0
210,1,27,575,1999,0
210,1,27,575,2000,0
210,1,27,575,2001,0
210,1,27,575,2002,0
210,1,27,575,2003,0
210,1,27,575,2004,0
210,1,27,575,2005,0
210,1,27,575,2006,0
210,1,27,575,2007,0
210,1,27,575,2008,0
210,1,27,575,2009,0
210,1,27,575,2010,0
210,1,27,575,2011,0
210,1,27,575,2012,0
210,1,27,575,2013,0
210,1,27,575,2014,0
210,1,27,575,2015,0
210,1,27,575,2016,0
210,2,22,575,1990,0
210,2,22,575,1991,0
210,2,22,575,1992,0
210,2,22,575,1993,0
210,2,22,575,1994,0
210,2,22,575,1995,0
210,2,22,575,1996,0
210,2,22,575,1997,0
210,2,22,575,1998,0
210,2,22,575,1999,0
210,2,22,575,2000,0
210,2,22,575,2001,0
210,2,22,575,2002,0
210,2,22,575,2003,0
210,2,22,575,2004,0
210,2,22,575,2005,0
210,2,22,575,2006,0
210,2,22,575,2007,0
210,2,22,575,2008,0
210,2,22,575,2009,0
210,2,22,575,2010,0
210,2,22,575,2011,0
210,2,22,575,2012,0
210,2,22,575,2013,0
210,2,22,575,2014,0
210,2,22,575,2015,0
210,2,22,575,2016,0
210,2,27,575,1990,0
210,2,27,575,1991,0
210,2,27,575,1992,0
210,2,27,575,1993,0
210,2,27,575,1994,0
210,2,27,575,1995,0
210,2,27,575,1996,0
210,2,27,575,1997,0
210,2,27,575,1998,0
210,2,27,575,1999,0
210,2,27,575,2000,0
210,2,27,575,2001,0
210,2,27,575,2002,0
210,2,27,575,2003,0
210,2,27,575,2004,0
210,2,27,575,2005,0
210,2,27,575,2006,0
210,2,27,575,2007,0
210,2,27,575,2008,0
210,2,27,575,2009,0
210,2,27,575,2010,0
210,2,27,575,2011,0
210,2,27,575,2012,0
210,2,27,575,2013,0
210,2,27,575,2014,0
210,2,27,575,2015,0
210,2,27,575,2016,0
210,3,22,575,1990,0
210,3,22,575,1991,0
210,3,22,575,1992,0
210,3,22,575,1993,0
210,3,22,575,1994,0
210,3,22,575,1995,0
210,3,22,575,1996,0
210,3,22,575,1997,0
210,3,22,575,1998,0
210,3,22,575,1999,0
210,3,22,575,2000,0
210,3,22,575,2001,0
210,3,22,575,2002,0
210,3,22,575,2003,0
210,3,22,575,2004,0
210,3,22,575,2005,0
210,3,22,575,2006,0
210,3,22,575,2007,0
210,3,22,575,2008,0
210,3,22,575,2009,0
210,3,22,575,2010,0
210,3,22,575,2011,0
210,3,22,575,2012,0
210,3,22,575,2013,0
210,3,22,575,2014,0
210,3,22,575,2015,0
210,3,22,575,2016,0
210,3,27,575,1990,0
210,3,27,575,1991,0
210,3,27,575,1992,0
210,3,27,575,1993,0
210,3,27,575,1994,0
210,3,27,575,1995,0
210,3,27,575,1996,0
210,3,27,575,1997,0
210,3,27,575,1998,0
210,3,27,575,1999,0
210,3,27,575,2000,0
210,3,27,575,2001,0
210,3,27,575,2002,0
210,3,27,575,2003,0
210,3,27,575,2004,0
210,3,27,575,2005,0
210,3,27,575,2006,0
210,3,27,575,2007,0
210,3,27,575,2008,0
210,3,27,575,2009,0
210,3,27,575,2010,0
210,3,27,575,2011,0
210,3,27,575,2012,0
210,3,27,575,2013,0
210,3,27,575,2014,0
210,3,27,575,2015,0
210,3,27,575,2016,0
211,1,22,575,1990,0
211,1,22,575,1991,0
211,1,22,575,1992,0
211,1,22,575,1993,0
211,1,22,575,1994,0
211,1,22,575,1995,0
211,1,22,575,1996,0
211,1,22,575,1997,0
211,1,22,575,1998,0
211,1,22,575,1999,0
211,1,22,575,2000,0
211,1,22,575,2001,0
211,1,22,575,2002,0
211,1,22,575,2003,0
211,1,22,575,2004,0
211,1,22,575,2005,0
211,1,22,575,2006,0
211,1,22,575,2007,0
211,1,22,575,2008,0
211,1,22,575,2009,0
211,1,22,575,2010,0
211,1,22,575,2011,0
211,1,22,575,2012,0
211,1,22,575,2013,0
211,1,22,575,2014,0
211,1,22,575,2015,0
211,1,22,575,2016,0
211,1,27,575,1990,0
211,1,27,575,1991,0
211,1,27,575,1992,0
211,1,27,575,1993,0
211,1,27,575,1994,0
211,1,27,575,1995,0
211,1,27,575,1996,0
211,1,27,575,1997,0
211,1,27,575,1998,0
211,1,27,575,1999,0
211,1,27,575,2000,0
211,1,27,575,2001,0
211,1,27,575,2002,0
211,1,27,575,2003,0
211,1,27,575,2004,0
211,1,27,575,2005,0
211,1,27,575,2006,0
211,1,27,575,2007,0
211,1,27,575,2008,0
211,1,27,575,2009,0
211,1,27,575,2010,0
211,1,27,575,2011,0
211,1,27,575,2012,0
211,1,27,575,2013,0
211,1,27,575,2014,0
211,1,27,575,2015,0
211,1,27,575,2016,0
211,2,22,575,1990,0
211,2,22,575,1991,0
211,2,22,575,1992,0
211,2,22,575,1993,0
211,2,22,575,1994,0
211,2,22,575,1995,0
211,2,22,575,1996,0
211,2,22,575,1997,0
211,2,22,575,1998,0
211,2,22,575,1999,0
211,2,22,575,2000,0
211,2,22,575,2001,0
211,2,22,575,2002,0
211,2,22,575,2003,0
211,2,22,575,2004,0
211,2,22,575,2005,0
211,2,22,575,2006,0
211,2,22,575,2007,0
211,2,22,575,2008,0
211,2,22,575,2009,0
211,2,22,575,2010,0
211,2,22,575,2011,0
211,2,22,575,2012,0
211,2,22,575,2013,0
211,2,22,575,2014,0
211,2,22,575,2015,0
211,2,22,575,2016,0
211,2,27,575,1990,0
211,2,27,575,1991,0
211,2,27,575,1992,0
211,2,27,575,1993,0
211,2,27,575,1994,0
211,2,27,575,1995,0
211,2,27,575,1996,0
211,2,27,575,1997,0
211,2,27,575,1998,0
211,2,27,575,1999,0
211,2,27,575,2000,0
211,2,27,575,2001,0
211,2,27,575,2002,0
211,2,27,575,2003,0
211,2,27,575,2004,0
211,2,27,575,2005,0
211,2,27,575,2006,0
211,2,27,575,2007,0
211,2,27,575,2008,0
211,2,27,575,2009,0
211,2,27,575,2010,0
211,2,27,575,2011,0
211,2,27,575,2012,0
211,2,27,575,2013,0
211,2,27,575,2014,0
211,2,27,575,2015,0
211,2,27,575,2016,0
211,3,22,575,1990,0
211,3,22,575,1991,0
211,3,22,575,1992,0
211,3,22,575,1993,0
211,3,22,575,1994,0
211,3,22,575,1995,0
211,3,22,575,1996,0
211,3,22,575,1997,0
211,3,22,575,1998,0
211,3,22,575,1999,0
211,3,22,575,2000,0
211,3,22,575,2001,0
211,3,22,575,2002,0
211,3,22,575,2003,0
211,3,22,575,2004,0
211,3,22,575,2005,0
211,3,22,575,2006,0
211,3,22,575,2007,0
211,3,22,575,2008,0
211,3,22,575,2009,0
211,3,22,575,2010,0
211,3,22,575,2011,0
211,3,22,575,2012,0
211,3,22,575,2013,0
211,3,22,575,2014,0
211,3,22,575,2015,0
211,3,22,575,2016,0
211,3,27,575,1990,0
211,3,27,575,1991,0
211,3,27,575,1992,0
211,3,27,575,1993,0
211,3,27,575,1994,0
211,3,27,575,1995,0
211,3,27,575,1996,0
211,3,27,575,1997,0
211,3,27,575,1998,0
211,3,27,575,1999,0
211,3,27,575,2000,0
211,3,27,575,2001,0
211,3,27,575,2002,0
211,3,27,575,2003,0
211,3,27,575,2004,0
211,3,27,575,2005,0
211,3,27,575,2006,0
211,3,27,575,2007,0
211,3,27,575,2008,0
211,3,27,575,2009,0
211,3,27,575,2010,0
211,3,27,575,2011,0
211,3,27,575,2012,0
211,3,27,575,2013,0
211,3,27,575,2014,0
211,3,27,575,2015,0
211,3,27,575,2016,0
212,1,22,575,1990,0
212,1,22,575,1991,0
212,1,22,575,1992,0
212,1,22,575,1993,0
212,1,22,575,1994,0
212,1,22,575,1995,0
212,1,22,575,1996,0
212,1,22,575,1997,0
212,1,22,575,1998,0
212,1,22,575,1999,0
212,1,22,575,2000,0
212,1,22,575,2001,0
212,1,22,575,2002,0
212,1,22,575,2003,0
212,1,22,575,2004,0
212,1,22,575,2005,0
212,1,22,575,2006,0
212,1,22,575,2007,0
212,1,22,575,2008,0
212,1,22,575,2009,0
212,1,22,575,2010,0
212,1,22,575,2011,0
212,1,22,575,2012,0
212,1,22,575,2013,0
212,1,22,575,2014,0
212,1,22,575,2015,0
212,1,22,575,2016,0
212,1,27,575,1990,0
212,1,27,575,1991,0
212,1,27,575,1992,0
212,1,27,575,1993,0
212,1,27,575,1994,0
212,1,27,575,1995,0
212,1,27,575,1996,0
212,1,27,575,1997,0
212,1,27,575,1998,0
212,1,27,575,1999,0
212,1,27,575,2000,0
212,1,27,575,2001,0
212,1,27,575,2002,0
212,1,27,575,2003,0
212,1,27,575,2004,0
212,1,27,575,2005,0
212,1,27,575,2006,0
212,1,27,575,2007,0
212,1,27,575,2008,0
212,1,27,575,2009,0
212,1,27,575,2010,0
212,1,27,575,2011,0
212,1,27,575,2012,0
212,1,27,575,2013,0
212,1,27,575,2014,0
212,1,27,575,2015,0
212,1,27,575,2016,0
212,2,22,575,1990,0
212,2,22,575,1991,0
212,2,22,575,1992,0
212,2,22,575,1993,0
212,2,22,575,1994,0
212,2,22,575,1995,0
212,2,22,575,1996,0
212,2,22,575,1997,0
212,2,22,575,1998,0
212,2,22,575,1999,0
212,2,22,575,2000,0
212,2,22,575,2001,0
212,2,22,575,2002,0
212,2,22,575,2003,0
212,2,22,575,2004,0
212,2,22,575,2005,0
212,2,22,575,2006,0
212,2,22,575,2007,0
212,2,22,575,2008,0
212,2,22,575,2009,0
212,2,22,575,2010,0
212,2,22,575,2011,0
212,2,22,575,2012,0
212,2,22,575,2013,0
212,2,22,575,2014,0
212,2,22,575,2015,0
212,2,22,575,2016,0
212,2,27,575,1990,0
212,2,27,575,1991,0
212,2,27,575,1992,0
212,2,27,575,1993,0
212,2,27,575,1994,0
212,2,27,575,1995,0
212,2,27,575,1996,0
212,2,27,575,1997,0
212,2,27,575,1998,0
212,2,27,575,1999,0
212,2,27,575,2000,0
212,2,27,575,2001,0
212,2,27,575,2002,0
212,2,27,575,2003,0
212,2,27,575,2004,0
212,2,27,575,2005,0
212,2,27,575,2006,0
212,2,27,575,2007,0
212,2,27,575,2008,0
212,2,27,575,2009,0
212,2,27,575,2010,0
212,2,27,575,2011,0
212,2,27,575,2012,0
212,2,27,575,2013,0
212,2,27,575,2014,0
212,2,27,575,2015,0
212,2,27,575,2016,0
212,3,22,575,1990,0
212,3,22,575,1991,0
212,3,22,575,1992,0
212,3,22,575,1993,0
212,3,22,575,1994,0
212,3,22,575,1995,0
212,3,22,575,1996,0
212,3,22,575,1997,0
212,3,22,575,1998,0
212,3,22,575,1999,0
212,3,22,575,2000,0
212,3,22,575,2001,0
212,3,22,575,2002,0
212,3,22,575,2003,0
212,3,22,575,2004,0
212,3,22,575,2005,0
212,3,22,575,2006,0
212,3,22,575,2007,0
212,3,22,575,2008,0
212,3,22,575,2009,0
212,3,22,575,2010,0
212,3,22,575,2011,0
212,3,22,575,2012,0
212,3,22,575,2013,0
212,3,22,575,2014,0
212,3,22,575,2015,0
212,3,22,575,2016,0
212,3,27,575,1990,0
212,3,27,575,1991,0
212,3,27,575,1992,0
212,3,27,575,1993,0
212,3,27,575,1994,0
212,3,27,575,1995,0
212,3,27,575,1996,0
212,3,27,575,1997,0
212,3,27,575,1998,0
212,3,27,575,1999,0
212,3,27,575,2000,0
212,3,27,575,2001,0
212,3,27,575,2002,0
212,3,27,575,2003,0
212,3,27,575,2004,0
212,3,27,575,2005,0
212,3,27,575,2006,0
212,3,27,575,2007,0
212,3,27,575,2008,0
212,3,27,575,2009,0
212,3,27,575,2010,0
212,3,27,575,2011,0
212,3,27,575,2012,0
212,3,27,575,2013,0
212,3,27,575,2014,0
212,3,27,575,2015,0
212,3,27,575,2016,0
213,1,22,575,1990,0
213,1,22,575,1991,0
213,1,22,575,1992,0
213,1,22,575,1993,0
213,1,22,575,1994,0
213,1,22,575,1995,0
213,1,22,575,1996,0
213,1,22,575,1997,0
213,1,22,575,1998,0
213,1,22,575,1999,0
213,1,22,575,2000,0
213,1,22,575,2001,0
213,1,22,575,2002,0
213,1,22,575,2003,0
213,1,22,575,2004,0
213,1,22,575,2005,0
213,1,22,575,2006,0
213,1,22,575,2007,0
213,1,22,575,2008,0
213,1,22,575,2009,0
213,1,22,575,2010,0
213,1,22,575,2011,0
213,1,22,575,2012,0
213,1,22,575,2013,0
213,1,22,575,2014,0
213,1,22,575,2015,0
213,1,22,575,2016,0
213,1,27,575,1990,0
213,1,27,575,1991,0
213,1,27,575,1992,0
213,1,27,575,1993,0
213,1,27,575,1994,0
213,1,27,575,1995,0
213,1,27,575,1996,0
213,1,27,575,1997,0
213,1,27,575,1998,0
213,1,27,575,1999,0
213,1,27,575,2000,0
213,1,27,575,2001,0
213,1,27,575,2002,0
213,1,27,575,2003,0
213,1,27,575,2004,0
213,1,27,575,2005,0
213,1,27,575,2006,0
213,1,27,575,2007,0
213,1,27,575,2008,0
213,1,27,575,2009,0
213,1,27,575,2010,0
213,1,27,575,2011,0
213,1,27,575,2012,0
213,1,27,575,2013,0
213,1,27,575,2014,0
213,1,27,575,2015,0
213,1,27,575,2016,0
213,2,22,575,1990,0
213,2,22,575,1991,0
213,2,22,575,1992,0
213,2,22,575,1993,0
213,2,22,575,1994,0
213,2,22,575,1995,0
213,2,22,575,1996,0
213,2,22,575,1997,0
213,2,22,575,1998,0
213,2,22,575,1999,0
213,2,22,575,2000,0
213,2,22,575,2001,0
213,2,22,575,2002,0
213,2,22,575,2003,0
213,2,22,575,2004,0
213,2,22,575,2005,0
213,2,22,575,2006,0
213,2,22,575,2007,0
213,2,22,575,2008,0
213,2,22,575,2009,0
213,2,22,575,2010,0
213,2,22,575,2011,0
213,2,22,575,2012,0
213,2,22,575,2013,0
213,2,22,575,2014,0
213,2,22,575,2015,0
213,2,22,575,2016,0
213,2,27,575,1990,0
213,2,27,575,1991,0
213,2,27,575,1992,0
213,2,27,575,1993,0
213,2,27,575,1994,0
213,2,27,575,1995,0
213,2,27,575,1996,0
213,2,27,575,1997,0
213,2,27,575,1998,0
213,2,27,575,1999,0
213,2,27,575,2000,0
213,2,27,575,2001,0
213,2,27,575,2002,0
213,2,27,575,2003,0
213,2,27,575,2004,0
213,2,27,575,2005,0
213,2,27,575,2006,0
213,2,27,575,2007,0
213,2,27,575,2008,0
213,2,27,575,2009,0
213,2,27,575,2010,0
213,2,27,575,2011,0
213,2,27,575,2012,0
213,2,27,575,2013,0
213,2,27,575,2014,0
213,2,27,575,2015,0
213,2,27,575,2016,0
213,3,22,575,1990,0
213,3,22,575,1991,0
213,3,22,575,1992,0
213,3,22,575,1993,0
213,3,22,575,1994,0
213,3,22,575,1995,0
213,3,22,575,1996,0
213,3,22,575,1997,0
213,3,22,575,1998,0
213,3,22,575,1999,0
213,3,22,575,2000,0
213,3,22,575,2001,0
213,3,22,575,2002,0
213,3,22,575,2003,0
213,3,22,575,2004,0
213,3,22,575,2005,0
213,3,22,575,2006,0
213,3,22,575,2007,0
213,3,22,575,2008,0
213,3,22,575,2009,0
213,3,22,575,2010,0
213,3,22,575,2011,0
213,3,22,575,2012,0
213,3,22,575,2013,0
213,3,22,575,2014,0
213,3,22,575,2015,0
213,3,22,575,2016,0
213,3,27,575,1990,0
213,3,27,575,1991,0
213,3,27,575,1992,0
213,3,27,575,1993,0
213,3,27,575,1994,0
213,3,27,575,1995,0
213,3,27,575,1996,0
213,3,27,575,1997,0
213,3,27,575,1998,0
213,3,27,575,1999,0
213,3,27,575,2000,0
213,3,27,575,2001,0
213,3,27,575,2002,0
213,3,27,575,2003,0
213,3,27,575,2004,0
213,3,27,575,2005,0
213,3,27,575,2006,0
213,3,27,575,2007,0
213,3,27,575,2008,0
213,3,27,575,2009,0
213,3,27,575,2010,0
213,3,27,575,2011,0
213,3,27,575,2012,0
213,3,27,575,2013,0
213,3,27,575,2014,0
213,3,27,575,2015,0
213,3,27,575,2016,0
214,1,22,575,1990,0
214,1,22,575,1991,0
214,1,22,575,1992,0
214,1,22,575,1993,0
214,1,22,575,1994,0
214,1,22,575,1995,0
214,1,22,575,1996,0
214,1,22,575,1997,0
214,1,22,575,1998,0
214,1,22,575,1999,0
214,1,22,575,2000,0
214,1,22,575,2001,0
214,1,22,575,2002,0
214,1,22,575,2003,0
214,1,22,575,2004,0
214,1,22,575,2005,0
214,1,22,575,2006,0
214,1,22,575,2007,0
214,1,22,575,2008,0
214,1,22,575,2009,0
214,1,22,575,2010,0
214,1,22,575,2011,0
214,1,22,575,2012,0
214,1,22,575,2013,0
214,1,22,575,2014,0
214,1,22,575,2015,0
214,1,22,575,2016,0
214,1,27,575,1990,0
214,1,27,575,1991,0
214,1,27,575,1992,0
214,1,27,575,1993,0
214,1,27,575,1994,0
214,1,27,575,1995,0
214,1,27,575,1996,0
214,1,27,575,1997,0
214,1,27,575,1998,0
214,1,27,575,1999,0
214,1,27,575,2000,0
214,1,27,575,2001,0
214,1,27,575,2002,0
214,1,27,575,2003,0
214,1,27,575,2004,0
214,1,27,575,2005,0
214,1,27,575,2006,0
214,1,27,575,2007,0
214,1,27,575,2008,0
214,1,27,575,2009,0
214,1,27,575,2010,0
214,1,27,575,2011,0
214,1,27,575,2012,0
214,1,27,575,2013,0
214,1,27,575,2014,0
214,1,27,575,2015,0
214,1,27,575,2016,0
214,2,22,575,1990,0
214,2,22,575,1991,0
214,2,22,575,1992,0
214,2,22,575,1993,0
214,2,22,575,1994,0
214,2,22,575,1995,0
214,2,22,575,1996,0
214,2,22,575,1997,0
214,2,22,575,1998,0
214,2,22,575,1999,0
214,2,22,575,2000,0
214,2,22,575,2001,0
214,2,22,575,2002,0
214,2,22,575,2003,0
214,2,22,575,2004,0
214,2,22,575,2005,0
214,2,22,575,2006,0
214,2,22,575,2007,0
214,2,22,575,2008,0
214,2,22,575,2009,0
214,2,22,575,2010,0
214,2,22,575,2011,0
214,2,22,575,2012,0
214,2,22,575,2013,0
214,2,22,575,2014,0
214,2,22,575,2015,0
214,2,22,575,2016,0
214,2,27,575,1990,0
214,2,27,575,1991,0
214,2,27,575,1992,0
214,2,27,575,1993,0
214,2,27,575,1994,0
214,2,27,575,1995,0
214,2,27,575,1996,0
214,2,27,575,1997,0
214,2,27,575,1998,0
214,2,27,575,1999,0
214,2,27,575,2000,0
214,2,27,575,2001,0
214,2,27,575,2002,0
214,2,27,575,2003,0
214,2,27,575,2004,0
214,2,27,575,2005,0
214,2,27,575,2006,0
214,2,27,575,2007,0
214,2,27,575,2008,0
214,2,27,575,2009,0
214,2,27,575,2010,0
214,2,27,575,2011,0
214,2,27,575,2012,0
214,2,27,575,2013,0
214,2,27,575,2014,0
214,2,27,575,2015,0
214,2,27,575,2016,0
214,3,22,575,1990,0
214,3,22,575,1991,0
214,3,22,575,1992,0
214,3,22,575,1993,0
214,3,22,575,1994,0
214,3,22,575,1995,0
214,3,22,575,1996,0
214,3,22,575,1997,0
214,3,22,575,1998,0
214,3,22,575,1999,0
214,3,22,575,2000,0
214,3,22,575,2001,0
214,3,22,575,2002,0
214,3,22,575,2003,0
214,3,22,575,2004,0
214,3,22,575,2005,0
214,3,22,575,2006,0
214,3,22,575,2007,0
214,3,22,575,2008,0
214,3,22,575,2009,0
214,3,22,575,2010,0
214,3,22,575,2011,0
214,3,22,575,2012,0
214,3,22,575,2013,0
214,3,22,575,2014,0
214,3,22,575,2015,0
214,3,22,575,2016,0
214,3,27,575,1990,0
214,3,27,575,1991,0
214,3,27,575,1992,0
214,3,27,575,1993,0
214,3,27,575,1994,0
214,3,27,575,1995,0
214,3,27,575,1996,0
214,3,27,575,1997,0
214,3,27,575,1998,0
214,3,27,575,1999,0
214,3,27,575,2000,0
214,3,27,575,2001,0
214,3,27,575,2002,0
214,3,27,575,2003,0
214,3,27,575,2004,0
214,3,27,575,2005,0
214,3,27,575,2006,0
214,3,27,575,2007,0
214,3,27,575,2008,0
214,3,27,575,2009,0
214,3,27,575,2010,0
214,3,27,575,2011,0
214,3,27,575,2012,0
214,3,27,575,2013,0
214,3,27,575,2014,0
214,3,27,575,2015,0
214,3,27,575,2016,0
215,1,22,575,1990,0
215,1,22,575,1991,0
215,1,22,575,1992,0
215,1,22,575,1993,0
215,1,22,575,1994,0
215,1,22,575,1995,0
215,1,22,575,1996,0
215,1,22,575,1997,0
215,1,22,575,1998,0
215,1,22,575,1999,0
215,1,22,575,2000,0
215,1,22,575,2001,0
215,1,22,575,2002,0
215,1,22,575,2003,0
215,1,22,575,2004,0
215,1,22,575,2005,0
215,1,22,575,2006,0
215,1,22,575,2007,0
215,1,22,575,2008,0
215,1,22,575,2009,0
215,1,22,575,2010,0
215,1,22,575,2011,0
215,1,22,575,2012,0
215,1,22,575,2013,0
215,1,22,575,2014,0
215,1,22,575,2015,0
215,1,22,575,2016,0
215,1,27,575,1990,0
215,1,27,575,1991,0
215,1,27,575,1992,0
215,1,27,575,1993,0
215,1,27,575,1994,0
215,1,27,575,1995,0
215,1,27,575,1996,0
215,1,27,575,1997,0
215,1,27,575,1998,0
215,1,27,575,1999,0
215,1,27,575,2000,0
215,1,27,575,2001,0
215,1,27,575,2002,0
215,1,27,575,2003,0
215,1,27,575,2004,0
215,1,27,575,2005,0
215,1,27,575,2006,0
215,1,27,575,2007,0
215,1,27,575,2008,0
215,1,27,575,2009,0
215,1,27,575,2010,0
215,1,27,575,2011,0
215,1,27,575,2012,0
215,1,27,575,2013,0
215,1,27,575,2014,0
215,1,27,575,2015,0
215,1,27,575,2016,0
215,2,22,575,1990,0
215,2,22,575,1991,0
215,2,22,575,1992,0
215,2,22,575,1993,0
215,2,22,575,1994,0
215,2,22,575,1995,0
215,2,22,575,1996,0
215,2,22,575,1997,0
215,2,22,575,1998,0
215,2,22,575,1999,0
215,2,22,575,2000,0
215,2,22,575,2001,0
215,2,22,575,2002,0
215,2,22,575,2003,0
215,2,22,575,2004,0
215,2,22,575,2005,0
215,2,22,575,2006,0
215,2,22,575,2007,0
215,2,22,575,2008,0
215,2,22,575,2009,0
215,2,22,575,2010,0
215,2,22,575,2011,0
215,2,22,575,2012,0
215,2,22,575,2013,0
215,2,22,575,2014,0
215,2,22,575,2015,0
215,2,22,575,2016,0
215,2,27,575,1990,0
215,2,27,575,1991,0
215,2,27,575,1992,0
215,2,27,575,1993,0
215,2,27,575,1994,0
215,2,27,575,1995,0
215,2,27,575,1996,0
215,2,27,575,1997,0
215,2,27,575,1998,0
215,2,27,575,1999,0
215,2,27,575,2000,0
215,2,27,575,2001,0
215,2,27,575,2002,0
215,2,27,575,2003,0
215,2,27,575,2004,0
215,2,27,575,2005,0
215,2,27,575,2006,0
215,2,27,575,2007,0
215,2,27,575,2008,0
215,2,27,575,2009,0
215,2,27,575,2010,0
215,2,27,575,2011,0
215,2,27,575,2012,0
215,2,27,575,2013,0
215,2,27,575,2014,0
215,2,27,575,2015,0
215,2,27,575,2016,0
215,3,22,575,1990,0
215,3,22,575,1991,0
215,3,22,575,1992,0
215,3,22,575,1993,0
215,3,22,575,1994,0
215,3,22,575,1995,0
215,3,22,575,1996,0
215,3,22,575,1997,0
215,3,22,575,1998,0
215,3,22,575,1999,0
215,3,22,575,2000,0
215,3,22,575,2001,0
215,3,22,575,2002,0
215,3,22,575,2003,0
215,3,22,575,2004,0
215,3,22,575,2005,0
215,3,22,575,2006,0
215,3,22,575,2007,0
215,3,22,575,2008,0
215,3,22,575,2009,0
215,3,22,575,2010,0
215,3,22,575,2011,0
215,3,22,575,2012,0
215,3,22,575,2013,0
215,3,22,575,2014,0
215,3,22,575,2015,0
215,3,22,575,2016,0
215,3,27,575,1990,0
215,3,27,575,1991,0
215,3,27,575,1992,0
215,3,27,575,1993,0
215,3,27,575,1994,0
215,3,27,575,1995,0
215,3,27,575,1996,0
215,3,27,575,1997,0
215,3,27,575,1998,0
215,3,27,575,1999,0
215,3,27,575,2000,0
215,3,27,575,2001,0
215,3,27,575,2002,0
215,3,27,575,2003,0
215,3,27,575,2004,0
215,3,27,575,2005,0
215,3,27,575,2006,0
215,3,27,575,2007,0
215,3,27,575,2008,0
215,3,27,575,2009,0
215,3,27,575,2010,0
215,3,27,575,2011,0
215,3,27,575,2012,0
215,3,27,575,2013,0
215,3,27,575,2014,0
215,3,27,575,2015,0
215,3,27,575,2016,0
216,1,22,575,1990,0
216,1,22,575,1991,0
216,1,22,575,1992,0
216,1,22,575,1993,0
216,1,22,575,1994,0
216,1,22,575,1995,0
216,1,22,575,1996,0
216,1,22,575,1997,0
216,1,22,575,1998,0
216,1,22,575,1999,0
216,1,22,575,2000,0
216,1,22,575,2001,0
216,1,22,575,2002,0
216,1,22,575,2003,0
216,1,22,575,2004,0
216,1,22,575,2005,0
216,1,22,575,2006,0
216,1,22,575,2007,0
216,1,22,575,2008,0
216,1,22,575,2009,0
216,1,22,575,2010,0
216,1,22,575,2011,0
216,1,22,575,2012,0
216,1,22,575,2013,0
216,1,22,575,2014,0
216,1,22,575,2015,0
216,1,22,575,2016,0
216,1,27,575,1990,0
216,1,27,575,1991,0
216,1,27,575,1992,0
216,1,27,575,1993,0
216,1,27,575,1994,0
216,1,27,575,1995,0
216,1,27,575,1996,0
216,1,27,575,1997,0
216,1,27,575,1998,0
216,1,27,575,1999,0
216,1,27,575,2000,0
216,1,27,575,2001,0
216,1,27,575,2002,0
216,1,27,575,2003,0
216,1,27,575,2004,0
216,1,27,575,2005,0
216,1,27,575,2006,0
216,1,27,575,2007,0
216,1,27,575,2008,0
216,1,27,575,2009,0
216,1,27,575,2010,0
216,1,27,575,2011,0
216,1,27,575,2012,0
216,1,27,575,2013,0
216,1,27,575,2014,0
216,1,27,575,2015,0
216,1,27,575,2016,0
216,2,22,575,1990,0
216,2,22,575,1991,0
216,2,22,575,1992,0
216,2,22,575,1993,0
216,2,22,575,1994,0
216,2,22,575,1995,0
216,2,22,575,1996,0
216,2,22,575,1997,0
216,2,22,575,1998,0
216,2,22,575,1999,0
216,2,22,575,2000,0
216,2,22,575,2001,0
216,2,22,575,2002,0
216,2,22,575,2003,0
216,2,22,575,2004,0
216,2,22,575,2005,0
216,2,22,575,2006,0
216,2,22,575,2007,0
216,2,22,575,2008,0
216,2,22,575,2009,0
216,2,22,575,2010,0
216,2,22,575,2011,0
216,2,22,575,2012,0
216,2,22,575,2013,0
216,2,22,575,2014,0
216,2,22,575,2015,0
216,2,22,575,2016,0
216,2,27,575,1990,0
216,2,27,575,1991,0
216,2,27,575,1992,0
216,2,27,575,1993,0
216,2,27,575,1994,0
216,2,27,575,1995,0
216,2,27,575,1996,0
216,2,27,575,1997,0
216,2,27,575,1998,0
216,2,27,575,1999,0
216,2,27,575,2000,0
216,2,27,575,2001,0
216,2,27,575,2002,0
216,2,27,575,2003,0
216,2,27,575,2004,0
216,2,27,575,2005,0
216,2,27,575,2006,0
216,2,27,575,2007,0
216,2,27,575,2008,0
216,2,27,575,2009,0
216,2,27,575,2010,0
216,2,27,575,2011,0
216,2,27,575,2012,0
216,2,27,575,2013,0
216,2,27,575,2014,0
216,2,27,575,2015,0
216,2,27,575,2016,0
216,3,22,575,1990,0
216,3,22,575,1991,0
216,3,22,575,1992,0
216,3,22,575,1993,0
216,3,22,575,1994,0
216,3,22,575,1995,0
216,3,22,575,1996,0
216,3,22,575,1997,0
216,3,22,575,1998,0
216,3,22,575,1999,0
216,3,22,575,2000,0
216,3,22,575,2001,0
216,3,22,575,2002,0
216,3,22,575,2003,0
216,3,22,575,2004,0
216,3,22,575,2005,0
216,3,22,575,2006,0
216,3,22,575,2007,0
216,3,22,575,2008,0
216,3,22,575,2009,0
216,3,22,575,2010,0
216,3,22,575,2011,0
216,3,22,575,2012,0
216,3,22,575,2013,0
216,3,22,575,2014,0
216,3,22,575,2015,0
216,3,22,575,2016,0
216,3,27,575,1990,0
216,3,27,575,1991,0
216,3,27,575,1992,0
216,3,27,575,1993,0
216,3,27,575,1994,0
216,3,27,575,1995,0
216,3,27,575,1996,0
216,3,27,575,1997,0
216,3,27,575,1998,0
216,3,27,575,1999,0
216,3,27,575,2000,0
216,3,27,575,2001,0
216,3,27,575,2002,0
216,3,27,575,2003,0
216,3,27,575,2004,0
216,3,27,575,2005,0
216,3,27,575,2006,0
216,3,27,575,2007,0
216,3,27,575,2008,0
216,3,27,575,2009,0
216,3,27,575,2010,0
216,3,27,575,2011,0
216,3,27,575,2012,0
216,3,27,575,2013,0
216,3,27,575,2014,0
216,3,27,575,2015,0
216,3,27,575,2016,0
217,1,22,575,1990,0
217,1,22,575,1991,0
217,1,22,575,1992,0
217,1,22,575,1993,0
217,1,22,575,1994,0
217,1,22,575,1995,0
217,1,22,575,1996,0
217,1,22,575,1997,0
217,1,22,575,1998,0
217,1,22,575,1999,0
217,1,22,575,2000,0
217,1,22,575,2001,0
217,1,22,575,2002,0
217,1,22,575,2003,0
217,1,22,575,2004,0
217,1,22,575,2005,0
217,1,22,575,2006,0
217,1,22,575,2007,0
217,1,22,575,2008,0
217,1,22,575,2009,0
217,1,22,575,2010,0
217,1,22,575,2011,0
217,1,22,575,2012,0
217,1,22,575,2013,0
217,1,22,575,2014,0
217,1,22,575,2015,0
217,1,22,575,2016,0
217,1,27,575,1990,0
217,1,27,575,1991,0
217,1,27,575,1992,0
217,1,27,575,1993,0
217,1,27,575,1994,0
217,1,27,575,1995,0
217,1,27,575,1996,0
217,1,27,575,1997,0
217,1,27,575,1998,0
217,1,27,575,1999,0
217,1,27,575,2000,0
217,1,27,575,2001,0
217,1,27,575,2002,0
217,1,27,575,2003,0
217,1,27,575,2004,0
217,1,27,575,2005,0
217,1,27,575,2006,0
217,1,27,575,2007,0
217,1,27,575,2008,0
217,1,27,575,2009,0
217,1,27,575,2010,0
217,1,27,575,2011,0
217,1,27,575,2012,0
217,1,27,575,2013,0
217,1,27,575,2014,0
217,1,27,575,2015,0
217,1,27,575,2016,0
217,2,22,575,1990,0
217,2,22,575,1991,0
217,2,22,575,1992,0
217,2,22,575,1993,0
217,2,22,575,1994,0
217,2,22,575,1995,0
217,2,22,575,1996,0
217,2,22,575,1997,0
217,2,22,575,1998,0
217,2,22,575,1999,0
217,2,22,575,2000,0
217,2,22,575,2001,0
217,2,22,575,2002,0
217,2,22,575,2003,0
217,2,22,575,2004,0
217,2,22,575,2005,0
217,2,22,575,2006,0
217,2,22,575,2007,0
217,2,22,575,2008,0
217,2,22,575,2009,0
217,2,22,575,2010,0
217,2,22,575,2011,0
217,2,22,575,2012,0
217,2,22,575,2013,0
217,2,22,575,2014,0
217,2,22,575,2015,0
217,2,22,575,2016,0
217,2,27,575,1990,0
217,2,27,575,1991,0
217,2,27,575,1992,0
217,2,27,575,1993,0
217,2,27,575,1994,0
217,2,27,575,1995,0
217,2,27,575,1996,0
217,2,27,575,1997,0
217,2,27,575,1998,0
217,2,27,575,1999,0
217,2,27,575,2000,0
217,2,27,575,2001,0
217,2,27,575,2002,0
217,2,27,575,2003,0
217,2,27,575,2004,0
217,2,27,575,2005,0
217,2,27,575,2006,0
217,2,27,575,2007,0
217,2,27,575,2008,0
217,2,27,575,2009,0
217,2,27,575,2010,0
217,2,27,575,2011,0
217,2,27,575,2012,0
217,2,27,575,2013,0
217,2,27,575,2014,0
217,2,27,575,2015,0
217,2,27,575,2016,0
217,3,22,575,1990,0
217,3,22,575,1991,0
217,3,22,575,1992,0
217,3,22,575,1993,0
217,3,22,575,1994,0
217,3,22,575,1995,0
217,3,22,575,1996,0
217,3,22,575,1997,0
217,3,22,575,1998,0
217,3,22,575,1999,0
217,3,22,575,2000,0
217,3,22,575,2001,0
217,3,22,575,2002,0
217,3,22,575,2003,0
217,3,22,575,2004,0
217,3,22,575,2005,0
217,3,22,575,2006,0
217,3,22,575,2007,0
217,3,22,575,2008,0
217,3,22,575,2009,0
217,3,22,575,2010,0
217,3,22,575,2011,0
217,3,22,575,2012,0
217,3,22,575,2013,0
217,3,22,575,2014,0
217,3,22,575,2015,0
217,3,22,575,2016,0
217,3,27,575,1990,0
217,3,27,575,1991,0
217,3,27,575,1992,0
217,3,27,575,1993,0
217,3,27,575,1994,0
217,3,27,575,1995,0
217,3,27,575,1996,0
217,3,27,575,1997,0
217,3,27,575,1998,0
217,3,27,575,1999,0
217,3,27,575,2000,0
217,3,27,575,2001,0
217,3,27,575,2002,0
217,3,27,575,2003,0
217,3,27,575,2004,0
217,3,27,575,2005,0
217,3,27,575,2006,0
217,3,27,575,2007,0
217,3,27,575,2008,0
217,3,27,575,2009,0
217,3,27,575,2010,0
217,3,27,575,2011,0
217,3,27,575,2012,0
217,3,27,575,2013,0
217,3,27,575,2014,0
217,3,27,575,2015,0
217,3,27,575,2016,0
218,1,22,575,1990,0
218,1,22,575,1991,0
218,1,22,575,1992,0
218,1,22,575,1993,0
218,1,22,575,1994,0
218,1,22,575,1995,0
218,1,22,575,1996,0
218,1,22,575,1997,0
218,1,22,575,1998,0
218,1,22,575,1999,0
218,1,22,575,2000,0
218,1,22,575,2001,0
218,1,22,575,2002,0
218,1,22,575,2003,0
218,1,22,575,2004,0
218,1,22,575,2005,0
218,1,22,575,2006,0
218,1,22,575,2007,0
218,1,22,575,2008,0
218,1,22,575,2009,0
218,1,22,575,2010,0
218,1,22,575,2011,0
218,1,22,575,2012,0
218,1,22,575,2013,0
218,1,22,575,2014,0
218,1,22,575,2015,0
218,1,22,575,2016,0
218,1,27,575,1990,0
218,1,27,575,1991,0
218,1,27,575,1992,0
218,1,27,575,1993,0
218,1,27,575,1994,0
218,1,27,575,1995,0
218,1,27,575,1996,0
218,1,27,575,1997,0
218,1,27,575,1998,0
218,1,27,575,1999,0
218,1,27,575,2000,0
218,1,27,575,2001,0
218,1,27,575,2002,0
218,1,27,575,2003,0
218,1,27,575,2004,0
218,1,27,575,2005,0
218,1,27,575,2006,0
218,1,27,575,2007,0
218,1,27,575,2008,0
218,1,27,575,2009,0
218,1,27,575,2010,0
218,1,27,575,2011,0
218,1,27,575,2012,0
218,1,27,575,2013,0
218,1,27,575,2014,0
218,1,27,575,2015,0
218,1,27,575,2016,0
218,2,22,575,1990,0
218,2,22,575,1991,0
218,2,22,575,1992,0
218,2,22,575,1993,0
218,2,22,575,1994,0
218,2,22,575,1995,0
218,2,22,575,1996,0
218,2,22,575,1997,0
218,2,22,575,1998,0
218,2,22,575,1999,0
218,2,22,575,2000,0
218,2,22,575,2001,0
218,2,22,575,2002,0
218,2,22,575,2003,0
218,2,22,575,2004,0
218,2,22,575,2005,0
218,2,22,575,2006,0
218,2,22,575,2007,0
218,2,22,575,2008,0
218,2,22,575,2009,0
218,2,22,575,2010,0
218,2,22,575,2011,0
218,2,22,575,2012,0
218,2,22,575,2013,0
218,2,22,575,2014,0
218,2,22,575,2015,0
218,2,22,575,2016,0
218,2,27,575,1990,0
218,2,27,575,1991,0
218,2,27,575,1992,0
218,2,27,575,1993,0
218,2,27,575,1994,0
218,2,27,575,1995,0
218,2,27,575,1996,0
218,2,27,575,1997,0
218,2,27,575,1998,0
218,2,27,575,1999,0
218,2,27,575,2000,0
218,2,27,575,2001,0
218,2,27,575,2002,0
218,2,27,575,2003,0
218,2,27,575,2004,0
218,2,27,575,2005,0
218,2,27,575,2006,0
218,2,27,575,2007,0
218,2,27,575,2008,0
218,2,27,575,2009,0
218,2,27,575,2010,0
218,2,27,575,2011,0
218,2,27,575,2012,0
218,2,27,575,2013,0
218,2,27,575,2014,0
218,2,27,575,2015,0
218,2,27,575,2016,0
218,3,22,575,1990,0
218,3,22,575,1991,0
218,3,22,575,1992,0
218,3,22,575,1993,0
218,3,22,575,1994,0
218,3,22,575,1995,0
218,3,22,575,1996,0
218,3,22,575,1997,0
218,3,22,575,1998,0
218,3,22,575,1999,0
218,3,22,575,2000,0
218,3,22,575,2001,0
218,3,22,575,2002,0
218,3,22,575,2003,0
218,3,22,575,2004,0
218,3,22,575,2005,0
218,3,22,575,2006,0
218,3,22,575,2007,0
218,3,22,575,2008,0
218,3,22,575,2009,0
218,3,22,575,2010,0
218,3,22,575,2011,0
218,3,22,575,2012,0
218,3,22,575,2013,0
218,3,22,575,2014,0
218,3,22,575,2015,0
218,3,22,575,2016,0
218,3,27,575,1990,0
218,3,27,575,1991,0
218,3,27,575,1992,0
218,3,27,575,1993,0
218,3,27,575,1994,0
218,3,27,575,1995,0
218,3,27,575,1996,0
218,3,27,575,1997,0
218,3,27,575,1998,0
218,3,27,575,1999,0
218,3,27,575,2000,0
218,3,27,575,2001,0
218,3,27,575,2002,0
218,3,27,575,2003,0
218,3,27,575,2004,0
218,3,27,575,2005,0
218,3,27,575,2006,0
218,3,27,575,2007,0
218,3,27,575,2008,0
218,3,27,575,2009,0
218,3,27,575,2010,0
218,3,27,575,2011,0
218,3,27,575,2012,0
218,3,27,575,2013,0
218,3,27,575,2014,0
218,3,27,575,2015,0
218,3,27,575,2016,0
298,1,22,575,1990,0
298,1,22,575,1991,0
298,1,22,575,1992,0
298,1,22,575,1993,0
298,1,22,575,1994,0
298,1,22,575,1995,0
298,1,22,575,1996,0
298,1,22,575,1997,0
298,1,22,575,1998,0
298,1,22,575,1999,0
298,1,22,575,2000,0
298,1,22,575,2001,0
298,1,22,575,2002,0
298,1,22,575,2003,0
298,1,22,575,2004,0
298,1,22,575,2005,0
298,1,22,575,2006,0
298,1,22,575,2007,0
298,1,22,575,2008,0
298,1,22,575,2009,0
298,1,22,575,2010,0
298,1,22,575,2011,0
298,1,22,575,2012,0
298,1,22,575,2013,0
298,1,22,575,2014,0
298,1,22,575,2015,0
298,1,22,575,2016,0
298,1,27,575,1990,0
298,1,27,575,1991,0
298,1,27,575,1992,0
298,1,27,575,1993,0
298,1,27,575,1994,0
298,1,27,575,1995,0
298,1,27,575,1996,0
298,1,27,575,1997,0
298,1,27,575,1998,0
298,1,27,575,1999,0
298,1,27,575,2000,0
298,1,27,575,2001,0
298,1,27,575,2002,0
298,1,27,575,2003,0
298,1,27,575,2004,0
298,1,27,575,2005,0
298,1,27,575,2006,0
298,1,27,575,2007,0
298,1,27,575,2008,0
298,1,27,575,2009,0
298,1,27,575,2010,0
298,1,27,575,2011,0
298,1,27,575,2012,0
298,1,27,575,2013,0
298,1,27,575,2014,0
298,1,27,575,2015,0
298,1,27,575,2016,0
298,2,22,575,1990,0
298,2,22,575,1991,0
298,2,22,575,1992,0
298,2,22,575,1993,0
298,2,22,575,1994,0
298,2,22,575,1995,0
298,2,22,575,1996,0
298,2,22,575,1997,0
298,2,22,575,1998,0
298,2,22,575,1999,0
298,2,22,575,2000,0
298,2,22,575,2001,0
298,2,22,575,2002,0
298,2,22,575,2003,0
298,2,22,575,2004,0
298,2,22,575,2005,0
298,2,22,575,2006,0
298,2,22,575,2007,0
298,2,22,575,2008,0
298,2,22,575,2009,0
298,2,22,575,2010,0
298,2,22,575,2011,0
298,2,22,575,2012,0
298,2,22,575,2013,0
298,2,22,575,2014,0
298,2,22,575,2015,0
298,2,22,575,2016,0
298,2,27,575,1990,0
298,2,27,575,1991,0
298,2,27,575,1992,0
298,2,27,575,1993,0
298,2,27,575,1994,0
298,2,27,575,1995,0
298,2,27,575,1996,0
298,2,27,575,1997,0
298,2,27,575,1998,0
298,2,27,575,1999,0
298,2,27,575,2000,0
298,2,27,575,2001,0
298,2,27,575,2002,0
298,2,27,575,2003,0
298,2,27,575,2004,0
298,2,27,575,2005,0
298,2,27,575,2006,0
298,2,27,575,2007,0
298,2,27,575,2008,0
298,2,27,575,2009,0
298,2,27,575,2010,0
298,2,27,575,2011,0
298,2,27,575,2012,0
298,2,27,575,2013,0
298,2,27,575,2014,0
298,2,27,575,2015,0
298,2,27,575,2016,0
298,3,22,575,1990,0
298,3,22,575,1991,0
298,3,22,575,1992,0
298,3,22,575,1993,0
298,3,22,575,1994,0
298,3,22,575,1995,0
298,3,22,575,1996,0
298,3,22,575,1997,0
298,3,22,575,1998,0
298,3,22,575,1999,0
298,3,22,575,2000,0
298,3,22,575,2001,0
298,3,22,575,2002,0
298,3,22,575,2003,0
298,3,22,575,2004,0
298,3,22,575,2005,0
298,3,22,575,2006,0
298,3,22,575,2007,0
298,3,22,575,2008,0
298,3,22,575,2009,0
298,3,22,575,2010,0
298,3,22,575,2011,0
298,3,22,575,2012,0
298,3,22,575,2013,0
298,3,22,575,2014,0
298,3,22,575,2015,0
298,3,22,575,2016,0
298,3,27,575,1990,0
298,3,27,575,1991,0
298,3,27,575,1992,0
298,3,27,575,1993,0
298,3,27,575,1994,0
298,3,27,575,1995,0
298,3,27,575,1996,0
298,3,27,575,1997,0
298,3,27,575,1998,0
298,3,27,575,1999,0
298,3,27,575,2000,0
298,3,27,575,2001,0
298,3,27,575,2002,0
298,3,27,575,2003,0
298,3,27,575,2004,0
298,3,27,575,2005,0
298,3,27,575,2006,0
298,3,27,575,2007,0
298,3,27,575,2008,0
298,3,27,575,2009,0
298,3,27,575,2010,0
298,3,27,575,2011,0
298,3,27,575,2012,0
298,3,27,575,2013,0
298,3,27,575,2014,0
298,3,27,575,2015,0
298,3,27,575,2016,0
305,1,22,575,1990,0
305,1,22,575,1991,0
305,1,22,575,1992,0
305,1,22,575,1993,0
305,1,22,575,1994,0
305,1,22,575,1995,0
305,1,22,575,1996,0
305,1,22,575,1997,0
305,1,22,575,1998,0
305,1,22,575,1999,0
305,1,22,575,2000,0
305,1,22,575,2001,0
305,1,22,575,2002,0
305,1,22,575,2003,0
305,1,22,575,2004,0
305,1,22,575,2005,0
305,1,22,575,2006,0
305,1,22,575,2007,0
305,1,22,575,2008,0
305,1,22,575,2009,0
305,1,22,575,2010,0
305,1,22,575,2011,0
305,1,22,575,2012,0
305,1,22,575,2013,0
305,1,22,575,2014,0
305,1,22,575,2015,0
305,1,22,575,2016,0
305,1,27,575,1990,0
305,1,27,575,1991,0
305,1,27,575,1992,0
305,1,27,575,1993,0
305,1,27,575,1994,0
305,1,27,575,1995,0
305,1,27,575,1996,0
305,1,27,575,1997,0
305,1,27,575,1998,0
305,1,27,575,1999,0
305,1,27,575,2000,0
305,1,27,575,2001,0
305,1,27,575,2002,0
305,1,27,575,2003,0
305,1,27,575,2004,0
305,1,27,575,2005,0
305,1,27,575,2006,0
305,1,27,575,2007,0
305,1,27,575,2008,0
305,1,27,575,2009,0
305,1,27,575,2010,0
305,1,27,575,2011,0
305,1,27,575,2012,0
305,1,27,575,2013,0
305,1,27,575,2014,0
305,1,27,575,2015,0
305,1,27,575,2016,0
305,2,22,575,1990,0
305,2,22,575,1991,0
305,2,22,575,1992,0
305,2,22,575,1993,0
305,2,22,575,1994,0
305,2,22,575,1995,0
305,2,22,575,1996,0
305,2,22,575,1997,0
305,2,22,575,1998,0
305,2,22,575,1999,0
305,2,22,575,2000,0
305,2,22,575,2001,0
305,2,22,575,2002,0
305,2,22,575,2003,0
305,2,22,575,2004,0
305,2,22,575,2005,0
305,2,22,575,2006,0
305,2,22,575,2007,0
305,2,22,575,2008,0
305,2,22,575,2009,0
305,2,22,575,2010,0
305,2,22,575,2011,0
305,2,22,575,2012,0
305,2,22,575,2013,0
305,2,22,575,2014,0
305,2,22,575,2015,0
305,2,22,575,2016,0
305,2,27,575,1990,0
305,2,27,575,1991,0
305,2,27,575,1992,0
305,2,27,575,1993,0
305,2,27,575,1994,0
305,2,27,575,1995,0
305,2,27,575,1996,0
305,2,27,575,1997,0
305,2,27,575,1998,0
305,2,27,575,1999,0
305,2,27,575,2000,0
305,2,27,575,2001,0
305,2,27,575,2002,0
305,2,27,575,2003,0
305,2,27,575,2004,0
305,2,27,575,2005,0
305,2,27,575,2006,0
305,2,27,575,2007,0
305,2,27,575,2008,0
305,2,27,575,2009,0
305,2,27,575,2010,0
305,2,27,575,2011,0
305,2,27,575,2012,0
305,2,27,575,2013,0
305,2,27,575,2014,0
305,2,27,575,2015,0
305,2,27,575,2016,0
305,3,22,575,1990,0
305,3,22,575,1991,0
305,3,22,575,1992,0
305,3,22,575,1993,0
305,3,22,575,1994,0
305,3,22,575,1995,0
305,3,22,575,1996,0
305,3,22,575,1997,0
305,3,22,575,1998,0
305,3,22,575,1999,0
305,3,22,575,2000,0
305,3,22,575,2001,0
305,3,22,575,2002,0
305,3,22,575,2003,0
305,3,22,575,2004,0
305,3,22,575,2005,0
305,3,22,575,2006,0
305,3,22,575,2007,0
305,3,22,575,2008,0
305,3,22,575,2009,0
305,3,22,575,2010,0
305,3,22,575,2011,0
305,3,22,575,2012,0
305,3,22,575,2013,0
305,3,22,575,2014,0
305,3,22,575,2015,0
305,3,22,575,2016,0
305,3,27,575,1990,0
305,3,27,575,1991,0
305,3,27,575,1992,0
305,3,27,575,1993,0
305,3,27,575,1994,0
305,3,27,575,1995,0
305,3,27,575,1996,0
305,3,27,575,1997,0
305,3,27,575,1998,0
305,3,27,575,1999,0
305,3,27,575,2000,0
305,3,27,575,2001,0
305,3,27,575,2002,0
305,3,27,575,2003,0
305,3,27,575,2004,0
305,3,27,575,2005,0
305,3,27,575,2006,0
305,3,27,575,2007,0
305,3,27,575,2008,0
305,3,27,575,2009,0
305,3,27,575,2010,0
305,3,27,575,2011,0
305,3,27,575,2012,0
305,3,27,575,2013,0
305,3,27,575,2014,0
305,3,27,575,2015,0
305,3,27,575,2016,0
349,1,22,575,1990,0
349,1,22,575,1991,0
349,1,22,575,1992,0
349,1,22,575,1993,0
349,1,22,575,1994,0
349,1,22,575,1995,0
349,1,22,575,1996,0
349,1,22,575,1997,0
349,1,22,575,1998,0
349,1,22,575,1999,0
349,1,22,575,2000,0
349,1,22,575,2001,0
349,1,22,575,2002,0
349,1,22,575,2003,0
349,1,22,575,2004,0
349,1,22,575,2005,0
349,1,22,575,2006,0
349,1,22,575,2007,0
349,1,22,575,2008,0
349,1,22,575,2009,0
349,1,22,575,2010,0
349,1,22,575,2011,0
349,1,22,575,2012,0
349,1,22,575,2013,0
349,1,22,575,2014,0
349,1,22,575,2015,0
349,1,22,575,2016,0
349,1,27,575,1990,0
349,1,27,575,1991,0
349,1,27,575,1992,0
349,1,27,575,1993,0
349,1,27,575,1994,0
349,1,27,575,1995,0
349,1,27,575,1996,0
349,1,27,575,1997,0
349,1,27,575,1998,0
349,1,27,575,1999,0
349,1,27,575,2000,0
349,1,27,575,2001,0
349,1,27,575,2002,0
349,1,27,575,2003,0
349,1,27,575,2004,0
349,1,27,575,2005,0
349,1,27,575,2006,0
349,1,27,575,2007,0
349,1,27,575,2008,0
349,1,27,575,2009,0
349,1,27,575,2010,0
349,1,27,575,2011,0
349,1,27,575,2012,0
349,1,27,575,2013,0
349,1,27,575,2014,0
349,1,27,575,2015,0
349,1,27,575,2016,0
349,2,22,575,1990,0
349,2,22,575,1991,0
349,2,22,575,1992,0
349,2,22,575,1993,0
349,2,22,575,1994,0
349,2,22,575,1995,0
349,2,22,575,1996,0
349,2,22,575,1997,0
349,2,22,575,1998,0
349,2,22,575,1999,0
349,2,22,575,2000,0
349,2,22,575,2001,0
349,2,22,575,2002,0
349,2,22,575,2003,0
349,2,22,575,2004,0
349,2,22,575,2005,0
349,2,22,575,2006,0
349,2,22,575,2007,0
349,2,22,575,2008,0
349,2,22,575,2009,0
349,2,22,575,2010,0
349,2,22,575,2011,0
349,2,22,575,2012,0
349,2,22,575,2013,0
349,2,22,575,2014,0
349,2,22,575,2015,0
349,2,22,575,2016,0
349,2,27,575,1990,0
349,2,27,575,1991,0
349,2,27,575,1992,0
349,2,27,575,1993,0
349,2,27,575,1994,0
349,2,27,575,1995,0
349,2,27,575,1996,0
349,2,27,575,1997,0
349,2,27,575,1998,0
349,2,27,575,1999,0
349,2,27,575,2000,0
349,2,27,575,2001,0
349,2,27,575,2002,0
349,2,27,575,2003,0
349,2,27,575,2004,0
349,2,27,575,2005,0
349,2,27,575,2006,0
349,2,27,575,2007,0
349,2,27,575,2008,0
349,2,27,575,2009,0
349,2,27,575,2010,0
349,2,27,575,2011,0
349,2,27,575,2012,0
349,2,27,575,2013,0
349,2,27,575,2014,0
349,2,27,575,2015,0
349,2,27,575,2016,0
349,3,22,575,1990,0
349,3,22,575,1991,0
349,3,22,575,1992,0
349,3,22,575,1993,0
349,3,22,575,1994,0
349,3,22,575,1995,0
349,3,22,575,1996,0
349,3,22,575,1997,0
349,3,22,575,1998,0
349,3,22,575,1999,0
349,3,22,575,2000,0
349,3,22,575,2001,0
349,3,22,575,2002,0
349,3,22,575,2003,0
349,3,22,575,2004,0
349,3,22,575,2005,0
349,3,22,575,2006,0
349,3,22,575,2007,0
349,3,22,575,2008,0
349,3,22,575,2009,0
349,3,22,575,2010,0
349,3,22,575,2011,0
349,3,22,575,2012,0
349,3,22,575,2013,0
349,3,22,575,2014,0
349,3,22,575,2015,0
349,3,22,575,2016,0
349,3,27,575,1990,0
349,3,27,575,1991,0
349,3,27,575,1992,0
349,3,27,575,1993,0
349,3,27,575,1994,0
349,3,27,575,1995,0
349,3,27,575,1996,0
349,3,27,575,1997,0
349,3,27,575,1998,0
349,3,27,575,1999,0
349,3,27,575,2000,0
349,3,27,575,2001,0
349,3,27,575,2002,0
349,3,27,575,2003,0
349,3,27,575,2004,0
349,3,27,575,2005,0
349,3,27,575,2006,0
349,3,27,575,2007,0
349,3,27,575,2008,0
349,3,27,575,2009,0
349,3,27,575,2010,0
349,3,27,575,2011,0
349,3,27,575,2012,0
349,3,27,575,2013,0
349,3,27,575,2014,0
349,3,27,575,2015,0
349,3,27,575,2016,0
351,1,22,575,1990,0
351,1,22,575,1991,0
351,1,22,575,1992,0
351,1,22,575,1993,0
351,1,22,575,1994,0
351,1,22,575,1995,0
351,1,22,575,1996,0
351,1,22,575,1997,0
351,1,22,575,1998,0
351,1,22,575,1999,0
351,1,22,575,2000,0
351,1,22,575,2001,0
351,1,22,575,2002,0
351,1,22,575,2003,0
351,1,22,575,2004,0
351,1,22,575,2005,0
351,1,22,575,2006,0
351,1,22,575,2007,0
351,1,22,575,2008,0
351,1,22,575,2009,0
351,1,22,575,2010,0
351,1,22,575,2011,0
351,1,22,575,2012,0
351,1,22,575,2013,0
351,1,22,575,2014,0
351,1,22,575,2015,0
351,1,22,575,2016,0
351,1,27,575,1990,0
351,1,27,575,1991,0
351,1,27,575,1992,0
351,1,27,575,1993,0
351,1,27,575,1994,0
351,1,27,575,1995,0
351,1,27,575,1996,0
351,1,27,575,1997,0
351,1,27,575,1998,0
351,1,27,575,1999,0
351,1,27,575,2000,0
351,1,27,575,2001,0
351,1,27,575,2002,0
351,1,27,575,2003,0
351,1,27,575,2004,0
351,1,27,575,2005,0
351,1,27,575,2006,0
351,1,27,575,2007,0
351,1,27,575,2008,0
351,1,27,575,2009,0
351,1,27,575,2010,0
351,1,27,575,2011,0
351,1,27,575,2012,0
351,1,27,575,2013,0
351,1,27,575,2014,0
351,1,27,575,2015,0
351,1,27,575,2016,0
351,2,22,575,1990,0
351,2,22,575,1991,0
351,2,22,575,1992,0
351,2,22,575,1993,0
351,2,22,575,1994,0
351,2,22,575,1995,0
351,2,22,575,1996,0
351,2,22,575,1997,0
351,2,22,575,1998,0
351,2,22,575,1999,0
351,2,22,575,2000,0
351,2,22,575,2001,0
351,2,22,575,2002,0
351,2,22,575,2003,0
351,2,22,575,2004,0
351,2,22,575,2005,0
351,2,22,575,2006,0
351,2,22,575,2007,0
351,2,22,575,2008,0
351,2,22,575,2009,0
351,2,22,575,2010,0
351,2,22,575,2011,0
351,2,22,575,2012,0
351,2,22,575,2013,0
351,2,22,575,2014,0
351,2,22,575,2015,0
351,2,22,575,2016,0
351,2,27,575,1990,0
351,2,27,575,1991,0
351,2,27,575,1992,0
351,2,27,575,1993,0
351,2,27,575,1994,0
351,2,27,575,1995,0
351,2,27,575,1996,0
351,2,27,575,1997,0
351,2,27,575,1998,0
351,2,27,575,1999,0
351,2,27,575,2000,0
351,2,27,575,2001,0
351,2,27,575,2002,0
351,2,27,575,2003,0
351,2,27,575,2004,0
351,2,27,575,2005,0
351,2,27,575,2006,0
351,2,27,575,2007,0
351,2,27,575,2008,0
351,2,27,575,2009,0
351,2,27,575,2010,0
351,2,27,575,2011,0
351,2,27,575,2012,0
351,2,27,575,2013,0
351,2,27,575,2014,0
351,2,27,575,2015,0
351,2,27,575,2016,0
351,3,22,575,1990,0
351,3,22,575,1991,0
351,3,22,575,1992,0
351,3,22,575,1993,0
351,3,22,575,1994,0
351,3,22,575,1995,0
351,3,22,575,1996,0
351,3,22,575,1997,0
351,3,22,575,1998,0
351,3,22,575,1999,0
351,3,22,575,2000,0
351,3,22,575,2001,0
351,3,22,575,2002,0
351,3,22,575,2003,0
351,3,22,575,2004,0
351,3,22,575,2005,0
351,3,22,575,2006,0
351,3,22,575,2007,0
351,3,22,575,2008,0
351,3,22,575,2009,0
351,3,22,575,2010,0
351,3,22,575,2011,0
351,3,22,575,2012,0
351,3,22,575,2013,0
351,3,22,575,2014,0
351,3,22,575,2015,0
351,3,22,575,2016,0
351,3,27,575,1990,0
351,3,27,575,1991,0
351,3,27,575,1992,0
351,3,27,575,1993,0
351,3,27,575,1994,0
351,3,27,575,1995,0
351,3,27,575,1996,0
351,3,27,575,1997,0
351,3,27,575,1998,0
351,3,27,575,1999,0
351,3,27,575,2000,0
351,3,27,575,2001,0
351,3,27,575,2002,0
351,3,27,575,2003,0
351,3,27,575,2004,0
351,3,27,575,2005,0
351,3,27,575,2006,0
351,3,27,575,2007,0
351,3,27,575,2008,0
351,3,27,575,2009,0
351,3,27,575,2010,0
351,3,27,575,2011,0
351,3,27,575,2012,0
351,3,27,575,2013,0
351,3,27,575,2014,0
351,3,27,575,2015,0
351,3,27,575,2016,0
376,1,22,575,1990,0
376,1,22,575,1991,0
376,1,22,575,1992,0
376,1,22,575,1993,0
376,1,22,575,1994,0
376,1,22,575,1995,0
376,1,22,575,1996,0
376,1,22,575,1997,0
376,1,22,575,1998,0
376,1,22,575,1999,0
376,1,22,575,2000,0
376,1,22,575,2001,0
376,1,22,575,2002,0
376,1,22,575,2003,0
376,1,22,575,2004,0
376,1,22,575,2005,0
376,1,22,575,2006,0
376,1,22,575,2007,0
376,1,22,575,2008,0
376,1,22,575,2009,0
376,1,22,575,2010,0
376,1,22,575,2011,0
376,1,22,575,2012,0
376,1,22,575,2013,0
376,1,22,575,2014,0
376,1,22,575,2015,0
376,1,22,575,2016,0
376,1,27,575,1990,0
376,1,27,575,1991,0
376,1,27,575,1992,0
376,1,27,575,1993,0
376,1,27,575,1994,0
376,1,27,575,1995,0
376,1,27,575,1996,0
376,1,27,575,1997,0
376,1,27,575,1998,0
376,1,27,575,1999,0
376,1,27,575,2000,0
376,1,27,575,2001,0
376,1,27,575,2002,0
376,1,27,575,2003,0
376,1,27,575,2004,0
376,1,27,575,2005,0
376,1,27,575,2006,0
376,1,27,575,2007,0
376,1,27,575,2008,0
376,1,27,575,2009,0
376,1,27,575,2010,0
376,1,27,575,2011,0
376,1,27,575,2012,0
376,1,27,575,2013,0
376,1,27,575,2014,0
376,1,27,575,2015,0
376,1,27,575,2016,0
376,2,22,575,1990,0
376,2,22,575,1991,0
376,2,22,575,1992,0
376,2,22,575,1993,0
376,2,22,575,1994,0
376,2,22,575,1995,0
376,2,22,575,1996,0
376,2,22,575,1997,0
376,2,22,575,1998,0
376,2,22,575,1999,0
376,2,22,575,2000,0
376,2,22,575,2001,0
376,2,22,575,2002,0
376,2,22,575,2003,0
376,2,22,575,2004,0
376,2,22,575,2005,0
376,2,22,575,2006,0
376,2,22,575,2007,0
376,2,22,575,2008,0
376,2,22,575,2009,0
376,2,22,575,2010,0
376,2,22,575,2011,0
376,2,22,575,2012,0
376,2,22,575,2013,0
376,2,22,575,2014,0
376,2,22,575,2015,0
376,2,22,575,2016,0
376,2,27,575,1990,0
376,2,27,575,1991,0
376,2,27,575,1992,0
376,2,27,575,1993,0
376,2,27,575,1994,0
376,2,27,575,1995,0
376,2,27,575,1996,0
376,2,27,575,1997,0
376,2,27,575,1998,0
376,2,27,575,1999,0
376,2,27,575,2000,0
376,2,27,575,2001,0
376,2,27,575,2002,0
376,2,27,575,2003,0
376,2,27,575,2004,0
376,2,27,575,2005,0
376,2,27,575,2006,0
376,2,27,575,2007,0
376,2,27,575,2008,0
376,2,27,575,2009,0
376,2,27,575,2010,0
376,2,27,575,2011,0
376,2,27,575,2012,0
376,2,27,575,2013,0
376,2,27,575,2014,0
376,2,27,575,2015,0
376,2,27,575,2016,0
376,3,22,575,1990,0
376,3,22,575,1991,0
376,3,22,575,1992,0
376,3,22,575,1993,0
376,3,22,575,1994,0
376,3,22,575,1995,0
376,3,22,575,1996,0
376,3,22,575,1997,0
376,3,22,575,1998,0
376,3,22,575,1999,0
376,3,22,575,2000,0
376,3,22,575,2001,0
376,3,22,575,2002,0
376,3,22,575,2003,0
376,3,22,575,2004,0
376,3,22,575,2005,0
376,3,22,575,2006,0
376,3,22,575,2007,0
376,3,22,575,2008,0
376,3,22,575,2009,0
376,3,22,575,2010,0
376,3,22,575,2011,0
376,3,22,575,2012,0
376,3,22,575,2013,0
376,3,22,575,2014,0
376,3,22,575,2015,0
376,3,22,575,2016,0
376,3,27,575,1990,0
376,3,27,575,1991,0
376,3,27,575,1992,0
376,3,27,575,1993,0
376,3,27,575,1994,0
376,3,27,575,1995,0
376,3,27,575,1996,0
376,3,27,575,1997,0
376,3,27,575,1998,0
376,3,27,575,1999,0
376,3,27,575,2000,0
376,3,27,575,2001,0
376,3,27,575,2002,0
376,3,27,575,2003,0
376,3,27,575,2004,0
376,3,27,575,2005,0
376,3,27,575,2006,0
376,3,27,575,2007,0
376,3,27,575,2008,0
376,3,27,575,2009,0
376,3,27,575,2010,0
376,3,27,575,2011,0
376,3,27,575,2012,0
376,3,27,575,2013,0
376,3,27,575,2014,0
376,3,27,575,2015,0
376,3,27,575,2016,0
385,1,22,575,1990,0
385,1,22,575,1991,0
385,1,22,575,1992,0
385,1,22,575,1993,0
385,1,22,575,1994,0
385,1,22,575,1995,0
385,1,22,575,1996,0
385,1,22,575,1997,0
385,1,22,575,1998,0
385,1,22,575,1999,0
385,1,22,575,2000,0
385,1,22,575,2001,0
385,1,22,575,2002,0
385,1,22,575,2003,0
385,1,22,575,2004,0
385,1,22,575,2005,0
385,1,22,575,2006,0
385,1,22,575,2007,0
385,1,22,575,2008,0
385,1,22,575,2009,0
385,1,22,575,2010,0
385,1,22,575,2011,0
385,1,22,575,2012,0
385,1,22,575,2013,0
385,1,22,575,2014,0
385,1,22,575,2015,0
385,1,22,575,2016,0
385,1,27,575,1990,0
385,1,27,575,1991,0
385,1,27,575,1992,0
385,1,27,575,1993,0
385,1,27,575,1994,0
385,1,27,575,1995,0
385,1,27,575,1996,0
385,1,27,575,1997,0
385,1,27,575,1998,0
385,1,27,575,1999,0
385,1,27,575,2000,0
385,1,27,575,2001,0
385,1,27,575,2002,0
385,1,27,575,2003,0
385,1,27,575,2004,0
385,1,27,575,2005,0
385,1,27,575,2006,0
385,1,27,575,2007,0
385,1,27,575,2008,0
385,1,27,575,2009,0
385,1,27,575,2010,0
385,1,27,575,2011,0
385,1,27,575,2012,0
385,1,27,575,2013,0
385,1,27,575,2014,0
385,1,27,575,2015,0
385,1,27,575,2016,0
385,2,22,575,1990,0
385,2,22,575,1991,0
385,2,22,575,1992,0
385,2,22,575,1993,0
385,2,22,575,1994,0
385,2,22,575,1995,0
385,2,22,575,1996,0
385,2,22,575,1997,0
385,2,22,575,1998,0
385,2,22,575,1999,0
385,2,22,575,2000,0
385,2,22,575,2001,0
385,2,22,575,2002,0
385,2,22,575,2003,0
385,2,22,575,2004,0
385,2,22,575,2005,0
385,2,22,575,2006,0
385,2,22,575,2007,0
385,2,22,575,2008,0
385,2,22,575,2009,0
385,2,22,575,2010,0
385,2,22,575,2011,0
385,2,22,575,2012,0
385,2,22,575,2013,0
385,2,22,575,2014,0
385,2,22,575,2015,0
385,2,22,575,2016,0
385,2,27,575,1990,0
385,2,27,575,1991,0
385,2,27,575,1992,0
385,2,27,575,1993,0
385,2,27,575,1994,0
385,2,27,575,1995,0
385,2,27,575,1996,0
385,2,27,575,1997,0
385,2,27,575,1998,0
385,2,27,575,1999,0
385,2,27,575,2000,0
385,2,27,575,2001,0
385,2,27,575,2002,0
385,2,27,575,2003,0
385,2,27,575,2004,0
385,2,27,575,2005,0
385,2,27,575,2006,0
385,2,27,575,2007,0
385,2,27,575,2008,0
385,2,27,575,2009,0
385,2,27,575,2010,0
385,2,27,575,2011,0
385,2,27,575,2012,0
385,2,27,575,2013,0
385,2,27,575,2014,0
385,2,27,575,2015,0
385,2,27,575,2016,0
385,3,22,575,1990,0
385,3,22,575,1991,0
385,3,22,575,1992,0
385,3,22,575,1993,0
385,3,22,575,1994,0
385,3,22,575,1995,0
385,3,22,575,1996,0
385,3,22,575,1997,0
385,3,22,575,1998,0
385,3,22,575,1999,0
385,3,22,575,2000,0
385,3,22,575,2001,0
385,3,22,575,2002,0
385,3,22,575,2003,0
385,3,22,575,2004,0
385,3,22,575,2005,0
385,3,22,575,2006,0
385,3,22,575,2007,0
385,3,22,575,2008,0
385,3,22,575,2009,0
385,3,22,575,2010,0
385,3,22,575,2011,0
385,3,22,575,2012,0
385,3,22,575,2013,0
385,3,22,575,2014,0
385,3,22,575,2015,0
385,3,22,575,2016,0
385,3,27,575,1990,0
385,3,27,575,1991,0
385,3,27,575,1992,0
385,3,27,575,1993,0
385,3,27,575,1994,0
385,3,27,575,1995,0
385,3,27,575,1996,0
385,3,27,575,1997,0
385,3,27,575,1998,0
385,3,27,575,1999,0
385,3,27,575,2000,0
385,3,27,575,2001,0
385,3,27,575,2002,0
385,3,27,575,2003,0
385,3,27,575,2004,0
385,3,27,575,2005,0
385,3,27,575,2006,0
385,3,27,575,2007,0
385,3,27,575,2008,0
385,3,27,575,2009,0
385,3,27,575,2010,0
385,3,27,575,2011,0
385,3,27,575,2012,0
385,3,27,575,2013,0
385,3,27,575,2014,0
385,3,27,575,2015,0
385,3,27,575,2016,0
435,1,22,575,1990,0
435,1,22,575,1991,0
435,1,22,575,1992,0
435,1,22,575,1993,0
435,1,22,575,1994,0
435,1,22,575,1995,0
435,1,22,575,1996,0
435,1,22,575,1997,0
435,1,22,575,1998,0
435,1,22,575,1999,0
435,1,22,575,2000,0
435,1,22,575,2001,0
435,1,22,575,2002,0
435,1,22,575,2003,0
435,1,22,575,2004,0
435,1,22,575,2005,0
435,1,22,575,2006,0
435,1,22,575,2007,0
435,1,22,575,2008,0
435,1,22,575,2009,0
435,1,22,575,2010,0
435,1,22,575,2011,0
435,1,22,575,2012,0
435,1,22,575,2013,0
435,1,22,575,2014,0
435,1,22,575,2015,0
435,1,22,575,2016,0
435,1,27,575,1990,0
435,1,27,575,1991,0
435,1,27,575,1992,0
435,1,27,575,1993,0
435,1,27,575,1994,0
435,1,27,575,1995,0
435,1,27,575,1996,0
435,1,27,575,1997,0
435,1,27,575,1998,0
435,1,27,575,1999,0
435,1,27,575,2000,0
435,1,27,575,2001,0
435,1,27,575,2002,0
435,1,27,575,2003,0
435,1,27,575,2004,0
435,1,27,575,2005,0
435,1,27,575,2006,0
435,1,27,575,2007,0
435,1,27,575,2008,0
435,1,27,575,2009,0
435,1,27,575,2010,0
435,1,27,575,2011,0
435,1,27,575,2012,0
435,1,27,575,2013,0
435,1,27,575,2014,0
435,1,27,575,2015,0
435,1,27,575,2016,0
435,2,22,575,1990,0
435,2,22,575,1991,0
435,2,22,575,1992,0
435,2,22,575,1993,0
435,2,22,575,1994,0
435,2,22,575,1995,0
435,2,22,575,1996,0
435,2,22,575,1997,0
435,2,22,575,1998,0
435,2,22,575,1999,0
435,2,22,575,2000,0
435,2,22,575,2001,0
435,2,22,575,2002,0
435,2,22,575,2003,0
435,2,22,575,2004,0
435,2,22,575,2005,0
435,2,22,575,2006,0
435,2,22,575,2007,0
435,2,22,575,2008,0
435,2,22,575,2009,0
435,2,22,575,2010,0
435,2,22,575,2011,0
435,2,22,575,2012,0
435,2,22,575,2013,0
435,2,22,575,2014,0
435,2,22,575,2015,0
435,2,22,575,2016,0
435,2,27,575,1990,0
435,2,27,575,1991,0
435,2,27,575,1992,0
435,2,27,575,1993,0
435,2,27,575,1994,0
435,2,27,575,1995,0
435,2,27,575,1996,0
435,2,27,575,1997,0
435,2,27,575,1998,0
435,2,27,575,1999,0
435,2,27,575,2000,0
435,2,27,575,2001,0
435,2,27,575,2002,0
435,2,27,575,2003,0
435,2,27,575,2004,0
435,2,27,575,2005,0
435,2,27,575,2006,0
435,2,27,575,2007,0
435,2,27,575,2008,0
435,2,27,575,2009,0
435,2,27,575,2010,0
435,2,27,575,2011,0
435,2,27,575,2012,0
435,2,27,575,2013,0
435,2,27,575,2014,0
435,2,27,575,2015,0
435,2,27,575,2016,0
435,3,22,575,1990,0
435,3,22,575,1991,0
435,3,22,575,1992,0
435,3,22,575,1993,0
435,3,22,575,1994,0
435,3,22,575,1995,0
435,3,22,575,1996,0
435,3,22,575,1997,0
435,3,22,575,1998,0
435,3,22,575,1999,0
435,3,22,575,2000,0
435,3,22,575,2001,0
435,3,22,575,2002,0
435,3,22,575,2003,0
435,3,22,575,2004,0
435,3,22,575,2005,0
435,3,22,575,2006,0
435,3,22,575,2007,0
435,3,22,575,2008,0
435,3,22,575,2009,0
435,3,22,575,2010,0
435,3,22,575,2011,0
435,3,22,575,2012,0
435,3,22,575,2013,0
435,3,22,575,2014,0
435,3,22,575,2015,0
435,3,22,575,2016,0
435,3,27,575,1990,0
435,3,27,575,1991,0
435,3,27,575,1992,0
435,3,27,575,1993,0
435,3,27,575,1994,0
435,3,27,575,1995,0
435,3,27,575,1996,0
435,3,27,575,1997,0
435,3,27,575,1998,0
435,3,27,575,1999,0
435,3,27,575,2000,0
435,3,27,575,2001,0
435,3,27,575,2002,0
435,3,27,575,2003,0
435,3,27,575,2004,0
435,3,27,575,2005,0
435,3,27,575,2006,0
435,3,27,575,2007,0
435,3,27,575,2008,0
435,3,27,575,2009,0
435,3,27,575,2010,0
435,3,27,575,2011,0
435,3,27,575,2012,0
435,3,27,575,2013,0
435,3,27,575,2014,0
435,3,27,575,2015,0
435,3,27,575,2016,0
522,1,22,575,1990,0
522,1,22,575,1991,0
522,1,22,575,1992,0
522,1,22,575,1993,0
522,1,22,575,1994,0
522,1,22,575,1995,0
522,1,22,575,1996,0
522,1,22,575,1997,0
522,1,22,575,1998,0
522,1,22,575,1999,0
522,1,22,575,2000,0
522,1,22,575,2001,0
522,1,22,575,2002,0
522,1,22,575,2003,0
522,1,22,575,2004,0
522,1,22,575,2005,0
522,1,22,575,2006,0
522,1,22,575,2007,0
522,1,22,575,2008,0
522,1,22,575,2009,0
522,1,22,575,2010,0
522,1,22,575,2011,0
522,1,22,575,2012,0
522,1,22,575,2013,0
522,1,22,575,2014,0
522,1,22,575,2015,0
522,1,22,575,2016,0
522,1,27,575,1990,0
522,1,27,575,1991,0
522,1,27,575,1992,0
522,1,27,575,1993,0
522,1,27,575,1994,0
522,1,27,575,1995,0
522,1,27,575,1996,0
522,1,27,575,1997,0
522,1,27,575,1998,0
522,1,27,575,1999,0
522,1,27,575,2000,0
522,1,27,575,2001,0
522,1,27,575,2002,0
522,1,27,575,2003,0
522,1,27,575,2004,0
522,1,27,575,2005,0
522,1,27,575,2006,0
522,1,27,575,2007,0
522,1,27,575,2008,0
522,1,27,575,2009,0
522,1,27,575,2010,0
522,1,27,575,2011,0
522,1,27,575,2012,0
522,1,27,575,2013,0
522,1,27,575,2014,0
522,1,27,575,2015,0
522,1,27,575,2016,0
522,2,22,575,1990,0
522,2,22,575,1991,0
522,2,22,575,1992,0
522,2,22,575,1993,0
522,2,22,575,1994,0
522,2,22,575,1995,0
522,2,22,575,1996,0
522,2,22,575,1997,0
522,2,22,575,1998,0
522,2,22,575,1999,0
522,2,22,575,2000,0
522,2,22,575,2001,0
522,2,22,575,2002,0
522,2,22,575,2003,0
522,2,22,575,2004,0
522,2,22,575,2005,0
522,2,22,575,2006,0
522,2,22,575,2007,0
522,2,22,575,2008,0
522,2,22,575,2009,0
522,2,22,575,2010,0
522,2,22,575,2011,0
522,2,22,575,2012,0
522,2,22,575,2013,0
522,2,22,575,2014,0
522,2,22,575,2015,0
522,2,22,575,2016,0
522,2,27,575,1990,0
522,2,27,575,1991,0
522,2,27,575,1992,0
522,2,27,575,1993,0
522,2,27,575,1994,0
522,2,27,575,1995,0
522,2,27,575,1996,0
522,2,27,575,1997,0
522,2,27,575,1998,0
522,2,27,575,1999,0
522,2,27,575,2000,0
522,2,27,575,2001,0
522,2,27,575,2002,0
522,2,27,575,2003,0
522,2,27,575,2004,0
522,2,27,575,2005,0
522,2,27,575,2006,0
522,2,27,575,2007,0
522,2,27,575,2008,0
522,2,27,575,2009,0
522,2,27,575,2010,0
522,2,27,575,2011,0
522,2,27,575,2012,0
522,2,27,575,2013,0
522,2,27,575,2014,0
522,2,27,575,2015,0
522,2,27,575,2016,0
522,3,22,575,1990,0
522,3,22,575,1991,0
522,3,22,575,1992,0
522,3,22,575,1993,0
522,3,22,575,1994,0
522,3,22,575,1995,0
522,3,22,575,1996,0
522,3,22,575,1997,0
522,3,22,575,1998,0
522,3,22,575,1999,0
522,3,22,575,2000,0
522,3,22,575,2001,0
522,3,22,575,2002,0
522,3,22,575,2003,0
522,3,22,575,2004,0
522,3,22,575,2005,0
522,3,22,575,2006,0
522,3,22,575,2007,0
522,3,22,575,2008,0
522,3,22,575,2009,0
522,3,22,575,2010,0
522,3,22,575,2011,0
522,3,22,575,2012,0
522,3,22,575,2013,0
522,3,22,575,2014,0
522,3,22,575,2015,0
522,3,22,575,2016,0
522,3,27,575,1990,0
522,3,27,575,1991,0
522,3,27,575,1992,0
522,3,27,575,1993,0
522,3,27,575,1994,0
522,3,27,575,1995,0
522,3,27,575,1996,0
522,3,27,575,1997,0
522,3,27,575,1998,0
522,3,27,575,1999,0
522,3,27,575,2000,0
522,3,27,575,2001,0
522,3,27,575,2002,0
522,3,27,575,2003,0
522,3,27,575,2004,0
522,3,27,575,2005,0
522,3,27,575,2006,0
522,3,27,575,2007,0
522,3,27,575,2008,0
522,3,27,575,2009,0
522,3,27,575,2010,0
522,3,27,575,2011,0
522,3,27,575,2012,0
522,3,27,575,2013,0
522,3,27,575,2014,0
522,3,27,575,2015,0
522,3,27,575,2016,0
